15 0.317460 -0.031914
14 0.711864 0.398161
13 0.146450 -0.372781
10 0.337500 -0.168750
7 0.084589 0.042295
7 0.399524 0.000000
16 0.727273 -0.154270
15 0.423280 -0.423280
15 0.483871 -0.171696
14 1.000000 0.500000
13 1.000000 0.527273
10 1.000000 0.285714
9 0.729730 0.000000
8 0.941176 0.359862
8 0.727273 0.418733
2 0
2 0
16 0.881543 0.320561
16 0.984615 0.075740
15 0.233333 -0.700000
14 0.736842 -0.159434
12 0.489796 -0.389838
11 0.040684 -0.081368
11 0.488889 -0.162963
10 0.306122 -0.160350
9 0.486486 -0.144631
7 0.062222 -0.077778
4 0.249135 -0.124567
3 0.016386 -0.303141
3 0.166667 -0.083333
15 0.317460 -0.381288
13 1.000000 0.690579
13 0.146450 -0.372781
12 0.470588 0.000000
11 0.468085 0.000000
10 0.465116 0.000000
9 0.461538 0.000000
8 0.193772 -0.242215
7 0.903226 0.728408
7 0.099881 -0.199762
4 0.058620 -0.107470
4 0.140625 -0.281250
3 0.400000 0.346667
3 0.125000 -0.250000
17 0.914094 0.119230
15 0.327784 -0.163892
15 0.983607 0.406290
11 1.000000 0.043478
16 0.440771 -0.307204
15 0.714286 0.079365
15 0.483871 -0.390219
14 0.627406 0.000000
13 0.412562 -0.206281
13 0.750000 0.057692
12 0.608997 0.000000
12 0.316800 -0.528000
11 0.702128 0.104572
11 0.717391 0.093573
10 0.306122 0.102041
10 0.112500 -0.393750
9 0.486486 0.276114
7 0.056393 -0.028196
7 0.241379 0.041617
6 0.444444 0.279835
5 0.272109 -0.442177
2 0.040000 -0.360000
15 0.737705 0.304717
14 0.149235 -0.373087
13 0.130773 -0.350709
13 0.230769 -0.519231
12 1.000000 0.505206
11 1.000000 0.000000
3 0.026667 -0.573333
2 0.200000 0.160000
15 0.634921 0.000000
14 0.474576 -0.474576
13 0.472727 -0.472727
12 1.000000 0.058824
12 0.979592 0.099958
10 0.975610 0.118977
8 0.822773 0.000000
5 0.016905 -0.231029
1 0.400000 0.400000
14 0.724138 0.237218
14 0.736842 0.232687
10 0.306122 0.131195
9 0.101957 0.000000
9 0.486486 -0.243243
8 0.484848 0.176309
4 0.249135 0.219825
2 0.040000 0.040000
16 0.855424 0.497934
15 0.175000 -0.525000
13 0.481481 -0.374486
13 0.735849 0.236027
12 0.500000 -0.416667
10 0.487805 0.000000
9 1.000000 0.526316
10
8 0.462810 0.000000
7 0.750000 0.000000
5 0.400000 -0.050000
16 0.373988 -0.373988
14 0.432818 0.000000
10 0.112500 -0.022500
8 0.109375 -0.109375
7 0.186667 -0.513333
4 0.235294 -0.470588
2 0.181818 -0.363636
2 0.093750 0.031250
1 0.200000 -0.400000
16 0.716418 -0.139006
14 0.736842 0.512773
7 0.299643 -0.424495
1 0.000000 -0.333333
1 0.000000 0.000000
14 0.627406 0.000000
14 0.982456 0.310249
13 0.618843 -0.206281
13 0.481481 0.000000
13 0.750000 0.000000
11 0.398370 -0.049796
11 0.977778 0.000000
10 0.697674 0.000000
10 0.306122 -0.408163
15 0.750000 -0.183333
13 0.735849 0.320902
12 0.470588 0.013841
12 0.329863 -0.329863
12 1.000000 0.000000
11 1.000000 0.531915
10 0.697674 0.232558
9 1.000000 0.538462
8 0.484848 0.073462
4 0.093750 -0.011719
3 0.500000 0.250000
17 0.750000 0.044118
15 0.769756 0.192439
13 0.115385 -0.576923
11 1.000000 0.250000
10 0.500000 -0.250000
6 0.208333 -0.291667
5 0.300000 -0.200000
16 0.855424 0.000000
16 0.661157 0.000000
14 0.224069 -0.672207
13 0.166607 -0.721965
11 0.217284 -0.478025
10 0.160619 -0.006529
9 1.000000 0.052632
5 0.247934 0.112697
5 0.247934 -0.123967
4 0.666667 0.444444
3 0.160000 -0.080000
3 0.061224 -0.030612
16 0.117188 -0.820312
15 0.476190 -0.222558
14 0.711864 -0.124677
12 0.941176 0.235294
12 0.405998 -0.405998
19
16 0.340828 -0.246445
15 0.714286 0.079365
15 0.338619 -0.169309
14 0.736842 0.232687
13 1.000000 0.264151
11 0.702128 0.000000
15 0.218522 -0.507284
14 0.112034 -0.624808
13 0.115385 -0.634615
14 0.232143 -0.517857
13 0.222143 -0.513706
12 0.304498 0.214940
12 0.343750 -0.406250
11 0.227273 -0.522727
10 0.292050 0.210547
8 0.290657 -0.415225
7 0.084589 -0.308751
4 0.281250 -0.468750
16 0.454438 -0.454438
13 1.000000 0.518519
11 0.478261 0.000000
10 1.000000 0.523810
16 0.908876 0.321602
12 0.329863 -0.329863
11 0.733333 -0.244444
10 0.731707 0.000000
10 0.067500 -0.438750
9 0.461538 0.177515
9 0.729730 0.243243
8 0.109375 -0.382812
7 0.025831 -0.273812
6 0.023040 -0.408960
5 0.247934 0.202855
5 0.136054 -0.272109
3 0.026239 -0.013120
2 0.500000 0.437500
16 1.000000 0.044776
13 1.000000 0.290909
12 1.000000 0.294118
8 0.685714 0.000000
16 0.357491 -0.123685
15 0.634921 -0.063828
15 0.725806 -0.148283
14 0.313703 -0.196729
14 0.724138 0.074911
13 0.962963 0.534979
12 0.329863 -0.159933
10 0.194700 -0.502975
10 0.306122 0.072886
9 0.210373 -0.276114
8 0.205693 -0.279155
7 0.099881 -0.624257
5 0.082645 -0.371901
5 0.090703 -0.385488
4 0.083045 -0.387543
1 0.000000 -0.285714
13 1.000000 0.250000
12 0.750000 0.000000
16 0.340828 -0.246445
16 0.937500 0.117188
15 0.655567 0.105737
15 0.338619 -0.238698
13 0.160494 -0.481481
12 0.705882 0.401384
12 0.480000 -0.240000
11 0.239130 -0.478261
10 1.000000 0.285714
3 0
15 0.338619 -0.564364
14 0.711864 -0.124677
13 0.722222 0.080247
12 0.489796 -0.389838
6 0
5 0.151229 -0.500945
4 0.132964 -0.498615
3 0.250000 -0.500000
2 0.727273 0.694215
2 0.400000 0.360000
2 0.800000 0.760000
1 0.000000 0.000000
1 0.000000 0.000000
15 0.933333 0.466667
12 0.316800 -0.158400
9 0.101957 -0.324078
7 0.099881 0.048218
5 0.100000 0.085000
4 0.166090 -0.304498
4 0.187500 0.175781
30
14 0.711864 -0.124677
14 0.896276 0.000000
13 0.320988 -0.320988
13 0.750000 0.057692
12 0.500000 -0.500000
11 0.108642 -0.282469
11 1.000000 0.250000
10 0.217339 -0.108670
10 1.000000 0.000000
9 1.000000 0.111111
5 0.681818 0.433884
2 0.000000 0.000000
14 0.464286 0.116071
13 0.618843 0.309421
10 0.062680 -0.125361
7 0.280000 -0.420000
6 0.493827 0.271605
6 0.177515 -0.514793
5 0.226843 0.009452
5 0.067618 -0.097671
3 0.053333 -0.546667
3 0.426036 0.213018
3 0.666667 0.659722
2 0.099174 -0.446281
2 0.031250 0.031250
15 0.655567 -0.077540
14 0.245614 -0.650662
13 0.236364 -0.588760
12 1.000000 0.058824
12 1.000000 0.312500
11 0.234043 -0.468085
11 1.000000 0.511111
10 0.232558 -0.465116
10 1.000000 0.512195
9 1.000000 0.756757
8 0.102847 0.051423
8 0.500000 0.253906
2 0.888889 0.839506
14 0.736842 0.064635
12 1.000000 0.250000
11 0.977778 0.000000
9 1.000000 0.270270
9 0.500000 -0.166667
7 0.299643 0.000000
7 0.107143 -0.535714
3 0.021333 -0.138667
1 0.000000 -0.285714
9 0.333333 -0.166667
8 0.387543 -0.318339
8 0.218750 -0.531250
6 0.625000 0.312500
5 0.075614 -0.576560
4 0.421053 0.121884
4 0.470588 0.096886
2 0.400000 0.360000
1 0.142857 -0.285714
1 0.000000 0.000000
14 0.448138 -0.056017
13 0.412562 -0.051570
11 0.199185 -0.248981
11 0.434568 0.336790
5 0.202855 -0.169046
4 0.083977 -0.215192
4 0.222222 -0.111111
3 0.032772 0.000000
2 0.148148 0.148148
1 0.428571 0.428571
1 0.000000 0.000000
1 0.500000 0.500000
15 0.451492 0.162833
14 0.448138 0.259448
12 0.494794 0.292837
7 0.186667 -0.513333
5 0.181406 -0.532880
5 0.200000 -0.550000
4 0.222222 -0.444444
4 0.281250 -0.468750
15 0.967742 0.312175
14 0.965517 0.640904
12 1.000000 0.520000
10 0.714286 0.238095
9 0.710526 0.236842
8 0.290657 0.193772
7 0.700000 0.420000
7 0.642857 0.000000
6 0.625000 0.000000
5 0.059176 -0.281088
2 0.148148 0.074074
2 1.000000 0.906250
1 0.000000 0.000000
1 0.000000 0.000000
39
17 0.739130 0.053560
14 0.736842 0.064635
13 0.333215 -0.333215
12 0.329863 -0.329863
8 0.457143 0.000000
6 0.666667 0.000000
6 0.288000 0.149760
6 0.720000 0.288000
2 0.222222 0.000000
1 0
17 0.342785 -0.253363
15 0.714286 0.079365
15 0.491675 -0.241432
15 0.737705 0.399086
14 1.000000 0.050847
14 1.000000 0.754386
11 0.488889 -0.244444
10 1.000000 0.534884
10 0.087464 0.000000
9 0.461538 0.230769
8 1.000000 0.314286
8 0.102847 -0.205693
8 0.484848 0.382002
7 0.451613 0.364204
2 0.049383 0.049383
16 0.351562 -0.263672
15 0.350000 -0.350000
6 0.092160 -0.339840
5 0.067618 -0.033809
4 0.222222 0.148148
3 0.106667 -0.493333
3 0.142012 -0.550296
2 0.545455 0.446281
1 0.000000 -0.500000
14 0.500000 -0.428571
13 0.240741 -0.722222
17 0.352941 -0.269896
17 0.352941 -0.588235
15 0.874089 0.218522
12 0.470588 -0.235294
11 1.000000 0.531915
15 0.983607 0.000000
14 0.127608 -0.342946
14 0.982456 0.000000
13 0.481481 -0.374486
15 0.698749 0.000000
13 0.495074 -0.165025
13 0.500000 -0.500000
10 1.000000 0.000000
7 1.000000 0.034483
3 0.250000 -0.250000
2 0.040000 0.000000
16 0.984615 0.075740
16 0.750000 0.046875
13 0.981132 0.000000
14 1.000000 0.017544
14 1.000000 0.071429
49
14 0.348214 -0.174107
13 0.173077 -0.346154
7 0.250000 -0.232143
6 0
6 0.230769 -0.168639
15 1.000000 0.066667
13 1.000000 0.538462
12 0.960000 0.537600
12 0.979592 0.539775
11 0.500000 0.272727
10 0.900000 0.675000
9 0.473684 0.024931
8 0.145329 -0.290657
7 0.241379 0.041617
6 0.044379 -0.355030
5 0.227273 -0.144628
5 0.238095 -0.170068
5 0.272109 0.116618
4 0.373702 0.329737
3 0.230769 -0.088757
2 0.750000 0.718750
14 1.000000 0.500000
13 0.962963 0.534979
15 1.000000 0.032258
15 1.000000 0.066667
14 1.000000 0.071429
12 0.381944 -0.190972
11 1.000000 0.043478
9 1.000000 0.052632
7 0.280000 0.210000
2 0.049383 -0.395062
14 0.627406 0.313703
12 0.458333 0.114583
10 0.214158 -0.107079
9 0.448753 0.200758
8 0.096886 -0.005699
7 0.299643 0.000000
6 0.493827 0.246914
6 0.288000 -0.144000
5 0.272109 0.000000
5 0.272109 -0.136054
2 0.363636 0.264463
2 0.049383 -0.098765
17 0.500000 -0.441176
16 0.500000 -0.437500
15 0.211640 -0.264550
15 0.483871 0.046826
14 0.711864 0.293594
11 0.227273 -0.284091
8 0.182857 -0.228571
6 0.480000 0.000000
5 0.075614 -0.576560
4 0.046875 -0.703125
2 0.062500 0.000000
1 0.428571 0.142857
15 0.350000 -0.400000
14 0.965517 0.532699
13 0.333215 -0.402634
12 0.253440 -0.126720
11 1.000000 0.000000
10 1.000000 0.000000
10 0.225000 -0.275000
17 0.352941 -0.477509
15 0.412373 -0.137458
15 0.451492 -0.056436
14 1.000000 0.275862
8 0.581315 0.170975
6 0.493827 0.420668
6 0.122880 0.030720
5 0.604915 0.516150
5 0.136054 0.019436
1 0.000000 -0.400000
58
16 0.280491 -0.467485
16 0.661157 0.100175
15 0.274915 -0.458192
14 0.268646 -0.268646
13 0.392318 0.000000
11 0.311909 -0.054245
5 0.600000 0.532500
17 0.705882 0.083045
16 0.937500 0.117188
15 1.000000 0.066667
14 0.711864 0.241310
15 0.491803 -0.411180
15 0.338619 0.049960
14 0.491228 0.043090
14 0.336103 -0.112034
13 0.750000 0.576923
3 0.160000 -0.080000
3 0.021848 -0.297679
2 0.545455 0.495868
13 0.722222 0.294239
7 0.466667 0.000000
7 1.000000 0.500000
6 0
5 0.434783 -0.217391
4 0.421053 -0.210526
3 0.008746 -0.174927
2 0.800000 0.760000
1 0.142857 0.142857
15 0.902983 0.000000
14 0.134323 -0.352597
14 0.982456 0.086180
13 0.213992 -0.267490
12 1.000000 0.120367
7 0.174818 0.000000
6 0.312500 -0.437500
5 0.226843 -0.425331
3 0.122449 -0.520408
3 0
2 0
14 0.491228 -0.405048
12 0.235294 -0.470588
16 0.969697 0.088154
15 0.725806 -0.148283
13 1.000000 0.144033
15 0.846561 0.322499
14 0.649227 0.000000
11 0.257457 0.028606
10 0.244507 -0.081502
9 0.750000 0.000000
8 0.941176 0.359862
8 0.727273 0.418733
7 1.000000 0.300000
7 0.750000 0.535714
6 0.312500 0.104167
5 0.454545 0.123967
3 0.275510 0.000000
3 0.692308 0.479290
2 0.363636 0.297521
2 0.500000 0.437500
14 0.896276 0.672207
9 0.729730 -0.243243
7 0.599287 0.000000
5 0.090703 -0.181406
4 0.083045 -0.166090
68
14 0.340288 -0.340288
13 0.309421 -0.515702
12 0.480000 0.057600
11 0.061026 -0.061026
3 0.106667 -0.493333
1 0.000000 -0.333333
1 0.000000 0.000000
15 0.967742 0.000000
15 0.983607 0.000000
12 0.164931 -0.569763
11 0.149389 -0.552739
17 0.830450 0.000000
16 0.427712 -0.108524
16 0.420736 0.000000
16 0.984615 0.397342
15 0.655567 0.243194
15 0.983607 0.406290
14 0.402969 -0.000000
14 0.112034 -0.454034
13 0.111072 -0.442191
14 0.711864 0.084458
12 1.000000 0.000000
16 0.320784 -0.394197
14 0.491228 -0.245614
13 0.472727 -0.472727
16 0.738462 -0.170414
13 0.735849 -0.152723
10 0.408163 0.349854
10 0.731707 0.000000
9 0.398892 0.362152
9 1.000000 0.513514
8 0.193772 0.159577
7 0.599287 0.000000
5 0.123967 -0.123967
77
12 0.480000 0.004800
12 1.000000 0.020408
10 1.000000 0.285714
9 1.000000 0.289474
6 0.088757 0.000000
2 0.000000 -0.049383
15 0.846561 0.147812
14 0.949153 0.438721
12 0.916667 0.000000
10 0.125361 -0.376083
9 0.947368 0.000000
9 0.666667 0.277778
8 1.000000 0.612457
6 0.461538 0.372781
4 0.631579 0.432133
16 0.855424 0.319188
15 0.634921 0.372890
14 0.672207 0.000000
14 0.149235 -0.447704
9 0.210373 0.052593
5 0.075614 -0.264650
4 0.421053 0.288089
1 0.000000 0.000000
15 0.327784 -0.222047
14 0.724138 0.074911
13 0.722222 0.240741
17 0.685570 0.089422
16 0.641568 0.105332
15 0.327784 0.052868
10 0.292050 0.183380
10 0.306122 0.228377
7 0.321429 0.264031
3 0.213333 0.053333
2 0.062500 -0.062500
15 1.000000 0.250000
13 0.472727 -0.146116
13 1.000000 0.250000
12 0.101499 -0.304498
11 0.199185 -0.105950
10 0.144893 -0.144893
10 0.238095 0.000000
9 0.236842 0.000000
16 0.351562 -0.263672
14 0.949153 0.321747
13 0.618843 0.000000
12 0.422400 0.168960
9 0.284024 0.080109
14 0.149235 -0.373087
13 0.722222 -0.240741
12 0.720000 -0.240000
15 0.500000 0.000000
13 0.490566 -0.245283
12 0.750000 0.250000
11 0.750000 0.250000
10 0.750000 0.250000
7 0.280000 0.248889
7 0.321429 0.283163
17 0.830450 0.000000
15 0.274915 -0.274915
14 1.000000 0.000000
13 0.709091 0.000000
12 0.633600 -0.211200
11 1.000000 0.000000
88
15 0.725806 -0.241935
15 1.000000 0.016393
12 1.000000 0.265306
10 0.233236 0.000000
9 0.486486 0.243243
7 0.482759 0.282996
6 0
6 0.480000 0.336000
1 15
15 0.634921 -0.211640
12 0.470588 -0.235294
11 0.468085 -0.234043
11 0.217284 -0.217284
10 0.930233 0.465116
15 0.174687 -0.301503
14 0.418271 0.000000
13 1.000000 0.527273
13 0.641975 0.000000
16 0.440771 0.160280
14 0.336103 -0.229965
13 0.439349 -0.000000
10 0.214158 -0.517549
9 0.089550 0.000000
8 0.685714 0.548571
8 0.096886 -0.608997
8 0.154270 0.000000
8 0.437500 -0.312500
7 0.149822 0.000000
7 0.500000 -0.250000
14 0.464286 0.000000
13 0.735849 -0.245283
10 0.243902 -0.731707
9 1.000000 0.027027
8 0.153877 -0.282109
6 0.088757 -0.603550
3 0.061224 -0.367347
2 0
17 1.000000 0.529412
16 1.000000 0.572288
15 0.846561 0.322499
15 0.350000 -0.256667
14 0.949153 0.321747
14 0.750000 -0.178571
13 0.709091 0.090248
13 0.750000 0.057692
12 0.608997 0.000000
12 0.343750 0.000000
11 0.936170 0.338615
11 1.000000 0.043478
3 8
16 0.661157 0.240421
15 0.655567 0.380652
15 0.507928 0.123050
14 0.336103 0.000000
13 0.735849 0.402634
11 0.623819 0.298348
10 0.612245 0.301263
4 0.705882 0.000000
17 0.794864 0.000000
16 0.908876 0.321602
15 1.000000 0.300000
14 0.896276 0.330207
14 0.500000 0.035714
12 1.000000 0.040000
11 0.478261 -0.478261
11 1.000000 0.000000
10 0.476190 -0.238095
9 0.710526 0.000000
5 0.247934 -0.123967
2 0.600000 0.480000
2 0.400000 0.280000
2 0.500000 0.312500
1 0.000000 0.000000
1 0.000000 -0.600000
13 0.962963 0.106996
10 0.952381 0.000000
9 0.947368 0.000000
15 0.317460 -0.529101
13 0.618843 -0.206281
12 1.000000 0.058824
11 1.000000 0.063830
10 0.697674 -0.232558
8 0.548571 0.000000
3 0.053333 0.039111
98
16 0.117188 -0.351562
14 1.000000 0.000000
17 0.941176 0.318339
16 0.330579 -0.230403
14 0.649227 0.246259
14 0.447704 -0.074617
13 0.490566 -0.490566
12 1.000000 0.020408
12 0.343750 -0.171875
11 0.488889 -0.488889
10 0.714286 0.000000
9 0.710526 0.000000
7 0.677419 0.502601
7 0.399524 0.000000
7 0.299643 0.000000
5 0
4 0.281250 0.210938
15 0.714286 -0.132275
14 0.711864 -0.124677
12 0.811995 0.202999
11 1.000000 0.063830
17 0.622837 -0.207612
14 0.750000 0.053571
10 0.750000 0.000000
7 0.321429 0.235332
6 0.312500 0.234375
15 0.116667 -0.692222
12 0.244898 -0.734694
11 0.199185 0.049796
9 0.230769 -0.692308
8 0.242424 -0.580349
2 0.031250 -0.718750
1 0.000000 0.000000
13 0.481481 -0.374486
11 0.717391 0.000000
10 0.714286 0.000000
16 0.440771 -0.055096
14 0.711864 0.502729
12 0.705882 0.502884
12 0.750000 0.578125
11 0.298778 0.149389
16 0.984615 0.075740
14 1.000000 0.050847
14 0.500000 -0.500000
15 0.476190 -0.047871
14 0.432818 -0.054102
13 0.641975 0.000000
11 0.702128 0.234043
11 0.340909 -0.409091
9 0.461538 0.000000
9 0.094675 -0.211197
9 0.598338 0.377898
9 0.500000 -0.250000
7 0.087409 0.073311
6 0.052083 0.034722
2 0.066116 0.033058
1 0.000000 0.000000
1 0.750000 0.000000
11 1.000000 0.760870
16 0.727273 0.286501
14 1.000000 0.250000
13 1.000000 0.054545
109
15 0.737705 0.304717
13 0.750000 -0.173077
3 0.240000 0.000000
1 0.000000 0.000000
15 0.500000 -0.500000
14 0.500000 -0.500000
13 0.855967 0.000000
14 0.680576 0.297752
14 0.464286 0.000000
13 0.461538 0.000000
10 0.233236 -0.225948
2 0.049587 -0.495868
2 0.049383 0.049383
1 0.000000 -0.285714
16 0.661157 -0.086819
14 0.377379 -0.126776
11 0.750000 0.000000
10 0.097350 -0.340725
9 0.473684 0.000000
9 0.159201 -0.314137
7 0.126884 -0.266456
6 0
6 0.040965 -0.358443
4 0.041989 -0.257180
4 0.666667 0.444444
4 0.087930 -0.285772
4 0.029310 -0.344392
3 0.122449 -0.520408
2 0.600000 0.480000
2 0.000000 -0.148148
2 0.187500 -0.562500
1 0.000000 0.000000
1 0.000000 -0.500000
14 0.949153 0.237288
12 0.705882 0.000000
12 1.000000 0.265306
12 0.734694 0.404831
11 0.702128 0.000000
11 1.000000 0.266667
10 1.000000 0.302326
10 1.000000 0.268293
9 0.729730 0.000000
8 0.365714 -0.045714
7 0.449465 0.149822
6 0.082305 -0.082305
14 0.313703 -0.313703
14 0.216409 -0.507729
16 0.351562 0.043945
14 1.000000 0.350773
14 0.750000 0.517857
12 0.480000 -0.240000
11 0.298778 -0.158924
16 0.468750 -0.468750
15 0.634921 0.241875
15 0.500000 -0.433333
13 0.750000 0.057692
10 0.428316 0.261169
7 0.724138 0.324614
16 0.454438 -0.328594
16 0.351562 -0.175781
15 0.952381 0.253632
12 0.304498 -0.152249
12 0.439817 -0.439817
11 0.488889 -0.488889
10 0.487805 -0.487805
9 0.568047 0.262176
9 0.486486 -0.486486
8 0.274286 0.133224
16 0.268118 -0.268118
16 0.492308 -0.018935
16 0.500000 -0.027344
15 0.317460 -0.317460
15 0.466667 -0.058333
11 0.108642 -0.152099
11 1.000000 0.500000
5 0.151229 -0.500945
3 0.039359 -0.236152
2 0.080000 -0.520000
1 0.000000 -0.285714
1 0.400000 0.400000
1 0.000000 0.000000
15 0.874089 0.140982
13 0.427984 -0.053498
12 0.211200 -0.211200
11 0.956522 0.748582
10 0.102041 -0.357143
3 0.031250 -0.093750
2 0.000000 0.000000
2 0.444444 -0.222222
2 0.250000 -0.500000
1 1.000000 0.500000
1 1.000000 0.250000
15 0.476190 -0.158730
15 0.491675 -0.058155
14 0.313703 -0.313703
14 0.736842 0.232687
13 0.130773 -0.350709
13 0.146450 -0.372781
12 0.063360 -0.411840
10 1.000000 0.500000
9 0.500000 0.000000
16 0.681657 -0.227219
15 0.634921 -0.211640
12 0.316800 -0.158400
11 0.207940 -0.259924
7 0.524454 0.174818
5 0.300000 0.120000
4 0.421053 -0.110803
3 0.426036 0.360492
122
14 0.750000 0.000000
4 0
16 0.969697 0.088154
15 0.327784 -0.546306
14 0.724138 -0.241379
12 0.358233 0.000000
10 0.108670 -0.054335
10 1.000000 0.523810
7 0.262227 0.135343
7 0.466667 0.280000
6 0.109739 0.000000
5 0.681818 0.000000
3 0.600000 0.493333
2 0.000000 -0.222222
1 0.000000 0.000000
1 0.400000 0.400000
17 0.596148 -0.198716
16 1.000000 0.118457
16 0.351562 -0.468750
13 0.250000 -0.442308
12 1.000000 0.000000
11 0.488889 0.293333
11 1.000000 0.000000
10 1.000000 0.000000
7 0.107143 -0.214286
4 0.888889 0.444444
4 0.444444 0.296296
16 0.454438 -0.132836
15 0.677237 -0.000000
14 0.724138 0.074911
13 1.000000 0.144033
13 0.666429 0.000000
12 0.720000 -0.240000
12 0.659725 -0.000000
11 1.000000 0.063830
9 1.000000 0.289474
1 0.000000 0.000000
16 0.661157 -0.086819
15 0.655567 -0.077540
15 0.677237 -0.225746
14 0.649227 0.111936
14 0.896276 0.000000
13 0.981132 0.000000
12 0.979592 0.000000
11 0.977778 0.000000
9 0.729730 0.000000
5 0.051830 0.012958
4 0.249135 0.219825
3 0.213018 0.196632
2 0.062500 -0.062500
1 0.000000 0.000000
1 0.000000 0.000000
1 0.000000 0.000000
15 1.000000 0.125911
15 0.577317 -0.192439
15 0.350000 -0.583333
14 0.750000 0.285714
12 0.422400 -0.211200
12 0.734694 -0.144940
11 0.311909 -0.054245
11 0.733333 -0.244444
9 0.729730 0.000000
8 0.727273 0.000000
8 0.218750 0.177734
7 0.299643 0.000000
7 0.214286 0.176020
5 0.247934 0.197220
5 0.272109 0.213800
3 0.053333 -0.546667
17 0.342785 -0.253363
16 0.330579 -0.230403
15 0.846561 0.147812
12 0.608997 0.131352
130
14 1.000000 0.017544
12 0.422400 0.000000
12 1.000000 0.265306
11 1.000000 0.565432
9 0.710526 0.000000
8 1.000000 0.314286
7 0.299643 -0.149822
6 0.720000 0.288000
5 0.652174 0.000000
2 0.444444 0.395062
1 0.000000 0.000000
15 0.384878 -0.192439
14 0.750000 -0.178571
13 1.000000 0.076923
10 0.612245 0.000000
6 0.088757 -0.157032
2 0.800000 0.760000
1 0.000000 0.000000
1 0.000000 0.000000
13 1.000000 0.527273
13 0.490566 0.000000
16 0.511243 0.000000
16 0.076904 -0.450439
14 0.255216 -0.255216
12 1.000000 0.524800
12 0.114583 -0.635417
10 0.321237 0.154089
9 0.315559 -0.414171
8 0.290657 -0.415225
7 0.174818 -0.218522
7 0.214286 -0.535714
5 0.059176 -0.281088
5 0.077745 -0.330418
5 0.045000 -0.405000
2 0.187500 -0.093750
17 0.233564 -0.389273
16 0.750000 0.046875
15 1.000000 0.000000
13 1.000000 0.763636
13 0.735849 0.000000
12 1.000000 0.020408
11 1.000000 0.063830
11 0.239130 0.000000
16 0.420736 -0.327239
14 0.724138 -0.141498
12 0.470588 0.064591
12 1.000000 0.040000
11 0.468085 -0.468085
10 1.000000 0.047619
10 0.243902 0.000000
8 0.365714 0.271673
7 0.451613 0.364204
17 0.352941 -0.117647
14 0.313703 -0.156851
13 0.222143 -0.513706
12 0.316800 -0.403200
8 0.193772 -0.512111
7 0.280000 -0.420000
4 0.166090 -0.539792
4 0.281250 -0.468750
2 0.099174 -0.446281
1 0.000000 -0.500000
16 1.000000 0.062500
15 0.500000 -0.433333
13 0.750000 -0.250000
12 0.750000 0.000000
11 0.500000 -0.250000
16 0.320784 -0.215452
16 0.661157 -0.086819
14 0.836541 0.209135
13 0.309421 -0.309421
13 0.472727 -0.146116
12 1.000000 0.040000
9 0.710526 0.000000
9 0.318402 -0.159201
8 0.822773 0.673178
2 0.500000 0.437500
1 0.166667 0.166667
139
16 0.330579 -0.550964
15 0.483871 -0.483871
16 0.716418 0.180182
15 0.952381 0.428319
15 0.218522 -0.273153
14 0.949153 0.438721
13 0.206281 -0.502810
13 0.962963 0.320988
12 0.202999 -0.502884
12 0.720000 0.086400
12 0.439817 -0.294877
11 0.398370 -0.303757
11 0.623819 0.135613
16 0.351562 -0.263672
15 0.412373 -0.137458
14 0.313703 -0.196729
14 0.402969 -0.134323
10 1.000000 0.000000
6 0.164609 -0.502058
6 0.177515 0.000000
4 0.166090 -0.539792
3 0.857143 0.214286
1 0.000000 -0.500000
16 0.140245 -0.355622
14 0.750000 -0.178571
13 1.000000 0.000000
12 0.750000 -0.250000
11 0.500000 -0.500000
10 0.487805 0.059488
16 0.703125 -0.117188
12 0.250000 -0.750000
10 0.250000 -0.750000
7 0.700000 0.140000
7 0.103325 -0.346140
3 0.106509 0.101047
3 0.032772 -0.286755
2 0.750000 0.375000
1 0.000000 0.000000
15 0.476190 -0.158730
13 0.472727 -0.472727
8 0.457143 0.091429
6 0.312500 0.000000
15 0.500000 -0.250000
14 0.418271 0.000000
14 0.500000 -0.250000
14 0.232143 -0.517857
11 1.000000 0.297872
10 0.232558 -0.465116
10 0.238095 -0.476190
10 1.000000 0.000000
2 0.500000 0.312500
12 0.316800 -0.528000
5 0.200000 -0.550000
4 0.041989 -0.041989
4 0.187500 -0.562500
15 0.933333 0.233333
14 0.949153 0.268577
14 0.672207 -0.082552
12 0.240000 -0.235200
11 0.831758 0.207940
11 0.651852 0.217284
11 1.000000 0.318182
10 0.856633 0.188041
10 1.000000 0.325000
9 0.841490 0.631118
9 1.000000 0.000000
7 0.214286 -0.642857
16 0.477612 0.049900
12 1.000000 0.058824
12 0.720000 -0.240000
16 0.280491 -0.467485
15 0.327784 0.121597
13 0.371306 0.000000
17 0.941176 0.318339
16 0.500000 0.265625
14 0.348214 -0.116071
13 0.750000 0.250000
12 1.000000 0.000000
6 0.192000 -0.528000
6 0.208333 -0.541667
3 0.016386 -0.032772
2 0.545455 0.446281
2 0.148148 0.000000
1 0.000000 -0.428571
153
5 0.360000 -0.090000
4 0.074074 -0.259259
3 0.008746 -0.174927
1 0.000000 0.000000
1 0.000000 0.000000
17 0.352941 -0.114187
15 0.525000 0.000000
14 0.750000 0.401786
11 0.122051 -0.345812
5 0.227273 -0.454545
1 0.000000 0.000000
1 0.500000 0.500000
1 0.250000 -0.250000
14 0.482759 -0.482759
13 0.333215 0.022005
12 0.480000 -0.480000
10 0.476190 -0.476190
9 0.473684 -0.473684
15 0.483871 0.117317
14 0.224069 0.000000
12 0.244898 0.079967
9 0.315559 -0.157779
4 0.132964 -0.498615
4 0.148148 -0.518519
4 0.019540 -0.229595
3 0.122449 -0.306122
3 0.071006 -0.621302
15 0.423280 -0.100781
13 1.000000 0.054545
12 0.470588 -0.235294
16 0.351562 -0.263672
15 0.451492 -0.056436
14 0.696429 0.000000
13 0.412562 -0.051570
11 0.207940 -0.270321
10 0.292050 -0.405625
9 0.199446 -0.274238
8 0.218750 -0.281250
6 0.384000 0.000000
5 0.500000 -0.100000
1 0.285714 -0.142857
14 0.724138 0.000000
13 0.333215 -0.555358
15 0.327784 -0.327784
14 0.724138 0.000000
14 0.982456 0.000000
16 0.484848 -0.076133
15 1.000000 0.365079
15 0.483871 -0.171696
14 0.108205 -0.324614
13 1.000000 0.759259
8 0.102585 -0.333401
8 0.727273 -0.095500
2 0.600000 0.480000
1 0.333333 0.333333
15 0.483871 -0.171696
15 0.350000 -0.583333
12 0.500000 -0.500000
11 0.311909 -0.054245
11 0.977778 0.000000
10 1.000000 0.250000
9 0.243243 -0.729730
9 1.000000 0.666667
6 0.096000 0.000000
5 0.495868 0.330579
4 0.083045 0.073275
1 0.142857 -0.285714
163
16 0.351562 -0.263672
11 0.909091 0.568182
9 0.461538 0.035503
7 0.107143 0.000000
7 0.428571 -0.053571
6 0.104167 0.000000
4 0.500000 0.312500
16 0.484848 0.044077
14 1.000000 0.050847
14 1.000000 0.275862
13 1.000000 0.054545
13 0.722222 0.000000
12 1.000000 0.755102
1 11
16 0.492308 0.037870
16 1.000000 0.062500
15 0.967742 0.093652
14 0.500000 0.035714
12 0.941176 0.129181
12 0.960000 0.115200
5 0.165289 0.030053
3 0.400000 0.160000
2 0.031250 -0.062500
15 0.874089 0.324259
15 0.677237 0.000000
13 0.750000 0.230769
12 0.164931 -0.329863
11 0.149389 -0.149389
11 0.162963 0.000000
9 0.398892 0.178452
8 0.387543 0.250763
7 0.124444 0.000000
4 0.222222 0.074074
3 0.017493 0.008746
3 0.230769 0.088757
2 0.040000 0.040000
1 0.500000 0.500000
16 0.500000 -0.437500
13 0.962963 0.000000
12 1.000000 0.058824
9 0.692308 0.000000
9 1.000000 0.526316
8 0.914286 0.228571
4 0.631579 0.332410
4 0.444444 -0.222222
4 0.470588 -0.235294
4 0.500000 0.312500
3 0.122449 -0.520408
13 0.472727 -0.146116
11 0.478261 -0.239130
16 0.716418 -0.139006
15 0.317460 -0.529101
14 0.474576 -0.152830
13 0.472727 -0.146116
13 0.146450 0.000000
13 0.500000 -0.192308
12 0.101499 -0.507497
11 0.936170 0.783603
7 0.051663 -0.397802
14 0.324614 -0.399524
13 0.206281 -0.502810
13 0.213992 -0.508230
13 1.000000 0.250000
12 0.202999 -0.502884
16 0.330579 -0.330579
15 0.725806 0.288762
13 0.666429 0.000000
12 1.000000 0.340275
8 0.705882 0.415225
4 0.049383 0.000000
3 0.122449 -0.306122
2 0.000000 -0.120000
1 0.000000 -0.400000
16 1.000000 0.062500
14 0.464286 -0.058036
13 0.962963 0.000000
16 0.881543 0.133567
15 0.317460 -0.381288
14 1.000000 0.263158
13 0.245283 -0.490566
12 0.687500 0.257812
7 0.299643 0.000000
2 0.040000 -0.360000
1 0.000000 0.000000
17 0.685570 -0.109294
15 0.483871 -0.390219
15 1.000000 0.262295
14 0.482759 -0.382878
17 0.596148 -0.198716
17 1.000000 0.294118
16 0.340828 -0.340828
16 1.000000 0.000000
16 1.000000 0.000000
15 1.000000 0.000000
16 0.320784 -0.394197
15 0.327784 -0.546306
14 0.865636 0.216409
11 1.000000 0.282609
11 0.391111 0.130370
10 0.238095 -0.238095
6 0.923077 0.568047
4 0.094474 0.000000
2 0.666667 0.518519
179
15 0.677237 0.000000
14 0.928571 0.530612
13 0.412562 0.165025
13 0.309421 -0.515702
12 0.720000 -0.240000
12 0.316800 -0.021120
11 0.488889 -0.244444
10 0.952381 0.000000
3 18
17 0.342785 -0.452079
16 0.340828 -0.246445
15 0.350000 -0.256667
14 0.474576 -0.152830
13 0.461538 0.000000
12 0.470588 0.064591
12 0.329863 0.000000
12 0.489796 -0.169929
11 0.488889 0.000000
10 0.465116 -0.465116
10 0.487805 0.000000
9 0.461538 -0.461538
8 0.457143 0.091429
7 1.000000 0.606660
5 0.604915 0.565464
3 0.122449 -0.520408
2 0.040000 0.040000
5 0.090703 -0.385488
4 0.166090 -0.304498
3 0.030612 -0.183673
2 0.545455 0.495868
2 0.200000 0.140000
2 0.049383 -0.617284
15 1.000000 0.032258
15 0.451492 -0.451492
15 1.000000 0.250000
13 1.000000 0.277778
10 0.750000 0.243750
16 1.000000 0.030303
16 0.984615 0.000000
16 0.750000 0.281250
15 0.737705 0.000000
14 0.348214 -0.116071
15 0.225746 -0.282182
14 0.313703 -0.313703
12 0.343750 -0.171875
10 0.337500 -0.168750
8 0.328125 -0.164062
6 0.219479 0.000000
6 0.720000 0.288000
6 0.104167 -0.364583
5 0.750000 0.300000
4 0.132964 -0.498615
4 0.281250 -0.140625
3 0.005333 -0.005333
2 0.120000 -0.480000
2 1.000000 0.333333
17 0.705882 -0.124567
15 0.466667 0.000000
11 0.250000 0.000000
10 1.000000 0.534884
8 0.457143 0.365714
8 0.082031 -0.410156
7 0.062222 -0.357778
6 0.082305 -0.027435
6 0.027310 -0.238962
1 0.285714 0.285714
15 0.846561 0.147812
15 0.327784 -0.405324
14 0.949153 0.438721
13 0.666429 0.389798
9 0.500000 0.000000
8 0.308540 -0.154270
8 0.308540 -0.154270
8 0.656250 -0.218750
7 0.199762 -0.524376
3 0.013120 -0.048105
16 0.855424 0.319188
16 0.340828 -0.442203
15 0.846561 0.000000
12 0.316800 -0.528000
11 0.717391 -0.239130
10 0.321237 0.133196
8 0.308540 0.140245
6 0.444444 0.115226
5 0.434783 0.283554
5 0.165289 -0.516529
3 0.142012 -0.550296
1 0.000000 -0.600000
17 0.155709 -0.373702
14 0.336103 -0.168052
12 0.343750 -0.171875
10 0.214158 -0.517549
189
13 1.000000 0.538462
12 1.000000 0.594002
10 0.476190 0.000000
6 0.104167 -0.364583
1 0.000000 0.000000
15 0.483871 -0.007804
15 0.750000 -0.183333
15 0.500000 -0.200000
14 1.000000 0.350773
13 0.230769 -0.692308
12 0.720000 -0.240000
11 0.717391 -0.239130
11 0.217284 0.043457
4 0.083045 0.073275
2 0.363636 0.330579
2 0.000000 0.000000
2 0.500000 0.468750
13 0.464132 -0.030942
4 0.281250 -0.281250
2 0.400000 0.280000
1 0.333333 0.333333
1 0.000000 -0.400000
17 0.352941 -0.588235
16 0.955224 0.099800
12 0.500000 -0.250000
11 1.000000 0.250000
10 0.750000 0.000000
13 0.962963 0.106996
12 0.844800 0.000000
8 0.274286 0.000000
7 0.299643 0.099881
6 0.444444 0.197531
6 0.750000 0.281250
5 0.180316 0.000000
4 0.498270 0.478730
3 0.428571 0.183673
2 0.750000 0.562500
1 0.285714 0.000000
15 0.714286 0.079365
15 1.000000 0.000000
14 1.000000 0.000000
12 0.705882 0.096886
12 0.489796 -0.169929
9 0.243243 -0.230095
8 0.091429 0.067918
8 0.242424 -0.220386
3 0.091837 0.085277
3 0.461538 0.319527
3 0.166667 0.159722
1 0.000000 0.000000
15 0.634921 -0.211640
14 0.836541 0.000000
14 0.965517 0.000000
10 0.217339 -0.220735
10 1.000000 0.523810
5 0.233236 -0.174927
5 0.200000 -0.550000
8 0.182857 -0.502857
17 0.207612 -0.622837
14 0.836541 0.000000
13 1.000000 0.538462
11 0.415879 0.000000
11 0.733333 0.081481
9 1.000000 0.538462
6 0.104167 -0.364583
4 0.421053 0.354571
2 0.000000 -0.033058
2 0.062500 0.000000
199
16 1.000000 0.000000
15 0.714286 -0.132275
15 0.483871 -0.483871
11 0.478261 -0.478261
10 0.714286 -0.238095
8 0.193772 -0.193772
5 0.100000 0.085000
2 0.666667 0.641975
15 0.211640 0.124297
11 0.468085 0.234043
7 0.677419 0.415193
4 0.041989 -0.013996
1 0.000000 0.000000
15 0.677237 0.099920
13 0.666429 -0.222143
8 0.112196 -0.037399
6 0.184320 -0.307200
3 0.032772 0.016386
16 0.320784 -0.215452
15 0.750000 -0.183333
14 0.500000 -0.428571
13 0.641975 0.000000
12 0.235294 -0.705882
11 1.000000 0.043478
10 1.000000 0.047619
7 0.466667 -0.233333
3 0.013889 -0.361111
2 0.000000 -0.125000
17 0.352941 -0.352941
16 0.937500 0.000000
15 0.262031 -0.436718
15 1.000000 0.000000
14 1.000000 0.000000
13 0.641975 0.000000
13 0.750000 -0.173077
11 1.000000 0.266667
10 0.697674 0.259600
10 0.306122 0.000000
9 0.203914 -0.101957
5 0.037807 -0.189036
1 0.000000 0.000000
15 0.967742 0.000000
14 1.000000 0.275862
13 0.481481 0.000000
11 0.239130 0.000000
7 0.114796 -0.057398
6 0.156250 0.000000
4 0.132964 -0.498615
4 0.105469 0.000000
1 0.000000 -0.285714
1 0.000000 0.000000
16 0.117188 -0.498047
15 0.437045 -0.112786
14 0.482759 -0.166468
12 0.316800 -0.158400
11 0.113636 -0.304752
10 1.000000 0.523810
9 0.105186 -0.381300
8 0.205693 -0.279155
7 0.280000 0.093333
7 0.199762 -0.282996
208
208
