15 0.983607
14 0.491228
9 0.110220
9 1.000000
9 0.129630
8 0.102585
8 1.000000
6 0.444444
3 0.122449
3 0
2 0.099174
2 0.120000
1 0.000000
16 0.641568
16 0.165289
15 0.725806
13 1.000000
12 1.000000
12 0.979592
11 1.000000
4 6
10 0.714286
7 0.126884
7 1.000000
6 0
5 0.495868
3 0.244898
3 0.250000
2 0.187500
14 0.896276
13 0.309421
12 0.979592
11 0.702128
11 0.733333
10 0.642475
9 0.631118
8 0.290657
7 0.599287
16 0.908876
14 0.724138
13 0.333215
12 0.190972
11 0.717391
11 0.139463
10 1.000000
a:1
17 0.830450
13 1.000000
11 0.702128
11 0.977778
11 0.500000
10 0.975610
8 0.242424
5 0.272109
5 0.077745
4 0.020994
4 0.249135
4 0.093750
4 0.093750
3 0.026667
16 0.615234
16 0.560982
15 0.634921
15 0.549830
9 0.710526
7 0.186667
5 0.059176
4 0.187500
3 0.230769
3 0.166667
1 0.000000
17 0.941176
16 0.937500
14 0.474576
14 1.000000
12 0.470588
12 0.608997
12 0.633600
12 0.343750
11 0.597555
11 0.340909
10 0.714286
8 0.328125
7 0.280000
7 0.299643
7 0.321429
6 0.177515
3 0.244898
2 0.363636
9
17 0.941176
14 0.982456
13 0.618843
3 0.026239
17 0.311419
15 0.112873
14 0.711864
13 0.750000
12 0.439817
11 0.750000
8 0.193772
6 0.399408
6 0.096000
6 0.500000
5 0.434783
5 0.371901
3 0.642857
2 0
2 0.080000
15 0.211640
12 0.750000
11 0.065185
10 0.097350
14 0.736842
13 0.735849
12 0.734694
11 0.936170
10 0.360000
a:1
a:0
a:1
a:0
a:0
16 0.908876
14 0.672207
13 0.309421
13 1.000000
11 0.244444
15 0.634921
15 0.549830
14 0.474576
13 0.464132
12 0.456747
12 0.422400
11 0.717391
10 0.714286
8 0.435986
6 0.133136
6 0.144000
5 0.202855
5 0.150000
4 0.148148
4 0.124567
3 0.039359
2 0.000000
2 0.049383
2 0.000000
2 0.000000
17 0.342785
14 0.649227
14 0.336103
13 0.735849
11 0.468085
11 1.000000
a:0
16 0.855424
15 0.218522
15 0.507928
15 0.112873
15 0.116667
14 0.965517
13 0.962963
12 0.960000
9 0.179101
8 0.470588
8 0.224393
7 0.043704
6 0.266272
2 0.120000
15 0.714286
15 1.000000
14 0.711864
13 0.490566
12 0.480000
12 0.489796
11 0.717391
10 0.731707
9 0.710526
5 0.371901
4 0.444444
a:0
16 0.320784
10 0.465116
10 0.731707
9 0.972973
8 0.457143
7 0.349636
5 0.012958
17 0.415225
14 0.491228
11 1.000000
11 0.340909
10 1.000000
10 0.487805
9 1.000000
9 0.486486
a:0
20
16 0.106928
15 0.846561
15 0.874089
15 1.000000
14 0.112034
13 1.000000
12 0.489796
11 0.488889
a:3
17 0.685570
17 0.352941
16 0.250000
15 0.109261
13 1.000000
12 0.240000
10 1.000000
7 0.114796
6 0.355030
3 0.160000
3 0.692308
2 0.545455
15 0.338619
13 0.461538
12 0.489796
10 0.487805
9 0.094675
9 1.000000
7 0.093333
a:1
a:1
14 0.949153
10 1.000000
9 0.631118
6 0.370370
6 0.138240
6 0.468750
1 0.000000
1 0.000000
16 0.881543
15 0.967742
13 0.722222
13 0.981132
12 0.979592
12 1.000000
11 0.250000
16 0.984615
15 0.983607
14 0.402969
14 0.982456
12 0.159215
12 0.316800
12 1.000000
11 0.977778
10 1.000000
10 0.975610
9 0.972973
5 0.544218
15 0.317460
15 0.483871
15 0.874089
14 0.711864
14 1.000000
13 1.000000
13 1.000000
12 1.000000
10 0.465116
17 0.457047
14 0.711864
11 0.956522
10 1.000000
10 0.975610
10 1.000000
9 1.000000
8 0.228571
7 0.107143
5 0.082645
15 0.109261
15 0.112873
14 0.324614
14 0.112034
13 0.111072
13 0.500000
12 1.000000
11 0.244444
10 0.174927
9 0.243243
9 0.444444
7 0.466667
6 0.133136
5 0.123967
a:0
a:0
29
14 0.482759
13 0.735849
12 0.705882
12 0.190080
10 0.476190
9 0.025489
8 0.242424
5 0
15 0.677237
16 0.727273
14 0.108205
13 1.000000
11 0.702128
10 0.102041
9 1.000000
15 0.483871
15 0.750000
13 0.481481
13 0.311210
12 0.480000
12 0.750000
10 0.160619
9 0.388889
6 0.104167
5 0.059176
8 0.205693
16 0.661157
16 0.113609
15 0.169309
13 0.106996
13 0.735849
13 0.735849
12 0.475200
10 0.036223
10 0.438075
10 0.459184
10 0.731707
7 0.280000
16 0.820312
a:3
a:1
a:0
a:4
a:7
16 0.320784
16 1.000000
a:1
37
14 0.896276
12 1.000000
11 1.000000
a:0
a:0
14 0.432818
13 0.481481
11 0.468085
11 0.113636
10 1.000000
10 0.102041
9 0.299169
8 0.184570
7 0.299643
4 0.029310
1 0.000000
1 0.000000
11 0.977778
14 0.836541
13 0.945455
13 1.000000
a:0
14 0.491228
13 0.427984
8 0.102847
5 0.151229
4 1.000000
2 0.000000
1 0.285714
13 0.709091
13 0.962963
12 0.705882
11 0.325926
10 0.225000
9 0.923077
4 0.148148
1 0.000000
1 0.000000
17 0.352941
14 0.711864
13 0.735849
12 0.705882
9 0.923077
7 0.677419
1 0
16 0.641568
15 0.874089
13 0.855967
13 0.490566
12 0.329863
11 0.831758
10 0.155491
8 0.290657
6 0.164609
6 0.133136
15 0.549830
13 0.444286
13 0.461538
11 0.702128
9 1.000000
6 0.123457
1 0.000000
1 0.166667
47
15 0.967742
14 0.736842
13 0.981132
12 1.000000
11 0.122051
11 0.108642
11 0.750000
10 0.500000
15 0.483871
14 0.627406
13 0.123769
12 0.960000
12 1.000000
10 1.000000
10 0.321237
9 0.947368
9 0.315559
8 1.000000
7 0.677419
6 0.666667
6 0.692308
a:0
a:0
14 0.736842
13 0.412562
12 0.244898
10 0.975610
a:6
17 0.685570
15 0.967742
15 1.000000
14 0.313703
14 0.250000
13 0.320988
13 0.692308
12 0.705882
12 0.171875
11 0.977778
9 1.000000
12 0.480000
11 0.500000
10 1.000000
9 0.947368
9 0.888889
5 0.226843
1 0.285714
1 0.166667
15 0.634921
13 0.166607
12 0.235294
12 0.164931
12 0.143229
11 0.122051
11 0.244444
10 0.116618
7 0.107143
14 0.500000
11 0.340909
16 0.855424
14 0.283034
13 1.000000
11 0.468085
11 1.000000
6 9
15 0.750000
13 0.750000
12 0.960000
14 0.928571
13 0.923077
12 0.750000
11 0.500000
10 1.000000
a:0
59
17 0.311419
16 0.320784
16 0.340828
15 0.327784
14 0.432818
6 0.666667
5 0.165289
5 0.714286
5 0.067500
4 0.631579
3 0.062500
2 0.545455
2 0.000000
15 0.262031
15 0.338619
13 0.111072
12 0.235294
10 0.321237
9 0.315559
6 0.156250
3 0.071006
16 0.477612
16 0.330579
9 0.461538
6 0.720000
5 0.300000
1 0.000000
15 0.483871
15 0.233333
13 1.000000
12 0.960000
12 0.489796
10 0.714286
10 0.487805
10 0.487805
9 0.710526
6 0.104167
16 0.738462
16 0.500000
15 0.317460
14 0.711864
12 0.304498
12 0.480000
12 1.000000
11 1.000000
11 0.468085
11 0.415879
10 1.000000
10 0.697674
9 0.299169
8 0.274286
8 0.290657
7 0.262227
7 0.373333
6 0.246914
3 0.213018
2 0.049383
2 0.000000
15 0.846561
15 0.366554
15 1.000000
14 0.836541
13 0.481481
13 0.292899
12 0.470588
11 0.199185
11 0.478261
9 0.236842
7 0.214286
6 0.750000
2 0.200000
2 0.250000
16 0.351562
15 0.725806
13 0.247537
13 0.692308
12 0.720000
14 0.865636
14 0.928571
12 0.687500
11 0.702128
10 0.697674
7 0.126884
6 0.078125
5 0.067500
5 0.150000
2 0.000000
2 0.120000
2 0.148148
1 0.000000
1 0.000000
15 0.983607
14 0.724138
14 1.000000
13 0.055536
11 0.623819
9 0.398892
a:3
68
13 0.320988
11 0.311909
a:0
a:3
a:3
a:1
17 0.596148
16 0.738462
15 0.737705
11 0.122051
11 0.244444
10 1.000000
6 0.073160
4 0.249135
3 0.122449
2 0.545455
1 0.000000
16 0.681657
15 0.466667
14 0.313703
11 0.217284
10 0.306122
10 0.321237
9 0.299169
9 0.315559
6 0.192000
14 0.336103
10 0.321237
4 0.249135
2 0.000000
16 0.641568
15 0.846561
15 0.437045
15 0.451492
14 0.949153
13 0.444286
12 0.705882
10 0.584100
10 0.214158
10 0.321237
9 0.210373
8 0.205693
5 0.181406
4 0.132964
2 0.181818
2 0.040000
1 0.000000
1 0.000000
1 0.000000
16 0.727273
15 0.163892
14 0.418271
12 0.405998
12 0.633600
12 0.979592
11 0.298778
10 0.975610
3 0.160000
3 0.250000
14 0.724138
15 0.967742
15 1.000000
14 0.965517
13 1.000000
12 1.000000
12 0.500000
10 0.714286
9 0.461538
9 0.947368
8 0.941176
6 0.266272
2 0.099174
2 0.049383
1 0.000000
a:1
a:0
a:1
a:2
a:0
77
16 0.146818
14 0.216409
11 0.733333
11 0.227273
16 0.500000
15 0.483871
14 0.491228
14 1.000000
13 1.000000
10 1.000000
7 0.199762
6 0.480000
5 0.067618
4 0.132964
2 0.148148
16 0.881543
15 0.874089
14 1.000000
12 1.000000
11 0.936170
10 1.000000
7 0.933333
4 0.199446
2 0.000000
2 0.000000
13 0.111072
9 0.199446
8 0.094041
8 0.218750
7 0.186667
3 0
10 0.321237
9 0.059700
8 0.102847
5 0.077745
1 0.000000
15 0.338619
13 0.962963
13 1.000000
13 0.750000
a:4
a:1
16 0.454438
14 0.965517
13 1.000000
13 0.500000
12 0.500000
a:0
17 0.750000
13 0.245283
11 0.122051
10 0.243902
6 0.096000
5 0.151229
5 0.181406
2 0.099174
2 0.120000
1 0.000000
11 0.977778
a:0
17 0.457047
16 0.855424
13 0.709091
13 0.320988
12 0.229167
10 1.000000
9 0.692308
7 0.103325
5 0.033809
4 0.631579
4 0.083045
3 0.400000
2 0.400000
2 0.000000
1 0.000000
88
15 0.846561
15 0.338619
15 0.808889
14 0.949153
12 0.941176
11 0.398370
10 1.000000
10 0.476190
9 0.473684
6 0.312500
5 0.082645
4 0.066482
13 0.130773
9 0.315559
8 0.082031
2 0.066116
1 0.000000
16 0.969697
15 0.967742
14 0.965517
14 1.000000
13 0.962963
12 1.000000
12 0.500000
7 0.933333
15 0.725806
15 0.175000
14 0.724138
a:1
a:1
a:0
a:13
15 0.327784
14 0.324614
13 0.481481
12 0.480000
10 0.476190
10 0.500000
8 0.096886
6 0
3 0.091837
2 0.181818
2 0.200000
a:1
14 0.216409
6 0.692308
6 0.576000
4 0.041989
15 0.737705
14 0.464286
13 0.490566
13 0.500000
12 0.489796
10 0.194700
10 0.642475
9 0.500000
6 0.444444
5 0.495868
5 0.082645
4 0.421053
14 0.313703
12 1.000000
96
15 0.500000
13 0.106996
12 1.000000
10 0.321237
5 0.075614
5 0.059176
4 0.166090
2 0.500000
1 0.200000
13 0.206281
12 0.916667
11 0.681818
14 0.313703
13 0.222143
8 0.242424
6 0.192000
4 0.074074
1 0
1 0.000000
14 0.216409
13 0.320988
8 0.188082
5 0.200000
3 0.010667
1 0.000000
16 0.714982
15 0.366554
13 0.923077
12 0.101499
9 0.094675
8 0.411387
8 0.875000
5 0.200000
4 0.332180
3 0.284024
3 0.083333
1 0.000000
1 0.000000
1 0.000000
16 0.492308
15 1.000000
14 0.232143
12 0.343750
10 1.000000
10 0.487805
10 1.000000
9 0.101957
7 0.093333
6 0.230769
6 0.104167
5 0.247934
4 0.222222
4 0.058620
2 0.187500
1 0.000000
17 0.914094
15 0.725806
15 0.750000
12 0.720000
11 0.234043
15 0.262031
14 0.255216
14 0.448138
13 0.962963
a:3
a:3
15 0.846561
15 0.338619
14 0.965517
14 1.000000
12 0.316800
16 0.716418
16 0.330579
15 0.366554
15 0.902983
14 0.982456
11 0.500000
6 0.658436
a:3
16 0.727273
15 0.967742
15 0.500000
14 0.324614
a:1
107
15 0.733107
15 0.983607
14 0.232143
13 0.230769
6 0.266272
4 0.249135
2 0.363636
2 0.200000
16 0.661157
14 0.313703
13 0.309421
11 0.702128
11 1.000000
10 0.930233
9 0.692308
9 0.243243
8 0.274286
7 0.262227
4 0.235294
2 0.666667
1 0.666667
15 0.846561
15 0.750000
14 1.000000
13 0.750000
12 0.750000
a:3
17 0.342785
16 0.716418
16 0.738462
15 0.500000
14 0.836541
13 0.481481
12 0.705882
9 0.692308
8 0.727273
8 0.109375
6 0.312500
3 0.010924
3 0.006944
1 0.000000
15 0.317460
15 0.327784
13 0.825124
16 0.110193
15 0.423280
14 0.313703
13 0.472727
12 0.720000
a:0
6 0.288000
3 0.275510
2 0.040000
15 0.338619
12 0.941176
8 0.274286
7 0.482759
2 0.000000
2 0.500000
1 0.000000
1 0.000000
115
17 0.342785
15 0.317460
15 0.577317
14 1.000000
13 1.000000
12 0.941176
11 1.000000
17 1.000000
15 0.091638
14 0.348214
13 0.500000
12 0.343750
11 0.113636
9 0.333333
4 0.470588
3 0.010667
2 0.000000
1 0.285714
1 0.000000
17 1.000000
15 0.211640
14 0.649227
14 1.000000
12 0.211200
10 0.731707
8 0.308540
7 0.084589
a:0
14 0.627406
10 0.952381
10 1.000000
9 0.729730
a:0
a:1
a:2
a:0
a:5
13 0.519231
12 0.329863
16 0.351562
12 0.608997
10 0.194700
9 0.947368
9 0.486486
8 0.193772
8 0.242424
7 0.174818
a:0
a:0
a:0
15 1.000000
15 0.577317
14 1.000000
10 0.108670
8 0.705882
7 0.262227
6 0.329218
5 0.226843
4 0.631579
17 0.470588
16 0.492308
16 0.468750
14 0.209135
14 0.224069
13 0.240741
12 0.240000
12 0.244898
11 0.500000
11 0.250000
a:5
124
16 0.484848
16 0.113609
14 1.000000
a:3
15 0.109261
15 0.933333
13 1.000000
12 1.000000
11 0.250000
10 0.232558
10 1.000000
10 1.000000
8 0.250000
7 1.000000
6 0.222222
4 0.631579
2 0.545455
2 0.400000
15 0.846561
15 0.466667
10 0.389400
3 0.250000
1 0.000000
1 0.000000
1 0.000000
16 0.427712
16 0.330579
15 0.437045
15 0.750000
12 1.000000
11 0.478261
11 0.217284
a:0
a:1
16 0.320784
14 0.736842
13 0.247537
a:0
a:0
a:3
a:1
a:1
15 0.733107
14 0.724138
14 0.696429
13 1.000000
12 0.960000
12 0.515625
10 0.500000
9 0.284024
8 1.000000
7 0.174818
14 0.104568
14 0.724138
14 0.348214
13 0.346154
12 0.343750
10 0.465116
9 0.461538
9 0.315559
8 1.000000
8 0.308540
6 0.444444
2 0.148148
1 0.000000
14 0.965517
12 0.960000
11 1.000000
11 0.717391
16 0.703125
15 0.294785
17 0.750000
15 0.327784
14 0.402969
13 1.000000
12 1.000000
9 0.500000
8 0.051292
8 0.500000
6 0.461538
3 0.428571
2 0.500000
135
15 0.983607
15 0.525000
14 0.896276
7 0.677419
7 0.724138
6 0.164609
5 0.207321
5 0.090703
5 0.300000
3 0.016386
3 0.500000
2 0.363636
2 0.187500
16 0.330579
14 0.711864
12 0.941176
17 0.685570
12 1.000000
11 0.478261
10 0.476190
15 0.725806
15 0.206186
13 0.427984
12 0.422400
9 0.500000
a:0
15 0.327784
14 0.649227
10 0.125361
8 0.205693
6 0.177515
a:0
16 0.661157
15 0.423280
14 0.474576
14 0.491228
a:4
16 0.340828
15 0.483871
13 0.722222
12 1.000000
11 1.000000
10 1.000000
9 1.000000
2 0.040000
2 0.049383
16 0.140245
15 0.218522
14 0.491228
13 0.213992
13 0.444286
13 0.346154
12 0.219908
11 0.199185
11 0.244444
11 0.113636
10 0.194700
9 0.238801
6 0.246914
5 0.151229
4 0.631579
16 0.330579
15 0.725806
11 0.717391
10 0.714286
9 0.750000
7 0.700000
5 0.082645
3 0.642857
15 0.116667
12 1.000000
10 0.476190
10 0.900000
9 1.000000
6 0.692308
2 0.545455
1 0.000000
146
14 0.750000
14 0.250000
13 0.750000
13 0.250000
10 0.238095
8 0.091429
6 0.088757
2 0.666667
1 0.000000
15 0.874089
14 0.965517
13 0.962963
8 0.581315
5 0.077745
a:0
13 0.481481
15 0.714286
14 0.896276
14 0.298469
13 0.709091
13 0.735849
12 0.343750
11 0.108642
10 0.476190
14 0.432818
13 0.481481
11 0.597555
11 0.217284
10 0.232558
10 0.975610
9 0.243243
7 0.466667
7 0.280000
6 0.177515
5 0.300000
4 0.210526
4 0.235294
14 0.324614
9 0.119401
8 0.102585
a:0
a:0
a:0
14 0.474576
13 0.412562
13 0.320988
12 0.470588
11 0.398370
10 0.217339
7 0.087409
6 0.024387
2 0.120000
1 0.000000
15 1.000000
a:8
15 0.349374
14 0.965517
13 0.333215
12 0.960000
12 0.439817
11 0.207940
11 0.488889
9 0.230769
9 0.972973
9 0.333333
8 0.228571
8 0.656250
8 0.492188
a:0
a:3
a:1
a:0
a:1
15 0.874089
14 0.336103
13 0.945455
13 0.855967
13 0.490566
12 0.633600
12 0.126720
11 0.152567
a:0
a:3
156
16 0.703125
14 0.672207
10 0.337500
7 0.093333
6 0.312500
5 0.226843
5 0.362812
3 0.005462
3 0.083333
2 0.049383
2 0.187500
1 0.400000
16 0.783031
8 0.102585
1 0.000000
12 0.489796
7 0.206651
4 0.058620
2 0.600000
1 0.000000
17 0.596148
14 1.000000
13 0.825124
17 0.342785
16 0.881543
16 0.908876
15 0.524061
15 0.737705
13 0.247537
12 0.358233
11 1.000000
9 0.473684
6 0.370370
6 0.532544
4 0.222222
1 0.000000
16 0.351562
16 1.000000
14 0.965517
11 0.796741
8 0.290657
17 0.352941
16 0.330579
14 0.537291
13 0.523091
6 0.532544
6 0.312500
5 0.067618
1 0.000000
1 0.000000
16 0.855424
15 0.634921
15 0.338619
7 0.466667
7 0.965517
5 0.681818
3 0.428571
2 0.545455
1 0
17 0.352941
15 0.109261
14 0.336103
13 0.087182
10 0.642475
5 0.600000
4 0.187500
4 0.281250
2 0.750000
16 0.855424
15 0.432988
14 0.241379
14 0.672207
13 0.240741
12 0.480000
16 0.330579
15 0.451492
14 0.491228
12 0.489796
9 0.271886
9 0.179101
3 0.071006
2 0.545455
15 0.327784
14 0.482759
13 0.945455
12 0.329863
4 0.132964
4 0.166090
169
15 0.846561
13 0.320988
13 0.490566
12 0.705882
11 0.293333
10 0.108670
9 0.101957
8 0.484848
3 0.461538
2 0.444444
1 0
17 0.914094
16 0.681657
16 0.937500
15 0.983607
14 0.736842
13 0.981132
12 0.705882
12 1.000000
11 1.000000
11 1.000000
10 0.204082
a:3
a:1
15 0.423280
15 0.874089
13 0.230769
12 0.960000
12 0.229167
a:4
a:4
16 0.714982
16 0.661157
15 0.327784
14 0.336103
14 0.336103
6 0.024387
6 0.222222
5 0.059176
4 0.020994
4 0.197531
1 0.285714
15 0.769756
14 0.336103
12 0.343750
11 0.831758
10 0.408163
4 0.132964
4 0.070312
1 0.000000
9 1.000000
9 0.086420
6 0.104167
4 0.058620
a:0
16 0.330579
15 0.483871
16 0.351562
15 0.524061
14 0.500000
12 0.439817
11 0.434568
4 0.373702
15 0.677237
14 0.141517
14 0.896276
13 0.333215
13 0.888572
11 0.733333
11 0.869136
9 0.284024
9 0.250000
8 0.727273
7 0.599287
7 0.250000
4 0.631579
179
16 0.477612
16 0.984615
15 0.327784
15 0.338619
15 1.000000
14 0.237288
14 0.896276
12 0.050750
10 0.217339
10 0.487805
10 0.337500
9 0.230769
9 0.333333
9 0.259259
8 0.205693
8 0.109375
7 0.131113
7 0.093333
6 0.288000
4 0.222222
3 0.065544
1 0.000000
16 0.427712
8 0.457143
8 0.705882
8 0.750000
7 1.000000
5 0.434783
5 0
2 1.000000
2 0.187500
1 0.000000
12 0.304498
11 0.702128
9 1.000000
7 0.451143
16 0.320784
16 0.750000
16 0.351562
14 0.736842
13 1.000000
12 1.000000
11 0.557851
6 0.164609
6 0.177515
3 0.213333
3 0.061224
2 0.060000
17 0.941176
15 0.846561
15 0.483871
14 0.464286
12 0.480000
12 1.000000
11 0.478261
11 0.454545
10 0.697674
10 0.476190
15 0.233333
a:0
11 0.796741
11 0.733333
5 0.434783
3 0
3 0.106667
2 0.187500
1 0.000000
1 0.000000
1 0.400000
1 0.000000
16 0.716418
15 0.725806
14 0.209135
12 0.720000
11 0.199185
11 0.311909
9 0.461538
8 0.102585
7 0.280000
16 0.716418
16 0.484848
16 0.738462
15 0.737705
10 0.584100
9 0.236842
7 0.524454
3 0.250000
1 0.000000
1 0.000000
16 0.454438
13 1.000000
12 0.500000
8 0.037399
7 0.428571
6 0.416667
5 0.090703
3 0.213018
189
14 0.965517
16 0.373988
15 0.437045
14 0.432818
11 1.000000
10 1.000000
7 0.857143
6 0.416667
5 0.100000
2 0.750000
15 0.714286
14 0.711864
13 0.412562
12 0.941176
11 0.750000
10 0.584100
9 0.500000
15 0.500000
14 1.000000
13 0.500000
10 1.000000
6 0.312500
2 0.066116
1 0.000000
1 0.000000
14 0.348214
13 0.207473
12 1.000000
12 0.720000
12 0.201957
11 1.000000
15 0.491803
15 0.144329
a:0
a:21
a:8
a:12
a:9
a:6
12 0.705882
11 0.139463
10 0.217339
9 0.152936
9 0.247995
8 0.141061
7 0.031111
7 0.149822
15 0.317460
15 0.655567
14 0.711864
14 0.965517
12 1.000000
11 0.831758
9 0.692308
a:0
a:0
12 1.000000
8 0.290657
7 0.280000
6 0.266272
5 0.247934
1 0.000000
1 1.000000
15 1.000000
14 0.482759
13 1.000000
17 0.794864
16 0.113609
16 0.750000
13 0.735849
a:5
a:13
a:0
a:7
a:3
a:1
16 0.908876
12 0.422400
9 0.210373
7 0.599287
6 0.327720
6 0.277778
5 0.909091
3 0.642857
2 0.080000
1 0.285714
201
201
