14 0.241379
13 0.309421
12 0.720000
12 0.489796
8 0.457143
6 0.192000
5 0.151229
5 0.181406
2 0.222222
15 0.327784
12 1.000000
11 0.717391
10 1.000000
10 0.714286
9 0.194444
16 0.747976
16 0.681657
15 0.317460
15 0.874089
15 0.902983
14 1.000000
13 0.240741
12 0.240000
12 1.000000
9 0.750000
8 0.387543
6 0.208333
5 0.151229
5 0.454545
2 0.444444
1 0.285714
15 0.109261
14 0.711864
14 0.482759
14 0.348214
13 0.309421
14 0.482759
13 0.888572
15 0.725806
14 0.724138
12 0.720000
12 0.979592
11 0.717391
11 0.977778
9 0.710526
15 0.750000
15 0.327784
14 0.949153
14 0.724138
13 0.106996
12 0.480000
12 0.480000
11 0.478261
11 0.977778
11 0.500000
10 0.975610
17 0.352941
16 0.340828
16 0.750000
15 0.725806
15 0.338619
13 0.490566
12 1.000000
17 0.467128
16 0.615234
14 0.482759
14 0.750000
13 0.962963
13 0.461538
12 0.304498
11 1.000000
11 0.108642
9 0.710526
3 0.106667
3 0.166667
2 0.049587
2 0.074074
1 0.400000
14 0.112034
13 0.709091
13
12 0.114583
17 0.352941
16 0.468750
15 0.466667
14 0.537291
13 0.709091
12 0.470588
16 0.330579
15 0.500000
14 0.500000
13 0.230769
12 0.500000
11 0.209194
10 0.376083
5 0.408163
14 1.000000
12 0.134638
11 0.511364
9 0.203914
9 0.236842
17 0.914094
16 0.351562
16 0.969697
16 0.511243
17 0.596148
14 0.313703
12 0.494794
12 0.343750
11 0.468085
9 0.631118
2 0.120000
17 0.750000
16 0.440455
16 0.750000
14 0.736842
13 0.371306
13 0.055536
13 1.000000
12 0.608997
12 0.480000
10 0.500000
9 0.500000
4 0.631579
2 0.062500
1 0.000000
15 1.000000
15 0.384878
11 0.956522
8 0.775087
7 0.087409
4 0.037037
3 0.020833
1 0.000000
14 0.324614
14 0.348214
12 0.489796
10 0.487805
9 0.710526
9 1.000000
23
15 0.634921
14 0.470554
14 1.000000
12 0.316800
11 0.207940
9 0.888889
8 0.308540
8 0.164062
7 0.174818
11 1.000000
8 0.685714
7 0.084589
5 0.051830
16 0.908876
15 0.983607
11 0.977778
10 0.975610
16 0.955224
14 0.836541
13 0.945455
16 0.330579
16 0.340828
15 0.274915
14 0.500000
13 0.115385
10 0.306122
15 0.466667
14 0.324614
13 0.481481
13 0.500000
11 0.103970
7 0.420000
16 0.747976
14 0.104568
14 0.486920
13 1.000000
13 1.000000
12 0.470588
12 0.844800
11 1.000000
17 0.342785
15 0.437045
15 0.483871
15 0.983607
15 0.933333
14 0.500000
13 1.000000
11 0.298778
11 0.122051
11 0.488889
11 1.000000
10 0.487805
9 0.486486
15 1.000000
14 0.241379
14 1.000000
13 1.000000
12 0.240000
12 1.000000
17 0.352941
15 0.274915
15 0.350000
14 0.896276
14 0.348214
12 1.000000
12 1.000000
12 0.750000
10 1.000000
9 0.101957
9 1.000000
9 0.500000
8 0.500000
5 0.151229
4 0.132964
3 0.013120
3 0.020833
2 0.888889
1 0.000000
33
16 0.747976
14 0.865636
12 0.633600
12 0.240000
12 0.329863
12 0.250000
15 0.317460
13 0.309421
13 1.000000
12 0.101499
12 0.439817
12 0.750000
15 0.350000
14 0.491228
14 0.750000
13 0.444286
12 1.000000
11 1.000000
11 1.000000
10 0.952381
10 1.000000
9 1.000000
17 0.941176
16 0.937500
15 0.131015
12 0.750000
11 0.099593
8 1.000000
4 0.562500
2 0.750000
1 0.000000
1 0.000000
14 0.736842
13 0.111072
13 0.923077
12 0.720000
12 0.500000
11 0.500000
10 0.428316
10 0.750000
9 0.333333
2 0.040000
1 0
12 0.219908
11 0.244103
9 0.210373
8 0.182857
4 0.049383
2 0.222222
1 0.000000
17 0.352941
15 0.737705
13 0.111072
12 0.960000
12 1.000000
41
14 0.711864
13 0.709091
9 0.333333
8 0.411429
8 0.308540
7 0.199762
4 0.066482
2 0.750000
1 0.000000
1 0.000000
14 0.724138
13 0.722222
13 0.781065
11 0.448167
11 0.717391
16 0.908876
16 1.000000
15 0.274915
15 0.245902
15 0.750000
12 0.105600
12 1.000000
11 0.623819
11 0.250000
10 0.408163
6 0.461538
5 0.100000
15 0.737705
15 0.933333
11 0.796741
15 0.218522
15 0.112873
14 0.324614
13 0.111072
13 0.461538
12 0.219908
17 0.352941
15 0.317460
12 0.659725
9 0.972973
2 0.033058
2 0
1 0.000000
1 0.000000
16 0.495868
16 0.703125
15 0.241935
15 0.338619
13 0.240741
12 1.000000
16 0.340828
15 0.655567
14 0.724138
14 0.336103
13 0.722222
12 0.720000
50
16 0.320784
15 0.338619
14 0.500000
13 0.309421
13 0.222143
12 0.202999
11 1.000000
10 0.321237
9 0.947368
15 0.634921
14 0.711864
14 0.982456
13 0.309421
13 0.222143
12 0.202999
16 0.984615
15 0.288659
14 0.324614
13 0.981132
12 0.235294
12 0.979592
11 0.468085
15 0.317460
14 0.336103
13 0.825124
13 0.722222
13 0.213992
13 0.222143
17 0.352941
16 1.000000
15 1.000000
14 1.000000
12 1.000000
17 0.457047
16 0.492308
16 0.681657
15 0.483871
15 1.000000
15 1.000000
14 0.482759
17 0.705882
16 0.492308
15 0.725806
15 0.350000
15 0.700000
13 0.236364
13 1.000000
13 1.000000
12 1.000000
11 1.000000
16 0.641568
16 0.661157
14 0.209135
14 0.482759
13 1.000000
12 0.941176
12 0.250000
17 0.342785
17 0.467128
15 0.902983
14 0.928571
13 0.111072
12 1.000000
10 0.204082
10 1.000000
10 1.000000
9 0.486486
9 0.750000
8 1.000000
6 0.163860
5 0.272109
4 0.470588
2 0.545455
2 0.040000
2 0.222222
2 0.062500
1 0.000000
1 0.000000
16 0.681657
16 0.468750
14 0.711864
7 0.084589
3 0.122449
61
15 0.327784
12 0.720000
11 0.478261
9 0.692308
8 1.000000
7 0.140000
6 0.666667
3 0.250000
1 0.000000
14 0.649227
12 0.489796
11 0.366154
8 0.548571
3 0.160000
2 0.400000
16 0.307617
15 0.634921
14 0.216409
14 0.116071
13 0.320988
12 0.844800
11 0.325471
10 1.000000
6 0.104167
16 0.969697
16 0.351562
15 0.967742
15 1.000000
13 0.692308
11 0.488889
10 0.487805
9 1.000000
9 1.000000
9 0.111111
9 0.333333
6 0.054620
6 0.277778
3 0.053333
15 0.437045
15 0.677237
14 0.201484
12 0.489796
12 0.343750
11 0.977778
10 0.975610
10 0.750000
8 0.274286
8 0.205693
6 0.073160
5 0.226843
2 0.099174
2 0.120000
2 0.666667
1 0.000000
14 0.336103
14 1.000000
15 0.846561
12 0.219908
8 0.750000
6 0.246914
4 0.199446
4 0.281250
3 0.160000
16 0.307617
15 0.476190
15 0.483871
14 0.482759
13 0.213992
13 0.222143
12 0.240000
12 0.219908
12 1.000000
11 0.234043
11 0.113636
9 0.923077
8 1.000000
7 0.451613
16 0.340828
13 0.962963
13 0.500000
70
17 0.500000
14 0.127608
14 0.298469
12 0.202999
11 0.448167
4 0.281250
2 0.000000
1 0.000000
14 0.836541
12 0.470588
12 0.240000
8 0.411429
8 0.308540
8 0.462810
3 0.083333
13 0.490566
9 1.000000
7 0.724138
2 0.049383
1 0.333333
17 0.529412
16 0.615234
14 0.711864
14 0.750000
10 0.697674
9 0.692308
8 1.000000
16 0.330579
13 0.500000
11 0.340909
10 0.214158
10 0.225000
16 0.146818
15 0.549830
14 0.510432
11 0.750000
4 0.199446
2 0.099174
1 0.000000
1 0.000000
16 0.908876
15 0.737705
11 0.651852
6 0.666667
6 0.692308
6 0.288000
78
15 1.000000
13 0.981132
12 0.063360
10 0.750000
7 0.700000
7 0.965517
5 0.408163
5 0.450000
4 0.470588
4 0.046875
2 0.000000
12 0.941176
12 0.250000
11 1.000000
10 0.238095
10 0.321237
15 0.327784
15 0.338619
14 0.237288
14 0.432818
13 0.206281
13 0.962963
13 0.222143
12 0.244898
11 0.162963
8 0.091429
8 0.096886
7 1.000000
5 0.272109
4 0.210526
2 0.222222
1 0.142857
14 0.949153
14 0.324614
12 0.235294
10 0.097350
10 0.952381
9 0.210373
8 0.470588
7 0.087409
7 0.466667
4 0.265928
3 0.053333
3 0.020833
2 0.000000
2 0.125000
1 0.000000
17 0.596148
16 0.661157
16 0.750000
14 0.108205
13 0.722222
13 0.333215
12 0.941176
11 0.702128
15 0.423280
13 0.945455
13 0.106996
12 0.105600
11 0.468085
11 0.260741
4 0.750000
3 0.053333
3 0.083333
15 0.491803
14 0.104568
86
16 0.410156
12 0.422400
11 0.207940
2 0.033058
2 0.062500
1 0.500000
16 0.402177
16 0.351562
15 0.846561
13 0.618843
12 0.811995
11 0.702128
10 1.000000
9 0.230769
7 0.225806
7 0.451613
17 0.492754
12 1.000000
11 0.977778
10 0.108670
9 0.101957
9 1.000000
8 0.969697
6 0.092160
5 0.453686
5 0.090000
3 0.013120
3 0.426036
2 0.148148
1 0.000000
15 0.327784
14 0.324614
14 0.141517
13 0.213992
11 0.250000
10 0.204082
15 0.327784
7 0.299643
7 0.160714
5 0.300000
1 0.000000
16 0.468750
15 0.241935
15 0.327784
15 0.808889
14 0.491228
12 0.439817
10 0.292050
9 0.486486
9 0.111111
8 0.102847
7 0.034442
2 0.666667
2 0.148148
1 0.000000
16 0.727273
16 1.000000
15 0.846561
14 0.736842
13 0.962963
12 1.000000
11 0.717391
10 0.487805
9 1.000000
9 0.236842
4 0.281250
15 0.733107
15 0.983607
14 0.949153
13 0.945455
13 0.737683
11 0.250000
9 0.220440
8 0.685714
7 0.349636
5 0.340265
5 0.181406
3 0.428571
3 0.083333
2 0.000000
1 0.285714
15 0.338619
15 0.350000
12 0.158400
12 0.458333
10 0.697674
9 0.692308
3 0
2 0
1 0.000000
1 0.000000
95
14 0.982456
13 0.320988
17 0.985507
15 0.983607
13 0.666429
11 0.733333
4 0.070312
2 0.000000
17 0.529412
16 0.527344
15 0.423280
15 1.000000
15 0.491803
13 0.103140
12 0.960000
17 0.685570
16 0.908876
14 0.324614
14 0.736842
14 0.500000
13 0.735849
12 0.734694
12 0.171875
11 0.049796
10 0.465116
9 0.189349
6 0.288000
5 0.165289
14 1.000000
13 1.000000
11 0.750000
10 1.000000
9 0.284024
8 1.000000
5 0.600000
4 0.083045
2 0.148148
1 0.000000
16 0.280491
16 0.738462
15 0.137458
15 0.491803
14 0.348214
10 0.487805
10 0.214158
15 0.317460
14 0.313703
17 0.457047
15 0.483871
14 0.965517
14 0.982456
13 0.427984
15 0.338619
14 0.750000
13 0.750000
12 0.750000
11 0.500000
10 0.434679
10 0.306122
10 0.500000
16 0.113609
14 0.482759
13 1.000000
16 0.641568
11 0.185950
1 0.000000
15 1.000000
17 1.000000
15 1.000000
14 0.649227
14 1.000000
13 0.722222
12 0.720000
11 1.000000
5 0.681818
108
17 0.705882
15 0.606667
13 0.371306
5 0.226843
15 0.634921
12 0.211200
10 0.465116
10 0.102041
9 1.000000
17 0.739130
16 0.468750
15 0.317460
14 0.711864
14 0.447704
13 0.490566
12 0.705882
12 1.000000
11 1.000000
11 0.488889
17 0.352941
16 0.855424
16 0.140245
15 0.317460
15 0.131015
15 0.700000
14 0.482759
13 0.111072
12 0.489796
11 0.298778
11 0.478261
9 0.378698
9 0.710526
8 0.328125
6 0.246914
6 0.266272
6 0.312500
5 0.247934
5 0.272109
4 0.222222
4 0.281250
3 0.053333
3 0.183673
14 1.000000
13 0.222143
11 0.468085
16 0.727273
15 0.634921
14 0.896276
17 0.941176
8 0.188082
6 0.092160
17 0.739130
15 0.655567
14 0.736842
13 0.722222
11 0.717391
10 0.125361
9 0.972973
8 0.387543
8 0.411387
4 0.035156
4 0.093750
3 0.053333
1 0.000000
116
11 0.199185
9 0.189349
8 0.308540
6 0.184320
5 0.038873
3 0.122449
1 0.000000
1 0.000000
14 0.865636
14 0.112034
14 0.149235
7 0.149822
6 0.073160
5 0.059176
3 0.183673
2 0.049383
1 0.000000
11 0.325926
8 0.308540
7 0.103325
2 0.099174
17 0.467128
16 0.984615
15 0.491675
15 0.350000
14 0.500000
13 0.472727
12 0.750000
9 0.230769
8 0.705882
6 6
17 0.985507
16 0.714982
15 0.491803
14 0.711864
14 0.711864
13 1.000000
15 0.725806
14 0.711864
14 0.724138
14 0.982456
11 0.733333
10 0.714286
16 0.320784
16 0.340828
12 0.979592
6 0.500000
3 0.071006
14 0.500000
14 0.149235
12 0.687500
11 0.468085
9 0.110220
9 0.631118
8 0.365714
8 0.102585
4 0.132964
4 0.148148
3 0.213333
3 0.244898
15 0.634921
15 0.437045
15 0.983607
14 0.982456
13 1.000000
12 0.979592
10 1.000000
9 0.315559
8 0.328125
7 0.724138
5 0.247934
3 0.142012
127
17 0.739130
15 0.983607
15 0.737705
14 0.134323
13 0.735849
13 0.500000
13 0.115385
11 0.750000
10 0.112500
9 0.049861
9 0.972973
9 0.064815
16 0.440455
14 0.216409
13 0.333215
12 0.750000
11 1.000000
10 0.225000
9 0.105186
8 0.228571
8 0.091429
2 0.120000
1 0.400000
17 0.596148
15 0.634921
15 1.000000
13 0.309421
13 0.962963
3 0
2 0
16 0.750000
12 0.734694
12 0.500000
10 0.321237
10 0.500000
8 0.308540
8 0.617080
7 0.299643
7 0.099881
15 0.725806
15 0.750000
14 0.724138
13 0.722222
10 0.487805
9 0.486486
8 0.153877
8 0.193772
8 0.411387
6 0.266272
6 0.288000
1 0.800000
16 0.280491
15 0.874089
15 0.737705
135
16 0.969697
15 0.846561
15 0.983607
14 0.112034
14 0.500000
13 1.000000
12 0.235294
12 0.720000
11 0.049796
14 0.711864
14 0.982456
9 0.692308
8 0.274286
8 0.091429
6 0.096000
5 0.226843
4 0.012346
2 0.000000
15 0.524061
15 0.524061
15 0.309280
15 0.983607
12 0.705882
11 0.702128
11 0.311909
10 0.697674
9 0.461538
6 0.048773
2 0.062500
16 0.351562
15 0.327784
11 0.311909
10 0.465116
17 0.914094
16 0.340828
15 0.737705
14 1.000000
16 0.495868
15 0.327784
13 0.320988
10 0.225000
8 0.705882
2 0.148148
16 0.727273
13 0.722222
11 0.207940
11 0.113636
10 0.952381
16 0.587274
4 10
144
16 0.320784
15 0.423280
12 1.000000
12 1.000000
11 0.478261
11 1.000000
10 0.476190
11 1.000000
14 0.522321
15 0.105820
14 0.649227
14 0.696429
12 0.250000
11 0.936170
15 1.000000
14 1.000000
13 1.000000
12 1.000000
7 0.233333
4 0.093750
1 0.285714
17 0.622837
16 0.969697
15 0.967742
15 0.750000
13 0.923077
12 0.763889
11 0.956522
10 1.000000
9 1.000000
9 1.000000
15 0.317460
13 0.618843
12 0.304498
11 0.702128
11 1.000000
10 0.337500
7 0.262227
6 0.052083
5 0.029588
4 0.006998
3 0.200000
3 0.142012
2 0.000000
16 1.000000
15 0.262031
12 0.960000
11 0.956522
11 0.488889
10 0.952381
9 0.461538
15 0.206186
15 0.384878
11 0.750000
10 0.750000
9 0.222222
8 0.242424
7 0.466667
7 0.172194
5 0.300000
4 1.000000
3 0.160000
2 0.363636
153
14 0.736842
14 0.348214
13 0.490566
13 0.138316
12 0.126720
10 0.975610
10 0.135000
9 0.129630
8 0.941176
8 0.969697
7 0.965517
7 0.321429
6 0.052083
5 0.151229
2 0.099174
2 1.000000
16 0.330579
15 0.524061
15 0.338619
14 0.313703
12 0.240000
12 0.329863
11 0.239130
11 1.000000
17 0.685570
16 0.969697
16 0.153809
15 0.151667
17 0.705882
16 0.661157
15 0.525000
13 0.320988
12 0.134638
11 0.717391
10 0.714286
8 0.705882
6 0.177515
4 0.083045
3 0.230769
1 0.333333
16 0.500000
15 0.902983
15 0.750000
14 0.104568
6 19
17 0.529412
16 0.113609
16 0.527344
15 0.233333
14 0.313703
10 0.326009
12 0.304498
2 0.120000
2 0.187500
1 0.000000
17 0.914094
13 0.709091
12 0.633600
12 0.879633
11 0.325926
10 1.000000
10 0.321237
10 0.487805
9 0.315559
9 0.420745
7 0.349636
3 0.166667
2 0.049383
1 0.000000
15 0.700000
14 0.736842
4 0.083045
2 0.120000
162
17 0.298074
16 0.293637
13 0.981132
12 1.000000
10 0.731707
13 1.000000
8 0.123047
1 0.000000
14 0.482759
12 0.480000
11 0.478261
10 0.476190
9 1.000000
7 0.280000
7 0.344388
6 0.052083
5 0.165289
4 0.444444
3 0.062500
2 0.181818
1 0.428571
1 0.000000
17 0.470588
15 0.317460
15 0.091638
14 0.127608
10 0.214158
8 0.193772
15 0.983607
12 0.470588
8 0.308540
5 0.041322
2 0.000000
1 0.000000
1 0.400000
1 0.000000
16 0.280491
16 0.750000
15 0.983607
13 0.320988
11 0.500000
12 0.705882
12 0.720000
11 0.717391
10 0.714286
9 0.710526
8 1.000000
5 0.750000
3 0.014222
2 0.000000
12 0.659725
11 0.114426
11 0.717391
170
15 0.500000
14 0.116071
11 1.000000
15 0.507928
10 0.675000
9 0.152936
7 0.299643
3 0.275510
1 0.000000
15 0.874089
14 0.649227
14 0.896276
12 0.811995
10 0.952381
2 0.099174
1 0.500000
17 0.739130
16 0.738462
15 0.737705
14 0.736842
13 0.490566
12 0.489796
12 1.000000
11 0.488889
16 0.351562
15 0.327784
13 0.103140
12 0.705882
11 0.488889
15 0.233333
15 0.933333
14 0.232143
12 1.000000
12 0.250000
15 1.000000
14 0.500000
13 0.500000
12 0.750000
10 0.714286
9 1.000000
8 0.705882
5 0.681818
14 0.448138
11 0.155955
10 0.102041
16 0.681657
14 1.000000
13 0.500000
179
16 0.330579
15 0.483871
15 0.577317
15 0.750000
14 0.724138
14 1.000000
13 0.722222
13 1.000000
12 1.000000
11 0.623819
11 1.000000
10 0.750000
16 0.661157
15 0.725806
14 0.724138
13 1.000000
12 0.489796
5 0.952381
4 0.842105
4 0.941176
17 0.500000
16 0.484848
16 0.234375
15 0.225746
14 0.865636
13 0.855967
12 0.720000
11 0.831758
10 0.306122
9 0.189349
8 0.290657
6 0.208333
5 0.300000
4 0.281250
3 0.041667
2 0.000000
2 0.000000
1 0.000000
15 0.507928
14 0.896276
11 0.488889
9 0.486486
12 0.422400
12 0.422400
16 0.727273
15 0.725806
14 0.736842
12 0.720000
11 1.000000
15 0.218522
13 0.333215
12 0.941176
11 0.936170
10 0.584100
16 0.937500
15 0.317460
14 0.486920
13 0.173077
12 0.101499
12 0.439817
10 0.160619
8 0.062694
6 0.246914
5 0.247934
4 0.562500
1 0.500000
17 0.415225
15 0.303333
10 0.778799
10 0.051020
7 0.903226
5 0
4 0.281250
4 0
17 0.750000
16 0.427712
13 0.750000
12 0.235294
190
190
