11 1.000000
10 0.204082
9 1.000000
9 0.079600
9 0.250000
7 1.000000
6 0
5 0.217391
11 0.750000
11 0.092975
10 0.750000
7 0.466667
7 0.482759
15 0.317460
15 0.245902
14 0.168052
13 0.245283
12 0.705882
12 0.244898
10 0.160619
9 0.692308
15 0.634921
15 0.349374
14 0.500000
12 0.941176
12 1.000000
11 1.000000
17 0.739130
17 0.941176
15 0.967742
15 0.245902
14 0.432818
13 0.481481
12 1.000000
15 0.262031
12 0.329863
2 0.000000
1 0.285714
12 0.405998
12 0.480000
10 0.102041
10 0.135000
9 0.461538
7 1.000000
4 0.105469
4 0.375000
2 0.000000
2 0.148148
16 0.320784
14 0.724138
13 0.709091
11 0.468085
11 0.239130
10 1.000000
8 0.091429
7 0.233333
5 0.340265
5 0.227273
3 0.013120
1 0.000000
1 0.000000
13 1.000000
16 0.340828
14 0.736842
13 0.309421
12 0.304498
11 0.733333
10 1.000000
9 0.729730
8 0.727273
8 0.328125
4 0.705882
1 0.000000
9 0.500000
2 0.049383
11
16 0.615234
13 0.825124
17 0.228523
16 0.330579
15 0.476190
14 0.474576
14 0.965517
13 0.472727
13 1.000000
12 0.470588
11 0.468085
15 0.902983
12 1.000000
1 0.000000
16 0.330579
13 0.103140
12 0.659725
3 0.183673
10 0.321237
16 0.727273
16 0.738462
15 0.655567
14 0.949153
14 0.504155
13 0.499822
12 0.329863
11 1.000000
10 0.975610
9 0.972973
6 0.041152
6 0.177515
6 0.208333
4 0.066482
14 0.965517
14 0.750000
13 1.000000
12 0.941176
11 1.000000
11 0.227273
10 0.204082
10 0.112500
4 0.664360
14 0.491228
13 0.309421
11 0.171638
9 0.426036
8 0.308540
7 0.321429
3 0.275510
2 0.062500
1 0.000000
1 0.000000
16 0.937500
15 0.846561
14 0.896276
8 0.056098
7 0.420000
7 0.199762
6 0.444444
5 0.302457
5 0.217391
4 0.187500
3 0.122449
16 0.937500
13 0.500000
12 0.235294
12 0.500000
17 0.352941
15 0.350000
14 0.474576
13 0.750000
6 0.245760
5 0.103661
2 0.099174
2 0.666667
22
17 0.457047
15 0.952381
15 0.491803
13 0.444286
12 0.439817
12 0.750000
11 0.702128
11 0.468085
11 0.733333
10 0.731707
9 0.243243
8 0.969697
5 0.869565
5 0.090703
4 0.078160
2 0.750000
1 0.166667
1 1.000000
1 0.500000
15 0.725806
14 0.724138
14 0.283034
11 0.956522
7 0.199762
7 0.107143
6 0.923077
5 0.681818
5 0.090703
4 0.666667
4 0.187500
3 0.125000
2 0.099174
1 0.000000
1 0.800000
11 0.311909
2 0.099174
1 0.000000
1 0.000000
1 0.000000
1 0.000000
17 0.467128
15 0.750000
11 0.195556
11 0.500000
10 0.500000
16 0.330579
14 0.982456
14 0.464286
15 0.476190
15 0.225746
14 1.000000
10 1.000000
9 0.111111
5 0.454545
2 0.600000
16 0.937500
15 0.432988
14 0.313703
14 0.283034
13 0.709091
12 0.089759
12 1.000000
11 0.234043
11 0.325926
11 0.750000
10 0.097350
17 1.000000
15 0.714286
15 0.698749
14 0.418271
13 0.472727
12 0.941176
9 0.420745
2 0.187500
1 0.000000
1 0.000000
14 1.000000
14 0.724138
13 0.346154
12 1.000000
11 1.000000
11 0.651852
10 0.476190
9 0.398892
5 0.500000
3 0.183673
1 0
1 0
15 1.000000
12 0.720000
11 0.717391
9 1.000000
4 0.132964
32
16 0.747976
13 0.962963
12 0.960000
14 0.965517
14 0.348214
13 0.523091
11 0.311909
6 0.246914
4 0.249135
3 0.091837
3 0.250000
1 0.428571
1 0.000000
13 0.333215
13 0.500000
14 0.672207
13 0.735849
12 0.734694
11 0.244444
10 1.000000
9 0.568047
9 0.157779
7 0.087409
7 1.000000
7 0.099881
6 0.240000
6 0.240000
5 0
5 0.250000
4 0.235294
4 0.250000
3 0
2 0.250000
1 0.000000
12 0.329863
10 1.000000
10 0.465116
9 1.000000
16 0.881543
15 0.549830
13 0.490566
2 6
17 0.705882
7 0.299643
5 0.500000
5 0.300000
2 0.049383
1 0.200000
16 0.908876
13 0.945455
13 0.981132
12 1.000000
12 1.000000
11 0.207940
3 7
16 0.340828
15 0.327784
14 0.237288
14 0.724138
12 0.941176
11 0.521481
10 0.856633
9 0.500000
41
14 0.649227
12 0.238822
12 0.201957
12 0.343750
11 0.478261
11 0.293333
10 0.476190
7 0.084589
5 0.077745
4 0.444444
4 0.024691
4 0.124567
3 0.428571
3 0.020833
2 0.545455
2 0.750000
1 0.333333
12 0.705882
9 0.315559
8 0.328125
6 0.666667
5 0.453686
3 0.053333
3 0.083333
1 0.000000
15 0.634921
15 0.327784
15 0.725806
15 0.338619
14 0.324614
14 0.112034
13 0.945455
13 0.320988
12 0.253440
11 0.936170
11 0.108642
9 0.923077
6 0.088757
1 0.000000
1 0
16 0.681657
14 0.949153
14 0.491228
13 1.000000
13 1.000000
12 1.000000
12 1.000000
11 1.000000
10 0.232558
10 1.000000
4 0
15 0.967742
15 0.288659
13 0.439349
12 0.734694
11 0.717391
11 0.325926
10 0.714286
9 0.473684
6 0.266272
2 0.000000
15 0.874089
14 0.724138
14 0.965517
13 0.981132
12 1.000000
12 0.720000
11 1.000000
11 1.000000
7 0.051663
7 0.321429
6 0.500000
4 0.049383
3 0.030612
3 0.142012
2 0.049383
1 0.400000
15 0.846561
15 0.327784
14 0.724138
13 0.722222
12 0.489796
12 0.500000
11 0.500000
17 0.529412
16 0.703125
15 0.451492
11 0.500000
10 0.250000
9 0.888889
15 0.437045
3 8
15 0.112873
15 1.000000
14 0.112034
12 0.470588
12 0.057292
11 0.468085
11 0.311909
8 0.182857
8 0.242424
16 0.641568
14 0.241379
14 0.566069
13 1.000000
12 0.489796
52
16 0.855424
16 0.351562
15 0.634921
13 0.735849
10 0.465116
9 1.000000
9 0.230769
16 0.320784
15 0.655567
15 0.733107
10 0.194700
9 0.099723
7 0.233333
3 0.200000
14 0.965517
13 0.309421
12 0.304498
12 1.000000
11 0.305135
10 0.217339
9 0.129630
8 0.274286
8 0.235294
8 0.290657
7 0.299643
5 0.155491
4 0.083977
3 0.319527
3 0.071006
1 0.000000
1 0.000000
11 1.000000
16 0.738462
15 0.983607
14 0.982456
13 1.000000
11 0.488889
10 0.487805
4 0.058620
3 0.200000
2 0.200000
1 0.400000
1 0.400000
1 0.500000
15 0.952381
14 0.474576
13 0.309421
13 0.222143
12 0.705882
2 0.000000
2 0.049383
15 0.423280
15 0.338619
13 0.722222
10 0.750000
9 0.710526
5 0.681818
4 0.199446
3 0.160000
15 0.327784
15 0.384878
13 0.320988
12 1.000000
10 1.000000
10 0.321237
9 0.284024
9 0.710526
7 0.140000
2 0.040000
2 0.062500
15 0.317460
13 0.115385
12 0.114583
11 0.298778
9 1.000000
2 0.040000
2 0.000000
17 0.352941
15 0.476190
10 0.465116
9 0.500000
17 0.622837
16 0.750000
14 1.000000
63
17 0.470588
16 0.969697
16 0.492308
15 0.491803
15 0.500000
14 0.313703
13 0.825124
13 1.000000
15 0.983607
14 0.982456
12 0.705882
12 0.734694
11 0.702128
10 0.465116
10 0.459184
8 0.685714
16 0.560982
15 0.725806
15 0.500000
14 0.500000
13 0.722222
12 1.000000
8 0.242424
8 0.250000
7 0.500000
6 0.625000
5 0.750000
2 0.062500
2 0.187500
16 0.330579
15 0.327784
14 0.491228
12 1.000000
12 1.000000
14 0.482759
14 0.348214
13 0.412562
13 0.945455
12 0.960000
11 0.298778
11 0.956522
2 0.500000
15 0.507928
14 0.336103
11 0.717391
11 0.488889
10 0.204082
9 0.461538
9 1.000000
7 0.393340
7 0.724138
4 0.249135
1 0.000000
6 0.177515
5 0.454545
5 0.136054
4 0.250000
2 0.600000
1 0.000000
1 0.000000
17 0.941176
16 0.703125
15 0.491803
13 1.000000
12 1.000000
71
16 0.681657
12 0.202999
7 0.373333
17 0.794864
16 0.330579
16 0.492308
14 1.000000
12 1.000000
11 1.000000
11 1.000000
15 0.655567
14 0.324614
9 0.110220
4 0.166090
4 0.281250
1 0.000000
15 0.750000
14 0.649227
15 0.350000
14 0.108205
12 0.480000
11 0.717391
9 0.710526
16 0.351562
14 0.216409
14 1.000000
17 0.228523
16 0.427712
16 0.484848
14 0.104568
14 0.432818
16 0.587274
15 0.216494
11 0.199185
16 0.527344
15 0.655567
14 0.649227
11 0.956522
11 1.000000
10 1.000000
10 0.952381
10 0.750000
9 1.000000
7 0.321429
15 0.725806
8 0.274286
8 0.290657
3 0.026239
1 0.000000
1 0.000000
15 0.698749
15 0.983607
12 1.000000
12 0.734694
11 0.733333
10 0.731707
9 1.000000
8 0.188082
3 0.166667
2 0.033058
2 0.040000
82
17 0.705882
16 0.330579
16 0.340828
16 1.000000
13 1.000000
12 0.470588
12 0.480000
11 0.468085
11 1.000000
10 0.238095
10 0.204082
15 0.233333
14 0.232143
12 0.219908
15 0.216494
14 1.000000
12 0.101499
11 0.343277
10 0.389400
6 0.082305
2 0.000000
15 0.902983
14 0.896276
12 0.329863
9 0.486486
5 0.302457
5 0.362812
3 0.122449
3 0.333333
2 0.250000
15 0.634921
14 0.724138
13 0.427984
12 0.960000
11 0.733333
9 1.000000
7 0.500000
6 0.246914
6 0.192000
5 0.100000
4 0.199446
4 0.074074
2 0.049587
1 0.142857
1 0
16 0.681657
16 0.351562
15 0.338619
15 0.750000
14 0.336103
13 0.333215
12 0.329863
11 0.488889
9 1.000000
9 0.666667
8 0.484848
8 1.000000
6 0.480000
3 1.000000
2 0.888889
15 0.437045
15 0.700000
14 1.000000
13 1.000000
12 0.105600
12 0.750000
9 1.000000
9 0.473684
8 0.274286
8 0.250000
6 0.250000
5 0.340265
4 0.250000
17 0.705882
16 0.351562
14 0.928571
11 0.343277
10 0.500000
9 0.203914
8 0.168295
7 0.087409
6 0.532544
6 0.156250
5 0.150000
4 0.421053
1 0.000000
91
15 0.967742
13 0.962963
12 0.844800
11 0.717391
9 0.473684
8 0.914286
6 0.329218
4 0.083977
3 0.250000
17 0.622837
16 0.351562
14 0.750000
13 0.346154
8 0.250000
3 0.004373
3 0.230769
2 0.222222
1 0.000000
1 0.000000
16 0.484848
14 0.482759
14 0.982456
16 0.855424
14 0.313703
14 0.432818
16 0.908876
16 0.205078
15 0.634921
14 0.250000
13 0.250000
12 0.705882
11 0.257457
11 0.557851
10 0.697674
9 0.692308
7 0.190326
6 0.384000
5 0.476190
14 0.627406
14 0.965517
13 1.000000
12 0.202999
12 1.000000
12 0.489796
11 0.217284
9 0.119401
6 0.104167
5 0.100000
4 0.083045
3 0.367347
2 0.727273
2 0.400000
2 0.062500
1 0.400000
16 0.881543
15 0.491803
14 0.402969
13 0.472727
13 0.923077
12 0.720000
12 0.439817
11 0.434568
10 0.900000
100
16 0.703125
15 0.350000
14 0.982456
13 0.945455
13 0.722222
11 0.750000
10 1.000000
9 0.099723
6 0.046080
5 0.045351
4 0.019540
2 0.222222
17 0.750000
15 0.714286
14 1.000000
12 0.750000
10 0.750000
9 0.333333
8 0.328125
6 0.416667
16 0.750000
15 0.466667
14 0.134323
14 0.750000
13 0.213992
12 0.750000
11 0.103970
10 0.816327
10 0.321237
9 0.315559
9 0.333333
6 0.088757
15 0.317460
13 0.750000
12 0.405998
12 0.480000
11 0.448167
8 0.096886
8 0.727273
8 0.750000
6 0.480000
5 1.000000
4 0.210526
13 1.000000
11 0.366154
17 0.342785
16 0.738462
14 0.504155
12 0.734694
11 1.000000
10 1.000000
9 0.243243
7 0.724138
4 0.705882
2 0.545455
1 0.000000
15 0.451492
15 0.350000
14 0.491228
12 1.000000
11 0.733333
10 0.487805
15 0.983607
11 1.000000
10 1.000000
9 1.000000
9 0.293920
9 0.243243
3 1.000000
3 0.052478
3 0.062500
109
17 0.685570
16 0.340828
14 1.000000
13 0.962963
9 0.203914
8 0.188082
8 0.484848
5 0.151229
5 0.227273
5 0
4 0.132964
2 0.066116
2 0.074074
1 0.000000
17 0.311419
15 0.500000
14 0.865636
13 0.962963
12 0.489796
11 0.717391
10 1.000000
9 0.259259
8 0.484848
7 0.482759
3 0.083333
2 0.062500
1 0.333333
17 0.705882
16 0.855424
16 0.340828
15 0.317460
15 0.846561
15 0.874089
14 0.711864
13 0.709091
12 0.941176
10 0.816327
9 0.110220
7 0.169179
3 0.106667
2 0.120000
1 0.000000
16 0.410156
15 0.725806
14 1.000000
13 1.000000
13 0.481481
13 0.115385
12 0.105600
11 1.000000
16 0.340828
15 0.846561
14 1.000000
13 0.427984
12 0.941176
11 1.000000
11 0.733333
10 0.465116
10 0.487805
8 0.091429
8 0.470588
7 0.063442
1 0.000000
15 0.750000
13 0.213992
10 0.194700
17 0.352941
16 0.351562
13 1.000000
13 1.000000
12 0.250000
11 0.733333
6 0
14 0.949153
16 1.000000
13 0.735849
11 1.000000
10 0.204082
10 1.000000
10 0.675000
9 0.486486
8 0.727273
7 0.482759
6 0.133136
6 0.096000
6 0.480000
6 0.156250
5 0.077745
3 0.061224
3 0.071006
17 0.514178
15 0.350000
13 0.709091
10 0.975610
9 1.000000
7 1.000000
5 0.181406
1 0.000000
119
16 0.110193
15 0.500000
14 0.500000
13 1.000000
11 0.325926
11 1.000000
10 0.188041
7 0.299643
5 0.952381
2 0.120000
2 0.062500
1 0.000000
15 0.476190
14 0.736842
13 0.472727
12 0.470588
11 1.000000
9 1.000000
7 0.174818
13 0.444286
12 0.439817
12 0.500000
11 0.434568
10 0.487805
10 1.000000
9 0.486486
8 1.000000
7 0.933333
7 0.199762
17 0.985507
17 0.470588
15 0.507928
16 0.320784
15 0.846561
15 0.338619
14 0.241379
13 0.240741
13 0.444286
12 0.405998
12 0.329863
12 1.000000
11 1.000000
10 0.204082
3 0.052478
3 0.333333
2 0.600000
15 0.846561
15 0.725806
12 0.480000
12 1.000000
11 0.478261
10 0.476190
8 0.242424
7 0.149822
17 0.342785
15 0.466667
14 0.491228
13 0.481481
12 0.109954
11 0.956522
10 0.952381
9 0.094675
9 0.947368
8 0.941176
8 0.750000
7 0.933333
6 0.923077
5 0.909091
5 0.045351
4 0.265928
4 0.888889
1 0.285714
1 0.250000
16 0.714982
16 1.000000
15 0.500000
13 0.472727
12 0.458333
10 0.697674
10 0.225000
9 0.692308
16 0.477612
15 0.233333
13 0.962963
12 0.202999
10 0.714286
9 1.000000
9 0.243243
6 0.222222
6 0.692308
5 0.100000
3 1.000000
1 1.000000
128
15 0.700000
15 0.500000
14 0.448138
14 0.928571
13 0.490566
12 0.844800
12 0.439817
11 0.108642
10 0.292050
2 0.545455
1 0.000000
14 0.474576
12 0.734694
11 0.750000
9 0.666667
6 0.240000
6 0.138889
5 0.300000
4 0.066482
3 0.061224
2 0.148148
16 0.357491
16 0.440771
15 0.634921
14 0.482759
13 0.481481
12 0.422400
7 0.103325
5 0.067618
4 0.024691
16 0.340828
15 0.451492
15 1.000000
16 0.351562
15 0.350000
11 0.228851
16 0.268118
10 0.731707
9 0.729730
6 0.246914
5 0.226843
4 0.199446
16 0.340828
16 0.703125
15 0.952381
15 0.327784
15 0.338619
15 0.933333
14 0.949153
12 0.329863
11 1.000000
10 0.232558
10 0.153061
9 0.230769
8 0.411429
17 0.470588
16 0.320784
16 0.427712
14 0.491228
14 0.500000
13 0.490566
13 0.500000
11 1.000000
17 0.705882
14 0.348214
13 1.000000
6 0.288000
4 0.093750
138
15 0.750000
14 1.000000
13 1.000000
12 0.811995
12 0.179517
11 0.468085
11 0.750000
10 0.476190
15 0.491803
16 0.330579
15 0.327784
14 0.474576
13 1.000000
12 0.470588
12 0.734694
14 0.313703
13 0.709091
12 0.304498
15 0.725806
14 0.418271
13 0.472727
12 1.000000
10 1.000000
9 1.000000
17 0.685570
17 0.352941
16 0.560982
15 0.317460
14 0.336103
13 0.206281
7 0.466667
6 0.177515
3 0.053333
2 0.099174
2 0.000000
16 0.641568
14 0.104568
14 0.432818
13 1.000000
12 0.101499
9 1.000000
15 0.808889
12 0.316800
6 0.164609
5 0.272109
4 0.148148
4 0.210938
3 0.122449
2 0.148148
1 0.285714
148
16 0.492308
16 0.351562
15 0.245902
10 0.487805
9 0.210373
8 0.308540
7 0.199762
6 0.480000
3 0.080000
16 0.681657
14 0.149235
13 0.123769
13 1.000000
11 0.340909
9 0.710526
9 0.486486
8 0.051292
8 0.484848
8 0.112196
3 0.642857
2 0.000000
2 0.187500
16 0.984615
16 1.000000
15 0.158730
14 0.162307
13 0.472727
13 0.240741
9 0.461538
9 1.000000
8 0.457143
14 1.000000
17 0.941176
15 0.725806
14 0.724138
14 0.348214
13 0.735849
12 0.734694
11 0.597555
11 0.488889
10 0.697674
8 0.182857
8 0.145329
4 0.029310
3 0.061224
1 0
14 0.711864
13 0.709091
3 0.250000
14 0.896276
13 0.309421
12 1.000000
11 1.000000
10 0.321237
157
14 0.537291
14 0.336103
13 0.333215
12 0.329863
12 1.000000
11 0.325926
10 0.188041
9 0.440881
9 0.315559
8 0.365714
7 0.451613
5 0.077745
3 0.250000
2 0.040000
1 0.333333
1 0.200000
1 0.000000
16 0.106928
15 0.196523
14 0.313703
13 0.722222
10 0.714286
10 0.500000
8 0.727273
7 0.724138
7 0.214286
3 0.367347
15 0.846561
13 0.945455
12 0.705882
11 0.702128
10 0.584100
10 0.243902
9 0.230769
3 0.250000
2 0.666667
15 0.109261
14 0.108205
13 0.346154
12 0.119411
12 0.500000
11 0.207940
11 0.500000
10 0.038873
10 0.500000
6 0.092160
5 0.077745
3 0.800000
2 0.020000
2 0.500000
1 0.333333
16 0.716418
16 0.750000
15 0.317460
15 0.725806
14 0.865636
13 0.722222
11 1.000000
17 0.705882
15 0.109261
15 0.116667
12 0.253440
12 0.329863
10 0.321237
8 0.308540
8 0.123047
8 0.218750
7 0.449465
7 0.053571
5 0.434783
5 0.200000
4 3
16 0.681657
15 0.451492
15 1.000000
13 0.320988
13 1.000000
13 0.461538
11 0.468085
9 0.500000
8 0.274286
7 0.262227
6 1.000000
5 0.454545
5 0.067618
4 0.296296
3 0.244898
2 0.060000
2 0.148148
17 0.457047
17 0.352941
15 0.338619
15 0.350000
12 0.720000
11 0.468085
1 0.142857
16 0.373988
13 0.213992
9 1.000000
9 0.086420
7 0.214286
6 0.048000
6 0.208333
5 0.200000
4 0.074074
4 0.187500
3 0.013120
3 0.083333
14 1.000000
10 0.102041
8 0.094041
7 0.214286
6 0.048000
6 0.500000
5 0.238095
15 0.483871
14 0.104568
13 0.472727
13 0.735849
13 0.250000
12 1.000000
168
15 0.423280
15 0.500000
14 0.711864
14 0.500000
13 0.236364
15 0.714286
15 0.327784
14 0.348214
13 0.981132
13 0.692308
12 0.750000
11 1.000000
10 1.000000
9 1.000000
6 0.088757
6 0.480000
1 0.000000
16 0.661157
10 0.337500
9 0.333333
1 0.000000
16 0.908876
14 0.928571
12 1.000000
12 0.734694
12 0.171875
11 0.936170
11 0.488889
11 1.000000
15 0.437045
12 0.480000
12 0.489796
11 0.478261
17 1.000000
15 0.393046
16 0.178745
12 0.329863
11 0.199185
6 0.164609
5 0.681818
3 0.642857
17 0.447111
15 0.491803
13 0.641975
12 0.633600
11 0.681818
10 0.612245
8 0.205693
6 0.532544
5 0.118353
5 0.495868
176
16 0.427712
13 0.412562
14 0.474576
13 0.618843
12 0.608997
11 0.099593
11 0.199185
9 0.094675
9 0.199446
9 0.105186
8 0.102847
7 0.015556
14 0.711864
13 0.945455
13 0.981132
12 0.879633
9 0.729730
7 0.214286
5 0.151229
2 0.120000
2 0.148148
2 0.187500
1 0.000000
15 0.412373
13 0.481481
12 0.500000
6 0
15 0.350000
14 0.104568
14 0.283034
13 0.722222
9 1.000000
16 0.908876
15 0.350000
14 0.134323
12 0.979592
12 0.071615
9 0.094675
7 0.126884
14 0.649227
14 0.736842
12 0.916667
11 0.478261
11 0.454545
10 0.232558
7 0.214286
5 0.362812
3 0.071006
2 0.074074
1 0.000000
15 0.750000
14 0.750000
13 0.500000
12 0.500000
11 0.500000
6 0.082305
5 0.180000
16 0.587274
15 0.677237
14 0.474576
17 0.470588
16 0.500000
15 0.967742
15 0.750000
14 0.750000
13 0.722222
13 0.750000
12 0.720000
12 0.500000
7 0.700000
7 0.107143
6 0.069444
3 0.083333
1 0.000000
16 0.250000
15 0.317460
15 0.054631
13 0.735849
11 0.239130
10 1.000000
9 1.000000
9 0.729730
5 0.714286
2 0.049383
1 0.250000
189
17 0.622837
11 0.977778
8 0.617080
1 0.000000
16 0.220386
16 0.351562
15 0.846561
13 0.464132
13 0.444286
16 0.703125
15 0.317460
15 0.737705
14 0.711864
14 0.736842
13 0.309421
13 0.346154
12 0.101499
12 1.000000
11 0.325471
9 0.250000
8 0.250776
7 0.250000
6 0.146319
15 0.737705
13 0.103140
17 0.342785
16 0.340828
4 0.049383
4 0.705882
2 0.545455
1 0.000000
1 0.000000
12 0.343750
3 0.500000
2 0.098765
15 0.750000
14 0.649227
13 0.722222
12 0.960000
12 1.000000
12 0.219908
17 0.457047
12 0.329863
12 0.572917
11 0.869136
10 0.107079
8 0.411387
7 0.321429
2 0.000000
15 0.327784
14 0.724138
14 0.500000
13 1.000000
12 0.720000
12 0.979592
11 0.717391
11 0.488889
10 1.000000
198
198
