15 0.262031 -0.214160
14 0.209135 -0.502729
7 0.321429 0.149235
6 0.177515 -0.514793
5 0.090703 -0.623583
15 0.338619 -0.112873
12 0.960000 0.115200
6 0.246914 0.149367
2 0.363636 0.330579
2 0.040000 0.000000
15 0.491803 -0.085514
14 0.491228 -0.180979
15 0.500000 0.033333
13 0.500000 -0.019231
12 0.960000 0.000000
10 0.233236 -0.225948
9 0.947368 0.000000
9 0.315559 -0.157779
8 1.000000 0.564014
8 0.308540 -0.154270
7 0.420000 0.000000
7 0.149822 -0.299643
6 0.144000 -0.288000
6 0.312500 -0.156250
5 0.681818 0.433884
5 0.136054 -0.272109
15 0.655567 0.380652
13 0.945455 0.481322
13 0.481481 0.000000
12 1.000000 0.250000
10 1.000000 0.534884
7 1.000000 0.548387
7 0.466667 0.000000
5 0.652174 0.538752
4 0.199446 0.099723
3 0.160000 0.080000
2 0.040000 0.040000
14 0.482759 0.158145
13 0.481481 0.000000
13 0.735849 0.236027
13 1.000000 0.560651
16 0.750000 -0.187500
14 0.736842 0.064635
14 1.000000 0.071429
13 0.722222 -0.240741
13 0.666429 0.000000
12 1.000000 0.000000
8 0.308540 0.140245
6 0.312500 0.208333
15 0.737705 0.229777
12 0.489796 0.000000
9 0.486486 0.000000
6 0.500000 0.291667
5 0.362812 0.000000
1 0.000000 0.000000
16 0.330579 -0.043409
15 0.733107 0.183277
14 0.649227 0.111936
14 0.168052 0.056017
14 0.116071 -0.406250
12 0.705882 -0.106113
12 0.250000 -0.250000
11 0.250000 0.000000
10 0.714286 0.000000
10 0.167148 -0.083574
10 0.750000 0.500000
9 1.000000 0.289474
9 0.250000 0.194444
7 0.140000 0.000000
6 0.040965 -0.081930
1 0.000000 -0.428571
9
16 0.750000 -0.187500
15 0.338619 -0.112873
14 1.000000 0.372594
13 0.412562 0.000000
12 0.405998 0.000000
11 0.956522 0.239130
10 0.952381 0.238095
10 1.000000 0.000000
9 0.236842 -0.473684
9 0.105186 -0.054015
9 0.333333 -0.111111
8 0.193772 0.048443
7 0.124444 0.000000
7 0.750000 0.000000
6 0.109240 0.000000
5 0.016905 -0.016905
3 0.183673 0.061224
16 0.783031 0.000000
12 1.000000 0.000000
10 0.930233 0.540833
10 1.000000 0.000000
16 0.320784 -0.394197
16 0.881543 0.694549
16 0.340828 -0.050687
15 0.525000 0.000000
14 0.209135 -0.261419
13 0.371306 -0.092826
13 0.641975 0.160494
12 0.229167 0.000000
11 0.298778 -0.403350
11 0.250000 0.022727
7 0.482759 0.083234
6 0.266272 -0.426036
15 0.725806 0.000000
14 0.237288 -0.599253
14 0.324614 0.000000
13 0.236364 -0.709091
13 0.346154 -0.173077
15 0.327784 -0.084589
13 0.412562 -0.206281
12 0.211200 -0.105600
10 0.153061 0.065598
4 0.074074 -0.370370
4 0.083045 -0.387543
16 0.495868 -0.165289
16 0.738462 -0.170414
15 0.737705 0.060468
15 0.750000 -0.183333
14 0.736842 0.064635
14 0.928571 0.000000
6 10
15 0.317460 -0.206601
9 0.110220 -0.338533
8 0.218750 -0.531250
7 0.093333 -0.606667
15 0.549830 0.000000
13 0.945455 0.326612
12 0.480000 -0.153600
6 0.416667 -0.052083
5 0.090158 -0.157776
4 0.041989 -0.257180
4 0.070312 -0.351562
3 0.007111 -0.232889
1 0.000000 0.000000
15 0.725806 -0.148283
14 0.324614 -0.212678
12 0.470588 -0.138408
12 0.316800 -0.316800
11 0.311909 -0.054245
11 0.139463 -0.278926
10 0.097350 -0.065655
10 0.500000 -0.500000
1 0
1 0
15 0.451492 -0.056436
14 0.482759 -0.004162
14 0.348214 0.012436
13 0.213992 -0.267490
12 0.329863 -0.164931
11 0.340909 -0.170455
9 0.461538 -0.230769
9 0.199446 -0.511080
7 0.262227 -0.131113
7 0.186667 -0.233333
7 0.199762 -0.524376
5 0.247934 -0.433884
21
14 0.245614 -0.202524
14 0.750000 0.250000
13 0.245283 -0.490566
12 0.750000 0.500000
16 0.855424 0.319188
16 0.330579 -0.165289
16 0.881543 0.320561
15 0.725806 0.234131
13 0.722222 0.561728
12 0.109954 0.008976
10 0.102041 0.024295
9 0.420745 0.341145
8 0.411387 0.373988
7 0.099881 0.030998
1 0.333333 0.333333
17 0.514178 -0.171393
16 0.716418 -0.139006
16 0.738462 0.000000
15 1.000000 0.682540
15 0.737705 -0.245902
16 0.615234 -0.205078
15 0.466667 -0.466667
14 1.000000 0.350773
14 0.464286 -0.464286
13 0.481481 0.053498
13 1.000000 0.076923
12 1.000000 0.788800
11 0.956522 0.895496
5 0.165289 -0.516529
17 0.739130 0.053560
17 0.352941 -0.477509
16 1.000000 0.030303
16 0.246154 -0.738462
15 0.350000 0.046667
14 0.491228 -0.491228
12 0.286458 0.000000
11 0.340909 -0.170455
10 0.750000 0.000000
9 0.243243 -0.243243
14 0.313703 -0.196729
12 0.304498 -0.507497
10 0.292050 -0.033959
10 0.450000 -0.056250
9 1.000000 0.027027
8 0.437500 0.000000
7 0.965517 0.366231
3 0.489796 0.000000
1 0.400000 0.400000
16 0.468750 -0.058594
15 0.437045 -0.054631
15 0.338619 -0.169309
14 0.127608 -0.186095
13 0.333215 -0.333215
13 0.500000 -0.019231
12 0.734694 0.074969
15 0.714286 0.238095
14 0.336103 0.123828
12 0.941176 0.000000
9 0.692308 -0.230769
9 0.238801 0.000000
8 0.548571 0.000000
4 0.421875 0.316406
2 0.148148 0.148148
2 0.062500 -0.062500
29
15 0.437045 0.000000
14 0.432818 0.000000
11 0.500000 0.159091
6 0.461538 0.284024
5 0.165289 -0.516529
4 0.020994 0.000000
16 0.727273 0.286501
16 0.230713 -0.589600
15 0.525000 -0.081667
13 1.000000 0.277778
12 1.000000 0.520000
7 1.000000 0.766667
6 0.088757 0.044379
5 0.247934 0.214125
5 0.181406 -0.294785
2 0.148148 -0.518519
1 0.142857 -0.285714
14 0.336103 -0.336103
13 0.888572 0.222143
9 0.473684 0.024931
3 0.062500 -0.312500
2 0.049383 -0.098765
1 0.000000 0.000000
13 0.230769 -0.519231
12 1.000000 0.250000
12 0.343750 -0.406250
9 0.333333 -0.416667
8 0.484848 0.279155
8 0.218750 0.000000
7 0.280000 -0.420000
7 0.214286 -0.107143
2 0.187500 -0.562500
1 0.250000 0.250000
15 0.317460 -0.075586
14 0.336103 -0.336103
12 1.000000 0.058824
12 1.000000 0.040000
12 0.979592 0.319867
11 1.000000 0.282609
10 1.000000 0.523810
10 0.975610 0.333135
9 1.000000 0.763158
8 0.048443 0.000000
7 0.233333 0.000000
7 0.750000 0.696429
6 0.266272 0.177515
4 0.062983 0.000000
4 0.398892 0.000000
3 0.160000 -0.080000
17 0.705882 0.083045
15 0.606667 -0.000000
13 0.309421 -0.309421
12 0.304498 -0.152249
11 0.298778 0.069927
10 0.292050 0.074710
9 0.426036 0.273100
5 0.067500 0.022500
3 0.041667 0.020833
15 0.750000 -0.183333
14 0.672207 0.336103
12 0.705882 0.000000
12 0.659725 0.329863
11 0.956522 0.000000
11 0.750000 0.000000
9 0.500000 0.055556
37
16 0.727273 0.000000
15 0.725806 0.000000
14 0.711864 0.241310
14 1.000000 0.134364
13 0.500000 -0.250000
11 0.651852 0.391111
10 0.750000 0.000000
9 0.036740 -0.257180
8 0.727273 0.110193
7 0.321429 0.206633
4 0.222222 -0.111111
1 0.428571 0.428571
14 0.448138 -0.306621
13 0.722222 -0.133745
12 0.500000 -0.500000
13 0.962963 0.320988
12 0.960000 0.326400
16 0.750000 0.134766
14 0.313703 -0.398161
14 0.522321 0.223852
13 0.981132 0.000000
13 0.222143 -0.513706
12 1.000000 0.040000
12 0.343750 0.128906
11 0.340909 0.131715
10 0.975610 0.243902
10 0.225000 -0.525000
17 0.685570 0.238459
15 0.393046 0.000000
13 0.276631 -0.276631
12 0.304498 -0.304498
12 0.316800 -0.105600
12 0.269276 -0.089759
11 0.298778 -0.298778
11 0.717391 0.509452
10 0.058309 0.019436
6 0.177515 -0.221893
5 0.453686 0.113422
5 0.200000 -0.250000
4 0.041989 -0.257180
1 0.000000 0.000000
16 0.373988 -0.186994
13 0.213992 -0.267490
10 1.000000 0.285714
10 0.487805 0.000000
9 0.119401 -0.353938
15 0.655567 -0.077540
15 0.700000 -0.108889
13 0.500000 -0.500000
12 0.500000 -0.500000
10 0.579572 0.144893
10 0.500000 -0.500000
9 0.473684 0.324100
9 0.238801 0.119401
9 0.333333 0.111111
8 0.037399 -0.074798
6 0.015360 -0.076800
3 0.183673 -0.091837
14 0.500000 -0.428571
6 0.081930 -0.317478
4 0.083977 -0.115469
15 0.714286 -0.132275
14 0.982456 0.086180
13 0.472727 -0.352397
13 0.500000 -0.500000
11 0.043457 -0.304198
15 0.466667 -0.342222
13 0.206281 -0.257851
13 0.666429 0.389798
13 0.461538 -0.319527
12 0.458333 -0.114583
10 0.408163 0.097182
48
13 0.722222 0.000000
12 0.705882 -0.106113
12 1.000000 0.520000
17 0.739130 -0.174963
17 0.250000 -0.455882
13 0.735849 0.069420
12 0.500000 0.041667
11 0.733333 -0.244444
11 0.557851 0.046488
9 0.473684 -0.324100
9 0.222222 -0.027778
6 0.096000 -0.624000
5 1.000000 0.628099
5 0.041322 -0.640496
15 0.677237 0.099920
13 0.735849 0.000000
17 0.914094 0.119230
16 0.113609 -0.669422
15 0.327784 0.052868
15 0.983607 0.213850
13 0.444286 -0.444286
11 0.478261 -0.478261
11 0.511364 0.092975
10 0.487805 -0.487805
10 0.337500 0.067500
9 0.486486 -0.486486
8 0.470588 -0.235294
7 0.093333 -0.046667
5 0.247934 -0.000000
2 0.120000 -0.060000
2 0.500000 0.437500
15 0.677237 0.099920
14 0.736842 0.568790
13 0.735849 0.000000
12 0.979592 0.244898
11 0.977778 0.488889
10 1.000000 0.512195
9 0.486486 0.243243
17 0.342785 -0.342785
16 0.881543 0.133567
15 0.491803 -0.491803
15 0.933333 0.326667
14 0.491228 -0.491228
12 0.480000 -0.480000
11 0.717391 -0.239130
10 0.238095 -0.714286
9 1.000000 0.526316
8 0.705882 0.124567
7 0.349636 0.180457
7 0.093333 -0.466667
6 0.088757 -0.177515
5 0.045079 -0.022539
4 0.013996 -0.069981
1 0.333333 0.333333
17 0.470588 -0.470588
16 0.340828 -0.170414
14 0.108205 -0.378716
13 1.000000 0.076923
11 0.434568 -0.054321
9 0.710526 -0.236842
15 0.874089 0.000000
15 0.338619 -0.094369
14 0.724138 -0.141498
14 1.000000 0.000000
15 0.338619 -0.169309
13 0.213992 -0.508230
17 0.685570 0.000000
16 0.681657 0.000000
15 0.737705 0.000000
14 0.736842 0.000000
13 0.735849 0.000000
15 0.714286 0.190224
15 0.952381 0.559335
13 0.709091 0.090248
13 0.320988 -0.202103
10 0.975610 0.118977
9 0.923077 0.355030
8 0.274286 0.000000
4 0.222222 -0.111111
4 0.093750 -0.328125
3 0.041667 -0.333333
2 0
14 0.209135 -0.418271
12 0.470588 -0.138408
12 0.844800 0.000000
11 0.099593 -0.697148
11 0.956522 0.000000
10 1.000000 0.047619
8 0.091429 -0.640000
8 0.235294 -0.705882
7 1.000000 0.813333
6 0.230769 0.053254
5 0.227273 0.061983
3 0.333333 0.000000
2 0.250000 0.000000
61
16 0.716418 0.074850
15 0.350000 -0.583333
13 1.000000 0.054545
13 0.173077 -0.346154
12 1.000000 0.058824
12 1.000000 0.280000
12 0.179517 -0.089759
12 0.143229 -0.620660
11 1.000000 0.282609
10 0.465116 -0.232558
16 0.351562 -0.468750
15 0.317460 -0.206601
9 0.461538 0.000000
4 0.199446 0.066482
3 0.214286 -0.428571
2 0.222222 -0.444444
2 0.750000 -0.250000
1 0.428571 0.000000
1 0.000000 0.000000
1 0.750000 0.750000
16 0.908876 0.713118
15 0.500000 -0.433333
13 0.206281 0.082512
6 0.177515 -0.088757
2 0.600000 0.540000
17 0.596148 -0.198716
11 0.733333 -0.244444
10 0.731707 -0.243902
5 0.090703 -0.090703
16 0.330579 -0.230403
15 0.338619 -0.238698
14 0.896276 0.224069
9 0.299169 0.225689
9 0.238801 0.079600
16 0.560982 -0.186994
16 0.293637 -0.489395
15 0.451492 0.355272
3 0.122449 -0.306122
3 0.250000 -0.125000
2 0.066116 -0.297521
2 0.000000 -0.222222
14 0.627406 -0.209135
12 0.705882 -0.106113
10 0.108670 -0.470902
9 0.105186 -0.054015
16 0.703125 -0.117188
12 0.489796 0.000000
17 0.352941 -0.269896
16 1.000000 0.272727
15 0.524061 -0.174687
70
17 0.914094 0.228523
17 0.705882 0.238754
15 0.350000 -0.350000
13 1.000000 0.333571
13 1.000000 0.307692
12 0.720000 -0.240000
12 1.000000 0.020408
2 7
1 5
17 0.352941 -0.352941
16 1.000000 0.296875
15 0.714286 0.079365
12 0.750000 0.062500
11 0.750000 0.250000
15 0.874089 0.148283
14 0.237288 -0.599253
14 1.000000 0.303571
14 0.232143 -0.517857
13 0.236364 -0.382479
10 0.465116 -0.465116
9 0.461538 -0.461538
9 0.236842 -0.473684
9 0.486486 -0.243243
8 0.731429 0.000000
7 0.482759 0.000000
6 0.082305 -0.082305
5 0.434783 0.359168
5 0.500000 0.400000
4 0.421053 0.288089
4 0.250000 0.156250
3 0.071006 0.054620
2 0.000000 -0.040000
17 0.685570 0.089422
15 0.483871 0.156087
13 0.444286 0.111072
12 0.329863 0.000000
11 1.000000 0.511111
17 0.750000 0.044118
16 1.000000 0.000000
15 0.874089 0.140982
15 0.750000 -0.250000
14 0.724138 -0.141498
14 0.750000 -0.250000
13 0.855967 0.000000
11 0.750000 0.000000
13 0.333215 -0.081732
8 0.182857 -0.502857
5 0.082645 -0.599174
5 0.067618 -0.304282
3 0.166667 -0.583333
2 0.120000 -0.480000
1 0.000000 -0.428571
1 0.000000 -0.500000
1 0.000000 -0.750000
17 0.941176 0.110727
15 0.655567 -0.218522
17 0.311419 -0.103806
15 0.216494 -0.216494
15 0.350000 0.000000
14 0.336103 -0.088448
14 0.500000 -0.196429
2 0.000000 -0.180000
2 0.500000 0.437500
1 0.400000 0.400000
1 0.250000 0.250000
16 0.855424 0.587306
14 0.724138 0.399524
12 0.705882 0.401384
11 0.103970 -0.079107
8 0.246094 -0.246094
5 0.226843 0.000000
5 0.200000 -0.250000
4 0.281250 0.210938
3 0.013120 -0.013120
2 0.049383 -0.617284
1 0.000000 -0.428571
1 0.000000 -0.600000
16 0.955224 0.099800
15 0.476190 -0.158730
14 1.000000 0.581729
13 1.000000 0.333571
17 0.352941 -0.114187
16 0.738462 -0.170414
15 1.000000 0.000000
14 0.672207 0.000000
13 1.000000 0.054545
12 1.000000 0.058824
10 0.465116 -0.232558
81
16 0.855424 0.319188
16 0.750000 -0.187500
15 0.634921 -0.211640
14 0.949153 0.000000
14 1.000000 0.327793
14 1.000000 0.250000
13 0.236364 -0.709091
17 0.467128 -0.363322
16 0.357491 0.000000
14 0.348214 -0.580357
10 0.487805 0.243902
9 1.000000 0.027027
8 1.000000 0.515152
17 0.750000 0.044118
16 0.330579 -0.090158
15 0.483871 -0.171696
15 0.350000 -0.350000
14 0.104568 -0.731974
14 0.482759 -0.241379
14 0.348214 -0.348214
13 0.103140 -0.721983
15 1.000000 0.274194
15 1.000000 0.500000
14 0.250000 -0.250000
15 0.634921 0.110859
15 0.437045 0.070491
14 0.313703 -0.522838
12 0.422400 -0.422400
11 0.311909 -0.054245
11 0.977778 0.000000
9 0.284024 -0.259748
9 0.972973 0.000000
5 0.725624 0.000000
3 0.213018 0.147474
2 0.600000 0.480000
1 0.000000 0.000000
13 0.461538 -0.461538
10 1.000000 0.024390
9 0.710526 0.511080
8 0.137143 -0.320000
7 0.131113 -0.320499
5 0.037807 -0.396975
2 0.000000 -0.180000
2 0.024691 -0.419753
11 1.000000 0.297872
9 0.461538 0.000000
7 0.233333 -0.326667
5 0.476190 0.204082
4 0.281250 0.210938
2 0.363636 0.000000
1 0.571429 0.571429
14 0.324614 -0.162307
13 0.130773 -0.350709
11 0.298778 -0.403350
10 0.204082 -0.255102
9 0.315559 -0.414171
8 0.290657 -0.415225
8 0.205693 -0.521579
6 0.246914 -0.419753
90
15 0.846561 0.211640
13 0.981132 0.000000
12 0.316800 0.000000
12 0.979592 0.000000
1 15
15 1.000000 0.125911
13 0.722222 -0.133745
13 0.735849 -0.152723
12 0.734694 0.074969
11 1.000000 0.043478
10 0.952381 0.000000
10 0.500000 0.000000
7 0.299643 -0.149822
6 0.192000 -0.528000
16 0.908876 0.321602
14 0.965517 0.532699
14 0.672207 0.294828
12 0.304498 0.185087
11 0.298778 0.184352
16 0.330579 -0.417397
15 0.327784 -0.546306
14 0.724138 -0.141498
11 0.415879 -0.301512
9 0.710526 0.112188
7 0.299643 -0.424495
15 0.491803 -0.491803
14 1.000000 0.017544
13 1.000000 0.018868
10 0.487805 -0.487805
9 0.299169 0.188949
7 0.560000 0.497778
6 0.266272 0.211652
5 0.123967 0.090158
5 0.371901 0.000000
4 0.222222 0.197531
1 0.000000 0.000000
1 0.500000 0.500000
16 0.661157 -0.086819
6 0.384000 -0.192000
4 0.166090 -0.539792
3 0.053333 0.049778
3 0.071006 -0.621302
13 0.472727 -0.352397
13 0.666429 0.166607
10 0.067500 -0.438750
4 0.009770 -0.048850
2 0.727273 0.578512
2 0.000000 0.000000
6 0.329218 -0.164609
4 0.249135 0.161205
4 0.470588 -0.470588
17 0.739130 0.292019
17 0.470588 0.055363
16 0.492308 0.037870
13 0.825124 0.206281
13 0.735849 -0.245283
12 0.811995 0.202999
12 0.734694 0.000000
11 0.207940 0.045204
11 1.000000 0.266667
10 0.930233 0.000000
13 0.722222 0.240741
13 0.115385 -0.346154
11 0.467864 0.000000
10 0.217339 -0.217339
16 0.661157 -0.220386
16 0.681657 -0.101375
14 1.000000 0.163459
13 0.236364 -0.588760
13 0.962963 0.320988
13 0.245283 -0.421146
12 0.960000 0.000000
11 0.733333 0.000000
11 0.831758 0.587655
5 0.495868 0.428249
102
15 0.933333 0.408333
14 0.402969 0.000000
13 1.000000 0.290909
12 0.633600 0.380160
12 1.000000 0.500000
10 0.930233 0.000000
10 0.116618 0.000000
9 0.923077 0.000000
16 0.495868 -0.065114
13 0.481481 -0.160494
10 0.714286 0.000000
9 0.299169 -0.149584
9 0.333333 -0.166667
6 0.266272 0.000000
3 0.500000 -0.250000
3 0.166667 -0.583333
2 0.033058 -0.512397
2 0.148148 -0.518519
16 0.727273 0.166291
15 0.725806 0.175976
14 1.000000 0.350773
13 0.722222 0.000000
17 0.352941 -0.588235
16 0.484848 0.044077
15 0.933333 0.000000
13 0.123769 -0.340364
12 0.152249 -0.553633
11 0.199185 -0.248981
11 0.227273 -0.522727
10 0.194700 -0.502975
9 0.189349 -0.502959
9 0.473684 0.000000
9 0.210373 -0.276114
12 0.304498 0.224891
12 0.316800 0.274560
6 0.123457 -0.246914
6 0.040965 -0.225307
6 0.500000 -0.250000
5 0.165289 -0.516529
3 0.166667 -0.583333
15 0.327784 -0.222047
12 0.475200 -0.369600
3 0.125000 0.111111
2 0.040000 0.040000
16 0.727273 -0.154270
12 0.329863 0.000000
12 0.500000 -0.187500
11 0.244444 -0.488889
10 0.731707 0.000000
9 0.073480 -0.073480
9 0.199446 -0.099723
7 0.280000 0.000000
7 0.857143 0.397959
7 0.107143 -0.045918
4 0.281250 0.210938
2 0.016529 -0.347107
15 0.327784 -0.038770
14 0.336103 -0.041276
13 1.000000 0.000000
11 1.000000 0.282609
10 1.000000 0.761905
7 0.933333 0.653333
16 0.681657 0.000000
15 0.393046 0.000000
14 0.736842 -0.245614
13 0.735849 -0.245283
14 0.836541 0.000000
14 0.268646 -0.218275
13 0.945455 0.000000
12 0.316800 -0.359040
11 0.936170 0.000000
9 0.189349 -0.502959
7 0.677419 0.649223
5 0.200000 -0.550000
3 0.053333 -0.546667
3 0.061224 -0.581633
2 0.040000 -0.560000
16 0.750000 -0.187500
15 0.451492 -0.451492
14 0.491228 -0.180979
13 0.444286 0.000000
11 0.155955 -0.259924
8 0.145329 -0.059841
6 0.192000 0.096000
5 0.181406 -0.294785
4 0.166090 -0.304498
2 0.400000 0.000000
14 0.474576 -0.152830
11 1.000000 0.531915
10 1.000000 0.302326
9 0.461538 0.000000
7 0.107143 -0.045918
5 0.075614 -0.075614
2 0.049383 -0.098765
114
17 0.342785 -0.452079
14 0.491228 0.000000
13 0.945455 0.236364
13 0.735849 0.000000
12 0.489796 -0.244898
11 1.000000 0.297872
11 0.244103 -0.223761
10 0.459184 0.196793
9 0.692308 -0.230769
8 0.274286 -0.091429
4 0.062983 -0.020994
3 0.010667 -0.010667
3 0.183673 0.170554
1 0.000000 -0.500000
17 0.596148 0.298074
12 1.000000 0.020408
11 0.488889 0.000000
17 0.467128 -0.155709
16 0.937500 0.234375
15 0.750000 0.000000
16 0.716418 -0.139006
16 0.783031 0.000000
15 1.000000 0.365079
15 0.218522 -0.507284
15 0.577317 -0.000000
13 0.825124 0.412562
12 0.229167 -0.520833
11 0.468085 0.000000
11 0.488889 0.162963
16 0.293637 -0.293637
15 0.967742 0.093652
15 0.338619 -0.238698
14 1.000000 0.034483
14 0.348214 -0.348214
13 1.000000 0.037037
13 0.735849 -0.152723
13 0.750000 0.057692
12 0.250000 -0.437500
11 0.681818 0.123967
10 0.097350 -0.337329
10 1.000000 0.285714
7 0.093333 -0.326667
2 0.062500 0.000000
14 0.672207 0.000000
12 0.101499 -0.355248
11 0.298778 -0.149389
9 0.461538 -0.230769
13 0.412562 -0.051570
13 0.481481 -0.481481
12 0.720000 -0.240000
11 0.448167 -0.253961
11 0.750000 -0.159091
15 0.338619 -0.338619
14 0.232143 -0.517857
12 1.000000 0.510204
12 0.244898 -0.489796
15 0.483871 0.046826
13 1.000000 0.111428
12 0.720000 0.086400
10 0.612245 0.495627
5 0.247934 0.214125
3 0.284024 0.000000
124
16 0.727273 -0.154270
15 0.714286 -0.132275
13 1.000000 0.290909
13 1.000000 0.358025
13 0.981132 0.000000
16 0.440771 -0.220386
16 0.681657 0.094383
15 0.983607 0.406290
15 0.466667 0.163333
15 0.700000 0.000000
14 0.348214 -0.099490
13 0.346154 -0.346154
12 0.705882 0.299885
12 0.811995 0.202999
11 0.311909 -0.311909
10 1.000000 0.047619
5 0.217391 -0.434783
5 0.227273 -0.454545
4 0.664360 0.547120
4 0
2 0.033058 -0.330579
1 0.428571 0.428571
17 0.830450 0.000000
16 1.000000 0.507692
16 0.750000 -0.187500
15 1.000000 0.274194
15 0.933333 0.000000
14 0.241379 -0.482759
14 0.750000 -0.178571
1 7
17 0.750000 -0.191176
16 0.714982 0.000000
15 0.451492 0.162833
15 1.000000 0.000000
14 0.949153 0.000000
12 0.500000 0.041667
16 0.351562 -0.109863
15 0.549830 0.137458
15 0.350000 -0.175000
14 0.348214 -0.348214
13 1.000000 0.111428
13 0.750000 -0.250000
12 0.750000 -0.250000
11 0.478261 -0.478261
17 0.705882 -0.124567
16 0.351562 -0.351562
15 0.655567 0.105737
15 0.750000 0.050000
14 0.711864 0.084458
12 0.480000 -0.364800
12 0.500000 0.000000
11 0.500000 -0.250000
10 0.500000 -0.250000
9 0.500000 -0.166667
8 0.500000 -0.156250
7 0.500000 -0.142857
5 0.750000 0.300000
4 0.705882 0.456747
3 0.333333 0.000000
3 0.250000 0.000000
16 0.320784 -0.215452
15 0.846561 0.147812
15 0.725806 0.070239
14 0.836541 0.000000
14 0.724138 0.074911
14 0.491228 -0.405048
12 0.705882 0.299885
12 1.000000 0.510204
17 0.914094 0.119230
14 0.313703 -0.313703
14 0.174107 -0.422832
10 0.250722 0.000000
9 0.238801 -0.000000
1 0.250000 0.250000
17 0.705882 -0.124567
16 0.320784 -0.394197
13 0.464132 -0.154711
12 0.152249 -0.253749
11 0.155955 0.033903
10 0.097350 -0.119989
10 0.540000 0.405000
9 0.461538 0.177515
8 0.182857 -0.067918
7 0.399524 0.296199
5 0.434783 0.132325
3 0.053333 -0.160000
1 0.200000 0.200000
133
16 0.293637 -0.489395
14 0.896276 0.448138
16 0.351562 -0.117188
14 0.336103 -0.336103
13 0.481481 -0.374486
13 0.500000 0.269231
12 1.000000 0.280000
11 0.234043 0.000000
11 0.434568 0.086914
10 1.000000 0.047619
9 0.486486 0.243243
5 0.090703 -0.272109
1 0.000000 -0.500000
16 0.641568 0.105332
14 0.627406 0.209135
13 0.709091 0.090248
12 0.720000 -0.240000
11 0.717391 -0.239130
10 0.714286 -0.238095
8 0.969697 0.727273
7 0.700000 0.513333
5 1.000000 0.500000
14 0.491228 0.043090
14 0.232143 -0.517857
13 0.444286 0.000000
13 0.472727 0.163306
13 0.855967 0.374486
13 0.222143 -0.277679
11 1.000000 0.551833
9 0.299169 0.149584
9 0.315559 0.157779
8 0.457143 -0.228571
15 0.350000 -0.175000
13 0.130773 -0.350709
12 1.000000 0.000000
8 0.091429 -0.284735
8 0.109375 -0.640625
7 0.099881 -0.624257
6 0.493827 0.000000
6 0
5 0.302457 -0.037807
5 0.362812 -0.045351
2 0.000000 0.000000
1 0.285714 0.285714
1 0.000000 0.000000
16 0.969697 0.308540
15 0.327784 -0.546306
15 0.874089 0.218522
15 0.737705 0.229777
14 0.896276 0.392121
13 0.481481 0.000000
13 0.692308 0.252959
11 0.702128 0.000000
10 0.697674 0.000000
143
16 0.908876 0.397633
16 0.937500 0.410156
15 0.634921 -0.063828
15 0.933333 0.408333
13 0.481481 -0.481481
10 0.232558 -0.697674
16 0.330579 -0.230403
15 0.634921 0.110859
14 0.724138 0.237218
12 0.329863 -0.164931
11 0.467864 0.193248
11 0.325926 -0.162963
10 0.952381 0.000000
9 1.000000 0.052632
9 0.179101 0.000000
8 0.094041 -0.317388
8 0.914286 0.548571
6 0.096000 0.072960
5 0.113422 0.083833
15 0.349374 -0.349374
15 0.677237 0.244250
15 0.466667 -0.466667
14 0.500000 -0.500000
13 0.500000 -0.250000
14 0.711864 0.084458
13 0.618843 0.000000
12 1.000000 0.058824
12 0.211200 -0.508800
12 0.500000 -0.015625
9 1.000000 0.307692
7 0.174818 -0.502601
6 0.164609 -0.502058
4 0.166090 -0.539792
4 0.187500 -0.562500
3 0.244898 0.240525
3 0.071006 -0.621302
3 0.166667 -0.583333
2 0.200000 -0.400000
2 0.222222 -0.444444
15 0.327784 -0.405324
14 0.268646 -0.447743
13 0.641975 -0.213992
12 0.480000 -0.480000
10 1.000000 0.285714
16 0.727273 -0.154270
15 1.000000 0.344433
14 0.482759 -0.166468
12 0.480000 -0.240000
10 0.476190 -0.238095
10 0.168750 0.101250
14 0.491228 -0.405048
12 0.734694 0.000000
10 0.217339 0.000000
10 0.731707 0.000000
9 0.222222 -0.527778
7 0.560000 -0.140000
7 0.233333 -0.186667
7 0.299643 0.067161
6 0.355030 -0.337278
2 0.024691 -0.641975
16 0.492308 -0.492308
14 0.736842 -0.245614
14 0.928571 0.530612
13 0.735849 -0.245283
12 0.219908 -0.274885
11 0.733333 -0.244444
9 0.461538 0.000000
6 0.096000 0.065280
2 0.033058 -0.512397
15 0.455000 -0.000000
13 0.666429 0.389798
12 0.286458 0.000000
11 0.278926 0.000000
10 0.214158 -0.267698
17 0.342785 -0.253363
16 0.881543 0.507555
15 0.737705 0.060468
15 1.000000 0.250000
14 0.649227 0.291033
153
15 0.952381 0.317460
14 0.313703 -0.313703
17 0.985507 0.071414
12 0.343750 -0.171875
10 0.233236 -0.225948
10 0.975610 0.487805
10 0.125361 -0.356495
9 1.000000 0.513514
16 0.320784 -0.215452
15 0.423280 -0.275468
15 0.737705 -0.165278
12 0.960000 0.000000
11 1.000000 0.282609
10 0.778799 0.344121
9 0.388889 -0.129630
6 0.109739 -0.109739
4 0.296296 0.000000
17 0.342785 -0.253363
15 0.491803 -0.185434
14 0.491228 -0.245614
13 0.490566 -0.245283
12 0.489796 -0.244898
5 0.033809 -0.338092
5 0.090703 0.032394
3 0.142012 -0.177515
2 0.040000 0.040000
2 0.000000 -0.148148
16 0.330579 -0.043409
15 0.634921 0.110859
15 0.700000 0.000000
14 0.482759 -0.004162
14 0.696429 0.174107
10 0.125361 -0.356495
8 0.102585 -0.333401
8 0.123047 -0.369141
7 0.093333 -0.326667
7 0.199762 -0.524376
4 0.020994 -0.278175
2 0.040000 -0.080000
1 0.000000 -0.285714
15 0.933333 0.000000
13 1.000000 0.000000
12 0.960000 0.000000
12 1.000000 0.000000
11 0.956522 0.000000
15 0.491675 -0.163892
15 0.101111 -0.423889
14 0.486920 -0.162307
11 0.956522 0.000000
14 0.212276 -0.070759
13 0.276631 0.000000
2 0.040000 -0.360000
1 0.000000 -0.333333
14 0.116071 -0.580357
11 0.478261 0.112107
11 0.733333 0.000000
16 0.280491 -0.093497
13 0.481481 -0.481481
13 0.981132 0.092560
10 0.428316 -0.240275
9 1.000000 0.052632
9 0.972973 0.131483
8 0.941176 0.000000
8 0.484848 -0.337925
7 0.700000 -0.233333
6 0.177515 -0.284024
6 0.480000 -0.096000
1 0.000000 0.000000
164
17 0.311419 -0.519031
16 0.681657 -0.101375
15 0.491675 -0.163892
15 0.750000 0.050000
14 0.324614 -0.324614
11 0.217284 -0.271605
11 0.227273 -0.330579
10 0.250000 -0.087500
9 1.000000 0.052632
9 0.666667 0.000000
6 0
4 0.210526 -0.055402
15 0.933333 0.326667
14 0.965517 0.316290
14 0.696429 0.248724
12 0.343750 -0.085938
5 0.250000 -0.200000
3 0.091837 0.030612
2 0.080000 -0.320000
2 0.500000 0.437500
16 0.320784 -0.215452
16 0.661157 0.520912
16 0.681657 -0.101375
15 0.952381 0.428319
15 0.750000 0.050000
14 0.324614 -0.541023
13 0.481481 -0.481481
13 1.000000 0.307692
12 0.480000 -0.480000
11 0.956522 0.000000
10 0.714286 -0.238095
9 0.710526 -0.236842
8 0.685714 0.137143
8 0.617080 0.000000
16 0.330579 -0.230403
15 0.327784 -0.327784
14 0.724138 -0.141498
12 0.480000 -0.153600
11 0.478261 -0.239130
11 0.325926 0.195556
14 1.000000 0.050847
14 1.000000 0.263158
15 0.737705 0.286213
14 0.156851 -0.470554
13 0.206281 -0.412562
13 0.245283 -0.421146
12 0.202999 -0.405998
7 0.099881 0.022387
1 0.142857 0.142857
15 0.196523 -0.327538
13 1.000000 0.527273
9 1.000000 0.270270
8 0.727273 0.000000
6 0.288000 0.000000
5 0.454545 0.000000
5 0.272109 0.194363
4 0.333333 0.185185
3 0.008746 -0.017493
17 0.830450 0.000000
17 0.352941 -0.352941
14 0.313703 -0.313703
13 0.481481 -0.160494
11 0.081368 -0.230542
9 1.000000 0.769231
6 0.036580 0.024387
5 0.181406 -0.294785
4 0.148148 -0.296296
4 0.083045 -0.387543
16 0.855424 0.140443
16 0.881543 0.133567
15 0.737705 -0.165278
15 0.933333 0.528889
14 0.711864 -0.124677
11 0.500000 0.000000
10 0.465116 -0.232558
10 0.487805 0.000000
9 0.461538 -0.230769
9 0.486486 0.000000
7 0.250000 -0.178571
5 0.500000 0.200000
3 0.142012 -0.177515
3 0.142012 -0.177515
2 0.666667 0.444444
2 0.187500 -0.093750
1 0.333333 -0.166667
173
15 0.327784 -0.222047
15 0.902983 0.225746
14 0.474576 -0.152830
13 0.735849 -0.245283
10 0.465116 0.000000
6 0.329218 -0.041152
6 0.355030 -0.044379
6 0.192000 -0.528000
6 0.104167 -0.645833
16 0.703125 0.087891
15 1.000000 0.125911
14 0.313703 -0.026585
13 0.709091 0.296529
13 0.962963 0.106996
13 0.346154 0.126479
12 0.164931 0.000000
11 0.956522 0.332703
11 0.217284 -0.027160
16 0.495868 -0.065114
15 0.714286 -0.132275
15 0.317460 -0.381288
14 0.736842 0.312290
13 0.333215 -0.404468
10 1.000000 0.534884
10 0.714286 0.102041
9 0.461538 0.000000
8 0.290657 0.059841
14 0.724138 -0.241379
12 1.000000 0.529412
12 0.720000 0.240000
11 1.000000 0.521739
10 1.000000 0.523810
9 0.710526 0.236842
8 0.969697 0.000000
7 0.093333 -0.186667
6 0.040965 0.013655
6 0.288000 0.000000
2 0.250000 0.000000
16 0.727273 0.066116
13 1.000000 0.679012
17 0.342785 -0.253363
16 0.587274 0.000000
15 0.714286 0.079365
13 0.499822 -0.166607
12 0.608997 0.152249
12 0.659725 0.000000
11 0.733333 0.000000
9 0.750000 0.305556
7 0.149822 -0.449465
6 0.222222 -0.271605
5 0.181406 -0.532880
2 0.099174 -0.099174
1 0.000000 -0.500000
1 0.000000 -0.750000
17 0.596148 0.000000
16 0.641568 -0.073413
16 0.681657 0.094383
16 0.750000 0.046875
15 0.338619 -0.564364
15 0.933333 0.233333
14 0.836541 0.326109
14 0.724138 -0.141498
13 0.750000 0.057692
1 0.000000 0.000000
181
15 0.262031 -0.214160
14 0.750000 0.285714
13 0.292899 -0.226331
15 0.317460 -0.158730
14 0.313703 -0.313703
14 0.724138 -0.141498
14 0.965517 0.241379
13 0.206281 -0.502810
12 0.941176 0.000000
11 0.936170 0.234043
10 0.930233 0.000000
9 1.000000 0.289474
9 0.972973 0.131483
8 0.914286 0.182857
7 0.524454 0.298882
7 0.043704 -0.633715
7 0.299643 -0.424495
16 0.293637 -0.097879
14 0.649227 0.000000
14 0.448138 0.070759
11 1.000000 0.043478
10 0.194700 0.000000
10 0.214158 0.000000
10 0.112500 -0.225000
9 0.710526 -0.236842
9 0.222222 -0.527778
7 0.700000 0.140000
16 0.738462 -0.170414
13 0.490566 0.268423
12 0.329863 0.219908
11 0.488889 0.000000
9 0.271886 0.203914
8 0.188082 0.125388
8 0.727273 0.418733
6 0.164609 -0.502058
15 0.577317 0.000000
14 0.324614 -0.324614
14 0.336103 -0.336103
13 0.213992 -0.267490
13 0.333215 -0.333215
11 0.415879 -0.051985
10 1.000000 0.268293
9 0.398892 -0.074792
6 0.104167 -0.364583
5 0.033809 -0.338092
2 0
15 0.524061 0.262031
15 0.655567 -0.077540
12 0.608997 0.000000
12 0.119411 -0.185087
11 0.278926 -0.232438
10 0.097350 -0.340725
9 0.105186 -0.368152
8 0.581315 0.145329
8 0.218750 -0.531250
7 0.373333 -0.046667
6 0.184320 0.000000
4 0.187500 -0.562500
3 0.600000 0.493333
14 0.482759 -0.166468
14 0.482759 -0.382878
12 0.422400 -0.211200
9 0.111111 -0.148148
5 0.454545 0.123967
5 0.272109 -0.136054
3 0.106509 -0.213018
2 0.148148 0.000000
1 0.285714 0.285714
190
16 0.855424 0.000000
14 0.216409 -0.270511
13 0.309421 -0.515702
12 0.705882 -0.235294
12 0.229167 -0.286458
16 0.391516 -0.391516
16 0.351562 -0.351562
15 0.846561 0.147812
14 0.896276 0.000000
11 0.500000 -0.181818
10 0.476190 0.017007
10 0.250722 0.167148
8 0.705882 0.000000
14 0.896276 0.000000
14 1.000000 0.000000
13 1.000000 0.054545
13 0.735849 -0.245283
14 0.141517 -0.362638
13 0.320988 -0.320988
5 0.476190 -0.238095
4 0.062983 -0.236186
3 0.428571 -0.214286
2 0.120000 -0.480000
1 0.000000 0.000000
1 0.000000 0.000000
16 0.681657 0.094383
15 0.338619 -0.564364
13 0.735849 -0.152723
13 0.346154 -0.434911
12 0.734694 0.074969
11 0.733333 0.407407
10 0.408163 0.174927
10 0.731707 0.410470
9 0.189349 -0.236686
9 0.598338 0.199446
9 0.729730 0.519357
8 0.182857 -0.502857
7 0.500000 -0.250000
6 0.266272 0.000000
6 0.192000 -0.528000
17 0.352941 -0.269896
16 0.351562 -0.263672
15 0.491803 -0.245902
15 0.700000 0.245000
14 0.928571 0.000000
10 0.438075 0.003396
2 0.545455 0.446281
16 0.307617 -0.307617
16 0.351562 -0.468750
15 0.983607 0.306369
16 0.481176 0.078999
14 0.736842 -0.017916
16 0.340828 -0.050687
15 0.338619 -0.046259
14 0.696429 -0.232143
13 0.722222 0.000000
13 0.490566 0.046280
13 0.500000 -0.019231
12 0.705882 0.096886
12 0.439817 0.000000
12 0.114583 -0.171875
11 0.702128 0.104572
11 0.956522 0.000000
10 0.714286 0.000000
9 0.094675 -0.662722
9 0.710526 0.000000
8 0.096886 -0.193772
7 0.093333 -0.186667
7 1.000000 0.850178
6 0.461538 0.195266
3 0.030612 -0.397959
17 0.685570 -0.109294
17 0.914094 0.119230
17 0.941176 0.110727
15 0.983607 0.532115
200
200
