13 0.461538
12 0.337920
7 0.154988
2 0.049383
17 0.352941
16 0.351562
14 0.750000
12 0.750000
8 0.656250
7 0.466667
7 0.724138
7 0.750000
6 0.177515
6 0
5 0.476190
5 0
4 0.049383
1 0.000000
1 0.000000
16 0.881543
16 0.246154
15 0.874089
14 0.711864
11 0.623819
10 0.217339
16 0.340828
15 0.634921
15 0.350000
14 0.627406
11 0.936170
3 0.500000
2 0.600000
16 0.783031
15 0.317460
15 0.677237
14 0.474576
13 0.490566
12 0.941176
16 1.000000
15 0.437045
15 0.677237
14 0.474576
14 0.672207
12 0.941176
12 0.240000
9 1.000000
17 0.685570
15 0.714286
15 0.500000
16 1.000000
15 1.000000
13 0.981132
13 0.346154
12 0.500000
11 0.500000
8 0.470588
6 0.044379
6 0.461538
4 0.222222
2 0.600000
1 0.000000
10
15 0.109261
14 0.108205
14 0.491228
13 0.481481
12 1.000000
8 0.228571
7 0.225806
7 0.280000
3 0.039359
3 0.250000
2 1.000000
1 0.250000
16 0.320784
15 0.725806
14 0.711864
13 0.709091
12 0.470588
12 0.101499
11 0.076284
10 0.054335
16 0.587274
16 0.461426
14 1.000000
11 0.488889
9 0.486486
11 1.000000
16 0.110193
15 0.483871
15 0.338619
12 0.960000
12 0.979592
11 0.103970
9 1.000000
8 0.308540
16 0.320784
12 0.470588
15 0.483871
15 0.327784
14 0.104568
14 0.432818
12 1.000000
11 0.298778
11 0.478261
10 0.250000
9 0.210373
8 0.102847
17 0.470588
14 0.500000
13 0.115385
11 0.139463
9 0.518519
8 0.109375
7 0.160714
6 0.184320
4 0.296296
3 0.031250
1 0.000000
20
17 0.492754
16 0.908876
15 0.902983
14 0.424552
14 0.750000
13 0.666429
13 1.000000
15 0.524061
14 0.711864
14 0.324614
12 0.480000
11 0.478261
2 10
14 0.724138
13 0.427984
12 0.422400
12 0.734694
12 0.500000
10 0.476190
10 0.428316
10 0.450000
9 0.568047
9 0.500000
8 0.500000
3 0.030612
2 0.125000
1 0.000000
15 0.338619
14 1.000000
13 0.490566
11 0.733333
13 0.130773
5 0.082645
2 0.049383
17 0.685570
15 0.491675
14 0.482759
15 0.634921
14 0.836541
13 0.472727
11 0.340909
9 1.000000
8 0.205693
5 0.118353
4 0.083977
3 0.083333
1 0.000000
15 0.483871
14 0.724138
13 0.481481
12 1.000000
15 0.366554
17 0.342785
10 0.306122
9 0.189349
7 0.186667
6 0.088757
4 0.333333
2 0.000000
2 0.020000
2 0.000000
1 0.000000
30
16 0.703125
15 1.000000
14 0.491228
14 0.464286
13 0.461538
16 0.246154
15 0.437045
15 0.491803
15 0.116667
14 0.711864
15 0.423280
14 1.000000
13 0.320988
13 0.461538
12 0.941176
12 0.211200
9 0.972973
8 1.000000
3 0.160000
3 0.122449
3 0.319527
2 0.049383
2 0.062500
11 0.311909
8 0.328125
7 0.199762
7 0.500000
6 0.312500
5 0.300000
16 0.881543
14 1.000000
12 1.000000
11 1.000000
14 0.313703
13 0.709091
13 0.138316
11 0.977778
16 0.738462
12 1.000000
11 1.000000
10 0.975610
9 1.000000
8 0.091429
6 0
3 0.213333
2 0.363636
1 0.000000
15 0.634921
14 0.313703
12 0.109954
3 0.500000
15 0.902983
14 0.474576
14 0.724138
14 0.464286
13 0.481481
12 0.720000
10 0.714286
9 0.420745
3 0.692308
3 0.250000
2 0.250000
1 0.142857
1 0.166667
1 0.000000
1 0.250000
1 0.000000
39
17 0.622837
17 0.750000
15 0.491803
11 0.468085
7 0.280000
5 0.247934
3 0.106667
2 0.187500
1 0.000000
15 0.983607
14 1.000000
15 0.733107
14 0.724138
14 0.336103
13 0.123769
12 0.480000
12 0.734694
12 0.750000
11 0.162963
11 0.750000
10 0.160619
7 0.099881
6 0.399408
4 0.124567
3 0.166667
2 0.033058
2 0.040000
1 0.142857
1 0.000000
1 0.000000
15 0.902983
13 0.490566
15 0.350000
14 0.896276
13 1.000000
11 1.000000
10 0.540000
7 0.241379
6 0.246914
6 0.104167
5 0.041322
4 0.222222
3 0.010667
3 0.041667
2 0.148148
1 0.000000
1 0.000000
14 0.865636
14 0.377379
13 0.962963
11 0.977778
10 0.930233
10 0.952381
10 0.975610
9 0.199446
8 0.274286
8 0.096886
7 0.599287
6 0.048000
6 0.208333
15 0.317460
15 1.000000
17 0.914094
16 0.738462
15 0.725806
15 0.677237
14 0.108205
12 0.358233
12 0.960000
12 0.734694
11 0.207940
11 0.217284
9 1.000000
4 8
14 0.127608
14 0.149235
13 0.123769
15 0.549830
14 0.474576
14 0.736842
10 0.952381
9 0.250000
8 0.685714
8 0.274286
3 0.142012
2 0.187500
1 0.142857
50
15 0.317460
14 0.711864
12 0.329863
11 0.623819
11 0.434568
17 0.342785
15 0.698749
15 0.846561
14 0.896276
8 0.462810
4 0.373702
13 0.309421
11 1.000000
13 0.618843
10 0.194700
10 0.487805
10 1.000000
15 0.874089
15 0.902983
5 0.681818
3 0.007111
1 0.000000
16 0.340828
15 0.524061
15 0.491803
13 0.309421
15 0.327784
15 0.175000
6 0.192000
4 0.222222
3 0.106509
12 0.316800
11 0.750000
9 0.222222
8 1.000000
3 0.122449
3 0.125000
2 0.000000
2 0.187500
1 0.000000
1 0.400000
1 0.250000
58
15 0.737705
2 15
16 0.881543
16 0.246154
15 0.349374
14 1.000000
13 0.245283
11 0.244444
11 0.434568
10 1.000000
17 0.596148
16 0.113609
15 0.437045
12 0.879633
11 0.391111
10 1.000000
8 0.470588
8 0.617080
7 0.206651
5 0.454545
4 0.444444
4 0.148148
3 0
2 0.120000
1 0.000000
1 0.250000
17 0.985507
16 0.984615
14 0.482759
14 0.500000
13 0.481481
12 0.979592
11 0.488889
9 0.378698
2 0.800000
15 0.737705
14 0.336103
13 0.333215
13 0.500000
12 0.458333
10 0.389400
10 0.450000
8 0.617080
6 0.500000
3 0.400000
2 0.098765
16 0.280491
13 0.750000
11 0.311909
10 0.146025
3 0.053333
2 0.049587
15 0.733107
15 0.677237
13 1.000000
10 0.952381
9 1.000000
9 0.444444
6 0.177515
4 0.140625
3 0.006944
2 0.040000
1 0.000000
1 0.000000
66
15 0.952381
15 0.225746
14 0.491228
14 0.149235
13 0.945455
13 0.981132
13 0.461538
12 1.000000
10 0.225000
9 0.052593
7 0.093333
3 0.160000
2 0.363636
2 0.062500
1 0.166667
17 0.342785
16 0.234375
14 0.627406
14 0.672207
13 0.495074
12 0.238822
12 0.979592
12 0.329863
9 0.059700
7 0.482759
7 0.160714
3 0.005462
2 0.600000
2 0.666667
15 0.483871
11 1.000000
16 0.234375
15 0.725806
15 0.750000
14 0.696429
13 1.000000
15 0.874089
15 0.466667
13 0.500000
12 0.316800
7 0.107143
17 0.685570
15 0.714286
15 0.338619
13 0.981132
12 0.979592
11 0.977778
10 0.975610
17 0.750000
15 0.737705
17 0.342785
16 0.340828
15 0.327784
15 0.338619
14 0.313703
15 0.317460
11 0.325926
11 0.743802
7 0.677419
6 0.246914
5 0.226843
5 0.272109
5 0.038873
4 0.199446
1 0.000000
14 0.724138
13 0.309421
10 0.952381
7 0.933333
6 0.444444
5 0.077745
3 0.642857
2 0.000000
2 0.000000
76
15 0.327784
14 0.566069
13 0.103140
12 0.470588
11 1.000000
10 0.697674
8 0.457143
7 0.451613
15 0.737705
12 0.304498
12 0.979592
11 0.869136
11 0.750000
10 0.321237
10 0.750000
15 0.952381
15 1.000000
14 1.000000
12 0.470588
10 1.000000
7 0.199762
6 0.444444
6 0.177515
5 0.434783
4 0.249135
2 0.120000
1 0.000000
1 0.000000
16 0.340828
13 0.750000
12 0.304498
12 0.916667
10 0.337500
8 0.164062
2 0.600000
16 0.481176
14 0.711864
14 0.336103
13 0.309421
11 0.340909
10 0.321237
9 0.333333
8 0.685714
6 0.923077
1 3
17 0.500000
16 0.340828
14 0.724138
12 0.304498
12 0.960000
12 0.500000
10 0.292050
10 0.500000
9 1.000000
8 1.000000
11 0.468085
10 0.465116
7 0.103325
7 0.750000
6 0.092160
5 0.151229
3 0.122449
1 0.000000
16 0.747976
15 0.491803
13 0.481481
13 0.111072
12 0.687500
10 0.243902
10 0.337500
9 0.461538
15 0.524061
13 0.735849
12 0.238822
12 1.000000
11 0.977778
9 0.972973
8 1.000000
3 0.032772
1 0.000000
15 0.105820
15 0.491675
15 0.338619
14 1.000000
14 0.928571
13 0.472727
12 1.000000
87
16 0.747976
15 0.874089
3 0.284024
13 0.709091
16 0.351562
15 0.750000
14 0.736842
13 0.735849
12 0.979592
12 0.439817
12 0.114583
5 0.330579
17 0.985507
17 0.352941
13 0.333215
11 1.000000
10 0.487805
4 0.333333
3 0.275510
1 0.000000
14 0.627406
13 0.709091
10 1.000000
9 0.250000
8 0.250000
4 0.210526
3 0.026667
3 0.230769
16 0.330579
15 0.384878
16 0.468750
15 0.737705
14 0.418271
10 1.000000
16 0.681657
16 0.410156
15 0.338619
14 0.448138
13 0.735849
11 0.733333
9 0.047337
8 0.137143
3 0.367347
2 0.400000
15 0.349374
15 1.000000
15 0.350000
14 0.116071
11 1.000000
15 0.846561
15 0.902983
14 0.836541
14 0.736842
13 0.825124
13 0.735849
12 0.202999
12 0.734694
11 0.733333
97
15 0.933333
14 0.865636
13 0.855967
13 1.000000
11 0.956522
10 0.270000
9 0.473684
4 0.421053
4 0.074074
3 0.061224
1 0.333333
17 0.685570
16 0.681657
15 0.677237
14 0.736842
12 0.343750
15 0.451492
14 0.474576
14 0.500000
12 1.000000
4 0.299169
2 0
1 0.000000
1 0.000000
15 0.952381
13 0.495074
13 0.346154
12 0.480000
11 0.500000
10 0.476190
1 0.000000
17 0.622837
16 0.468750
15 0.655567
13 0.309421
13 1.000000
11 0.298778
11 0.956522
10 0.214158
10 0.500000
9 0.111111
8 0.193772
6 0.164609
17 0.622837
16 0.351562
15 0.655567
12 0.960000
2 0.500000
12 0.480000
2 0.099174
1 0.000000
1 0.400000
105
17 0.739130
13 1.000000
12 0.480000
12 0.244898
11 0.717391
11 0.244444
15 0.366554
14 0.566069
13 0.888572
11 0.340909
7 0.199762
5 0.165289
4 0.093750
3 0.083333
2 0.049383
1 0.000000
15 0.737705
13 0.490566
11 0.733333
11 0.139463
9 1.000000
8 0.411387
6 0.036580
5 0.038873
2 0.099174
1 0.000000
16 0.351562
15 0.327784
14 0.382824
14 0.074617
12 0.456747
12 0.105600
11 0.597555
10 0.952381
17 0.914094
17 0.941176
16 0.908876
13 0.735849
12 0.734694
11 1.000000
9 0.486486
9 0.345679
14 0.949153
14 0.696429
12 0.304498
12 0.316800
11 0.511364
7 0.063442
7 0.043704
5 0.041322
2 0.099174
15 0.350000
14 0.348214
10 0.476190
10 0.900000
7 1.000000
6 1.000000
5 0.082645
5 0.090703
4 0.222222
3 0.026239
16 0.330579
15 0.714286
15 0.700000
14 0.711864
14 0.500000
13 0.709091
12 1.000000
11 1.000000
10 1.000000
9 0.119401
8 0.188082
6 0.480000
5 0.151229
5 0.714286
4 0.132964
4 0.470588
2 0.545455
2 0.049383
1 0.000000
1 0.000000
1 0.000000
114
7 0.186667
3 0.122449
3 0.284024
2 0.500000
1 0
15 0.677237
9 0.568047
9 0.972973
6 0.219479
6 0.240000
3 0.426667
3 0.122449
3 0.426036
3 0.461538
15 0.491803
15 0.491675
15 0.750000
14 0.241379
16 0.661157
15 0.725806
14 0.724138
13 0.346154
12 0.734694
11 0.500000
10 0.975610
9 0.500000
7 0.482143
6 0.164609
6 0.720000
14 0.198980
12 0.109954
11 0.207940
11 0.500000
10 0.194700
10 0.204082
9 0.099723
8 0.193772
7 0.131113
7 0.186667
17 0.342785
15 0.350000
14 0.736842
12 0.506880
11 0.702128
11 0.733333
10 0.731707
10 0.135000
6 0.720000
15 0.655567
14 0.649227
12 0.202999
12 0.720000
12 0.229167
11 0.099593
15 0.327784
14 0.482759
14 0.750000
13 0.481481
8 0.112196
7 0.199762
6 0.104167
5 0.050000
4 0.140625
3 0.400000
3 0.091837
2 0.020000
123
16 0.727273
16 0.937500
15 0.967742
14 0.965517
14 0.965517
13 1.000000
12 0.960000
14 0.104568
13 0.709091
12 0.705882
12 1.000000
15 0.714286
15 0.655567
15 0.737705
13 1.000000
12 0.979592
10 0.232558
9 0.972973
7 0.084589
6 0.246914
5 0.226843
17 1.000000
16 0.536236
16 0.984615
15 0.714286
13 0.962963
13 0.735849
12 0.705882
11 0.468085
9 1.000000
9 1.000000
6 0.444444
3 0.250000
15 0.634921
15 0.655567
14 0.627406
14 0.324614
14 0.500000
12 1.000000
10 0.238095
9 1.000000
7 0.903226
4 0.199446
3 0.027778
1 0.166667
15 0.952381
15 0.288659
15 0.737705
14 0.711864
12 0.304498
1 0.000000
1 0.000000
16 0.330579
14 0.245614
12 0.405998
11 0.099593
11 1.000000
10 0.389400
8 1.000000
7 0.225806
14 0.865636
12 1.000000
10 0.731707
9 0.473684
6 13
14 0.313703
13 0.309421
13 0.427984
13 0.735849
11 0.977778
10 0.731707
9 0.729730
8 0.727273
7 0.724138
4 0.421053
4 0.008230
4 0.166090
3 0.461538
2 0.444444
15 0.437045
13 0.309421
13 0.481481
13 0.130773
15 0.737705
6 0.138240
5 0.476190
4 0.083045
3 0.071006
136
16 0.560982
15 0.549830
15 0.112873
14 0.348214
13 0.750000
11 0.139463
6 0.500000
3 0.083333
2 0.181818
2 0.222222
1 0.285714
1 0.200000
13 0.333215
6 0.266272
5 0.247934
5 0.300000
14 0.724138
13 0.962963
16 0.330579
15 0.500000
14 0.482759
14 0.464286
13 0.461538
12 1.000000
11 0.717391
15 0.714286
15 0.737705
13 0.735849
12 0.480000
15 0.327784
12 0.470588
14 0.313703
13 0.412562
13 0.240741
11 0.468085
10 0.232558
9 0.923077
7 0.451613
6 0.355030
6 0.384000
6 0.416667
5 0.227273
5 0.250000
4 0.148148
3 0.400000
2 0.148148
14 0.127608
12 0.229167
8 0.205693
8 0.328125
5 0.165289
4 0.049383
2 0.120000
16 0.280491
14 0.482759
14 0.500000
13 1.000000
12 0.489796
11 0.478261
10 0.975610
9 0.750000
9 0.222222
8 0.182857
7 0.186667
6 0.164609
6 0.720000
5 0.454545
4 0.148148
15 0.393046
12 0.158400
11 0.311909
147
14 0.649227
14 0.491228
14 0.448138
13 0.722222
13 0.490566
12 0.489796
11 0.488889
9 0.710526
16 0.714982
16 0.855424
16 0.340828
12 0.152249
11 0.149389
11 1.000000
8 0.047020
7 0.321429
5 0
1 0.142857
1 0.000000
1 0.000000
16 0.738462
15 0.737705
14 1.000000
13 1.000000
13 0.750000
11 0.733333
16 0.351562
15 0.500000
14 0.500000
13 0.750000
11 0.651852
10 0.389400
16 0.681657
15 0.317460
15 0.338619
14 0.112034
13 0.519231
12 0.750000
11 0.298778
11 0.750000
7 0.299643
4 0.049383
2 0.800000
1 0.000000
12 0.250000
10 1.000000
3 0.122449
2 0.033058
2 0.031250
1 0.000000
1 0.000000
15 0.655567
12 0.480000
11 0.149389
3 0.320000
16 0.714982
15 0.655567
15 0.737705
10 1.000000
9 0.923077
9 0.111111
8 1.000000
6 0.329218
3 0.031250
2 0.000000
1 0.000000
15 0.245902
12 0.489796
7 0.349636
6 0.500000
1 0.000000
1 0.333333
156
16 0.747976
16 0.937500
14 0.108205
13 0.106996
11 0.311909
10 0.232558
10 0.238095
9 1.000000
8 0.290657
2 0.000000
2 0.049587
2 0.062500
1 0.000000
1 0.250000
15 0.476190
15 0.967742
14 0.724138
13 0.165025
13 0.481481
15 0.677237
13 1.000000
13 0.923077
12 0.489796
11 0.750000
3 0.500000
15 0.874089
15 0.500000
14 0.504155
13 0.735849
11 1.000000
9 1.000000
6 0.192000
17 0.352941
16 0.351562
12 0.304498
3 0.142012
1 0.000000
1 0.200000
1 0.000000
17 0.311419
16 0.330579
15 1.000000
14 0.382824
13 1.000000
12 0.316800
11 0.750000
10 0.116618
5 0.038873
4 0.020994
3 0.016386
16 0.340828
12 0.489796
12 0.500000
17 0.470588
14 0.482759
13 0.481481
13 0.346154
12 0.480000
12 0.343750
15 0.952381
14 0.313703
12 0.304498
11 0.415879
11 0.434568
10 0.217339
165
16 0.234375
15 0.725806
14 0.836541
14 0.232143
13 0.500000
12 0.960000
12 0.480000
6 0.500000
17 0.298074
13 0.490566
16 0.330579
15 0.655567
12 0.329863
11 0.260741
10 0.642475
9 1.000000
7 0.025831
7 1.000000
6 0.444444
17 0.685570
16 0.468750
14 1.000000
13 0.481481
13 0.490566
16 0.820312
15 0.725806
15 0.491803
14 1.000000
12 0.470588
7 0.299643
4 0.105469
2 0.148148
15 0.655567
14 0.649227
14 0.348214
12 1.000000
10 1.000000
9 0.473684
7 0.062222
6 0.355030
3 0.010924
2 0.000000
1 1.000000
15 0.725806
13 0.320988
13 0.333215
12 0.105600
7 0.174818
6 0.246914
5 0.714286
4 0.148148
3 0.061224
3 0.083333
1 0.000000
1 0.000000
15 0.218522
15 0.750000
14 1.000000
13 1.000000
12 0.202999
12 0.211200
12 1.000000
10 1.000000
9 0.199446
9 1.000000
8 0.193772
7 0.321429
6 0.177515
5 0.045000
12 0.101499
175
17 0.705882
16 0.160392
15 0.967742
15 1.000000
14 0.865636
12 0.720000
11 0.702128
9 0.710526
8 0.581315
8 0.484848
7 0.280000
4 0.197531
16 0.681657
14 1.000000
13 0.333215
12 0.105600
11 0.207940
11 0.454545
9 0.189349
9 0.099723
8 0.045714
8 0.941176
8 1.000000
7 0.933333
6 0.230769
5 0.454545
3 0.183673
14 0.711864
11 0.298778
11 0.325926
9 0.315559
8 0.308540
7 0.724138
17 0.500000
15 0.500000
14 0.500000
13 0.722222
17 0.622837
16 0.340828
15 0.349374
14 0.482759
13 1.000000
12 1.000000
16 0.440771
15 0.677237
12 0.480000
12 1.000000
9 0.444444
8 0.387543
8 0.727273
8 0.437500
6 0.576000
6 0.416667
4 0.666667
2 0.666667
1 0.000000
1 0.000000
1 0.400000
16 0.560982
16 0.703125
15 0.952381
15 0.350000
14 0.348214
13 1.000000
13 1.000000
12 1.000000
16 0.615234
14 0.224069
14 0.464286
13 0.481481
12 0.941176
12 1.000000
12 1.000000
12 1.000000
184
15 0.317460
11 0.750000
8 0.750000
16 0.351562
15 0.317460
14 0.982456
13 0.309421
11 1.000000
11 0.311909
13 0.481481
9 0.473684
8 0.470588
3 0.428571
1 0.000000
16 0.280491
11 0.468085
10 1.000000
9 0.461538
9 0.220440
9 1.000000
16 0.110193
16 0.468750
3 0.461538
2 0.148148
1 0.000000
1 0.000000
1 0.000000
1 0.500000
13 0.490566
10 0.731707
9 0.189349
7 0.099881
4 0.049383
4 0.105469
2 0.000000
2 0.500000
1 0.000000
1 0.333333
14 0.627406
13 0.185653
12 0.269276
10 0.292050
10 0.714286
10 0.116618
10 0.337500
9 1.000000
9 0.157779
7 0.482759
6 0.329218
5 0.181406
3 0.106667
3 0.142012
192
192
