17 0.830450
15 1.000000
13 0.962963
13 0.923077
12 0.960000
11 0.956522
11 0.651852
10 0.097350
9 0.710526
9 0.129630
8 0.705882
7 0.700000
5 0.300000
4 0.148148
15 0.338619
14 0.336103
13 0.333215
12 0.405998
11 0.305135
11 0.103970
11 0.217284
10 0.018112
10 0.612245
9 0.016993
8 0.470588
5 0.434783
4 0.066482
2 0.040000
1 0.000000
1 0.000000
13 0.320988
12 0.480000
16 0.468750
15 0.725806
14 0.711864
14 0.500000
17 0.914094
16 0.908876
16 0.738462
15 0.983607
14 0.736842
14 0.750000
12 0.979592
a:1
16 1.000000
a:0
16 1.000000
15 0.874089
a:0
a:0
a:3
a:5
15 0.233333
14 0.627406
14 0.482759
13 0.618843
13 0.115385
12 0.304498
10 0.204082
9 0.330660
a:0
a:1
a:0
a:3
16 0.908876
14 0.336103
14 0.982456
12 0.480000
11 0.717391
16 0.703125
15 0.700000
14 0.522321
12 0.750000
11 0.325926
11 0.500000
10 0.292050
8 0.484848
4 0.750000
2 0.099174
1 0.285714
a:0
10
17 0.352941
14 1.000000
a:12
17 0.352941
11 1.000000
11 1.000000
16 0.330579
15 0.725806
14 0.336103
14 0.928571
10 0.750000
9 0.333333
8 0.328125
7 0.057398
5 0.045351
2 0.120000
1 0.000000
16 0.330579
15 0.655567
15 0.983607
14 0.724138
13 0.722222
12 1.000000
11 0.956522
8 0.145329
7 0.280000
6 0.666667
2 0.545455
14 0.965517
13 1.000000
12 0.240000
11 0.454545
6 0.658436
16 0.330579
16 0.908876
15 0.725806
15 0.737705
13 1.000000
a:3
17 0.985507
16 0.984615
16 0.351562
13 0.735849
a:1
19
16 0.641568
14 0.750000
12 0.705882
9 0.473684
9 0.243243
8 0.096886
7 0.233333
6 0.044379
3 0.461538
2 0
2 0.148148
1 0.000000
17 0.739130
15 0.238095
13 0.236364
13 0.333215
12 0.240000
11 0.717391
9 0.230769
9 0.243243
9 0.250000
8 0.091429
8 0.290657
7 1.000000
7 0.321429
6 1.000000
4 0.199446
4 0.087930
4 0.105469
3 0.183673
3 0.666667
1 0.142857
11 0.500000
9 0.299169
5 0.495868
2 0.600000
1 0.000000
1 0.000000
16 0.703125
15 0.327784
14 0.127608
14 1.000000
13 0.138316
12 0.470588
12 0.458333
11 0.298778
11 0.227273
6 1.000000
6 0.250000
4 0.222222
3 0.071006
3 0.250000
2 0.040000
1 0.142857
1 0.000000
15 0.476190
a:12
a:12
16 0.727273
16 0.703125
15 1.000000
10 0.952381
7 0.700000
1 0.000000
16 0.440771
14 0.965517
2 0.099174
1 0.000000
15 0.750000
12 0.687500
9 0.420745
7 0.051663
12 1.000000
9 0.473684
3 0.400000
2 0.363636
2 0.400000
2 0.250000
28
16 0.738462
a:0
13 0.461538
9 0.947368
9 0.250000
8 1.000000
8 0.656250
7 0.466667
6 0.109240
5 0.100000
17 0.914094
16 0.908876
15 0.983607
13 0.412562
12 0.405998
11 0.733333
11 0.227273
9 0.047337
17 0.622837
14 0.336103
10 0.975610
9 0.284024
9 1.000000
9 0.972973
9 0.666667
8 1.000000
6 0
4 0.148148
2 0.062500
1 0.800000
15 1.000000
15 0.112873
15 1.000000
14 0.500000
13 0.709091
13 0.981132
11 0.415879
10 0.697674
10 1.000000
10 0.225000
9 0.222222
8 0.411429
3 0.142012
2 0.400000
15 0.466667
14 0.464286
13 0.825124
15 0.846561
14 0.491228
13 0.962963
13 0.490566
13 1.000000
12 0.470588
12 0.439817
11 0.340909
10 0.465116
10 1.000000
15 0.874089
13 0.472727
12 0.470588
11 0.468085
11 0.478261
10 1.000000
9 0.461538
15 0.338619
14 0.313703
13 0.309421
5 0.226843
2 0.040000
17 0.705882
16 0.527344
15 0.466667
3 0.013889
2 0.049383
2 0.000000
1 0.000000
38
15 0.677237
13 0.472727
12 0.941176
10 0.194700
10 0.204082
9 0.099723
15 0.698749
13 0.945455
12 1.000000
9 0.923077
9 1.000000
8 0.457143
a:3
15 0.116667
14 0.750000
13 0.641975
13 0.500000
12 0.500000
7 0.280000
3 0.642857
3 0.166667
2 0.049587
15 1.000000
14 1.000000
13 0.481481
13 1.000000
12 0.734694
12 1.000000
15 0.262031
15 0.350000
14 0.865636
14 0.348214
13 0.346154
12 0.500000
10 1.000000
7 0.560000
6 0.692308
5 0.681818
5 0.100000
2 0.400000
2 0.250000
1 0
12 0.343750
11 0.597555
11 0.717391
10 0.714286
9 1.000000
9 0.299169
9 0.315559
6 0.177515
6 0.750000
6 0.208333
5 0.165289
5 0.181406
5 0.181406
a:0
16 0.440771
16 0.351562
7 0.965517
15 0.338619
13 0.888572
10 0.642475
8 0.411387
4 0.498270
1 0.000000
1 0.000000
16 0.089373
16 0.420736
15 0.262031
14 0.156851
10 0.930233
9 0.692308
8 0.941176
8 1.000000
5 0.302457
4 0.066482
3 0.013889
48
15 0.491803
13 1.000000
13 0.346154
12 0.500000
11 0.457702
11 0.298778
11 1.000000
a:0
a:0
15 0.524061
14 0.482759
12 0.235294
10 0.408163
17 0.914094
16 0.969697
16 0.984615
15 0.983607
14 1.000000
12 0.608997
11 0.733333
11 0.227273
2 0.000000
15 0.500000
14 1.000000
17 0.685570
16 0.750000
14 0.348214
13 0.320988
13 1.000000
10 0.153061
9 0.750000
2 0.500000
1 0.000000
15 0.476190
13 0.481481
11 1.000000
17 0.705882
16 0.117188
13 0.333215
12 0.179117
12 0.343750
11 0.298778
6 0.192000
5 0.226843
16 0.427712
15 0.233333
14 0.245614
14 1.000000
13 0.236364
a:6
15 0.606667
14 0.348214
13 1.000000
13 0.500000
11 0.500000
9 0.500000
8 0.617080
7 0.500000
6 0.532544
6 1.000000
3 0.049158
2 0.148148
15 0.338619
15 0.491803
14 0.736842
12 1.000000
12 0.343750
11 0.217284
11 0.227273
a:4
a:4
60
16 0.641568
14 0.313703
14 0.324614
13 0.709091
12 0.470588
10 0.459184
9 0.055110
8 0.457143
3 0.160000
1 0.000000
1 0.000000
16 0.440771
16 0.783031
12 0.304498
12 1.000000
11 0.597555
10 0.584100
a:0
a:0
a:0
a:0
a:1
16 0.881543
14 0.724138
14 0.896276
14 0.250000
16 0.492308
15 1.000000
15 1.000000
14 0.949153
14 0.736842
13 0.825124
13 0.981132
12 0.979592
9 0.729730
8 0.242424
7 0.451613
6 0.222222
3 0.200000
2 0.727273
17 0.352941
15 0.317460
15 0.274915
15 0.967742
14 0.724138
14 0.672207
15 0.317460
14 0.255216
14 0.336103
13 0.490566
12 0.489796
10 0.487805
9 0.729730
7 0.482759
6 0.720000
5 0.750000
4 0.941176
4 0.750000
3 1.000000
1 0.500000
17 0.750000
16 0.351562
15 0.750000
14 0.482759
13 0.250000
12 1.000000
11 0.311909
11 0.488889
10 0.500000
9 0.692308
15 0.737705
15 0.750000
14 0.736842
12 1.000000
11 0.702128
9 0.692308
9 0.238801
9 0.750000
6 0.164609
15 0.437045
14 0.432818
13 1.000000
13 0.427984
11 0.733333
10 0.282062
8 0.462810
3 0.053333
3 0.122449
1 0.000000
1 0.166667
15 0.338619
14 0.949153
14 0.965517
13 0.825124
13 1.000000
11 0.702128
11 0.239130
10 1.000000
7 0.262227
5 0.113422
5 0.136054
5 0.200000
4 0.041989
2 0.000000
1 0.000000
70
15 0.737705
15 0.750000
14 0.500000
11 0.103970
11 0.511364
10 0.214158
8 0.218750
6 0.222222
5 0.100000
4 0.222222
4 0.046875
3 0.061224
2 0.024691
1 0.000000
16 0.351562
15 0.245902
12 0.214844
11 0.239130
11 0.244444
10 0.321237
9 0.243243
8 0.228571
a:0
a:0
a:0
15 0.698749
15 0.902983
14 0.255216
14 0.724138
13 0.472727
12 0.244898
17 0.941176
15 0.500000
13 0.461538
12 0.405998
12 1.000000
12 0.458333
11 0.434568
6 0.692308
6 0.104167
5 0.041322
5 0.300000
4 0.199446
4 0.705882
2 0.444444
1 10
13 0.087182
12 0.235294
12 0.084480
11 0.468085
8 0.218750
7 0.214286
4 0.074074
3 0.122449
3 0.500000
2 0.148148
1 0.000000
1 0.000000
1 0.750000
14 0.108205
14 0.336103
13 0.472727
13 0.333215
12 0.470588
12 0.250000
10 0.250000
8 0.091429
7 0.349636
15 0.350000
13 0.750000
12 0.705882
a:1
2 14
17 1.000000
a:15
a:8
a:3
78
16 0.351562
15 0.750000
7 0.262227
6 0.164609
5 0.272109
16 0.205078
15 0.491803
12 0.489796
11 0.130370
3 0.400000
3 0.106667
1 0.000000
1 0.000000
17 0.750000
14 0.324614
14 0.750000
11 0.750000
10 0.952381
8 0.290657
7 1.000000
16 0.500000
15 0.500000
16 0.738462
13 1.000000
12 1.000000
a:6
a:0
a:0
a:0
a:8
a:1
a:0
a:4
a:3
16 0.714982
11 0.478261
10 0.097350
9 0.094675
16 0.484848
15 0.725806
15 1.000000
14 0.313703
12 0.329863
12 1.000000
10 0.306122
10 0.975610
9 0.923077
9 0.972973
9 0.444444
8 0.914286
6 0.177515
6 0.750000
3 0.214286
3 0.041667
2 0.024691
16 0.937500
15 0.412373
15 0.700000
13 0.236364
12 0.235294
12 0.316800
12 0.343750
11 0.340909
10 0.952381
10 0.360000
9 0.333333
8 0.308540
6 0.888889
6 0.923077
1 0.000000
16 0.908876
15 0.466667
14 0.432818
14 0.500000
13 0.722222
13 1.000000
a:1
a:7
a:0
87
14 0.482759
13 0.236364
13 0.481481
12 0.811995
9 0.111111
7 0.299643
6 0.288000
5 0.454545
4 0.035156
2 0.148148
2 0.187500
1 0.000000
16 0.340828
15 0.698749
15 0.491803
14 0.965517
14 0.127608
14 0.754759
14 0.116071
a:0
16 0.681657
15 0.437045
15 0.677237
13 0.709091
12 0.244898
11 0.260741
9 1.000000
9 0.049861
17 0.596148
15 0.846561
15 0.983607
14 0.965517
13 0.709091
13 0.962963
12 0.705882
12 0.960000
12 0.109954
11 0.717391
9 0.222222
8 0.290657
6 0.164609
6 0.266272
6 0.288000
4 0.132964
4 0.500000
15 0.476190
13 0.103140
12 0.114583
9 0.243243
4 0.087930
3 0.016386
1 0.000000
15 0.733107
14 0.865636
13 0.173077
13 0.500000
12 0.405998
11 0.415879
9 0.587841
7 0.373333
6 0.468750
5 0.300000
3 0.367347
a:0
15 0.655567
14 0.736842
13 1.000000
13 0.333215
12 0.304498
12 0.489796
11 1.000000
11 0.557851
9 0.947368
9 0.729730
4 0.111111
2 0.000000
2 0.187500
14 0.348214
13 0.106996
13 0.106996
13 0.092210
13 0.750000
12 0.253440
12 1.000000
a:0
17 1.000000
a:3
a:9
a:1
98
15 0.338619
14 0.448138
a:3
16 0.330579
15 0.634921
15 0.750000
13 0.412562
13 0.666429
11 0.454545
14 1.000000
6 0.104167
2 0.000000
17 0.750000
16 0.340828
16 0.681657
15 0.902983
15 0.350000
14 0.896276
13 0.750000
16 0.661157
14 0.313703
13 1.000000
12 0.705882
a:3
a:2
a:9
15 0.218522
14 0.209135
13 0.213992
13 0.519231
12 0.687500
11 0.099593
11 0.108642
15 0.500000
a:0
a:0
15 0.577317
14 0.750000
13 0.320988
13 1.000000
12 0.470588
12 0.720000
15 0.714286
15 0.437045
13 0.333215
107
15 0.737705
14 0.474576
13 0.666429
12 1.000000
11 0.936170
11 0.488889
10 0.697674
10 0.731707
9 1.000000
7 0.677419
15 0.483871
14 1.000000
13 0.472727
12 0.470588
11 0.468085
11 0.977778
a:3
a:3
a:0
16 0.340828
14 0.896276
13 0.888572
11 0.325926
3 0.106667
2 0.033058
1 0.000000
16 0.427712
16 0.727273
16 0.468750
15 0.225746
15 0.437045
14 0.750000
13 1.000000
16 0.307617
15 0.846561
13 0.981132
12 0.941176
12 0.659725
5 0.077745
4 0.249135
4 0.070312
1 0.000000
15 0.144329
13 1.000000
13 0.160494
12 0.608997
12 0.720000
11 0.478261
9 1.000000
8 1.000000
8 1.000000
7 1.000000
6 0.230769
16 0.320784
15 0.317460
15 1.000000
14 0.510432
14 0.982456
13 0.320988
13 0.981132
13 0.444286
12 0.979592
a:0
16 0.727273
16 0.615234
15 0.967742
15 0.350000
14 0.865636
14 0.696429
13 1.000000
12 0.960000
11 0.478261
7 0.280000
7 1.000000
15 0.366554
15 0.350000
13 0.750000
12 0.750000
a:6
117
16 0.293637
15 0.952381
14 0.724138
13 0.735849
11 0.936170
11 0.325926
9 0.284024
9 0.315559
8 0.705882
4 0.631579
4 0.470588
3 0.600000
15 0.476190
15 0.225746
14 0.224069
13 0.855967
12 1.000000
11 0.217284
10 1.000000
8 0.154270
5 0.238095
16 0.727273
15 1.000000
15 0.902983
14 0.896276
12 0.119411
12 1.000000
11 0.956522
11 0.651852
10 0.194700
15 0.116667
12 0.500000
11 0.434568
11 0.681818
9 0.710526
16 0.587274
12 1.000000
10 1.000000
3 0.275510
3 0.426036
a:1
13 0.962963
16 0.307617
15 0.634921
13 0.346154
12 0.067319
12 0.343750
10 1.000000
15 0.874089
15 1.000000
11 1.000000
11 0.681818
8 0.470588
16 0.969697
16 0.738462
16 0.750000
14 0.865636
14 0.750000
13 1.000000
13 0.213992
11 0.099593
11 0.478261
11 0.340909
9 0.972973
a:0
a:0
a:0
a:0
15 0.317460
14 0.141517
10 0.306122
10 0.135000
5 0.090703
4 0.148148
4 0.093750
2 0.187500
1 0.500000
129
15 0.698749
14 0.418271
13 0.709091
12 0.705882
11 0.702128
16 0.351562
14 0.750000
13 0.709091
15 0.634921
15 0.500000
14 0.156851
13 0.472727
13 0.250000
12 0.456747
10 0.697674
10 0.487805
13 1.000000
10 0.337500
6 0.177515
6 0.312500
4 0.020994
4 0.750000
1 0.000000
15 0.437045
14 1.000000
11 1.000000
10 0.697674
a:1
a:0
a:0
a:0
12 0.480000
12 0.439817
11 0.366154
a:3
a:3
a:3
17 0.750000
16 0.484848
14 0.750000
16 0.969697
15 1.000000
14 0.711864
13 0.709091
11 0.831758
10 0.310982
17 0.342785
15 0.338619
15 1.000000
15 0.952381
14 0.711864
13 0.309421
10 0.778799
9 0.729730
7 0.262227
6 0.666667
1 0
139
16 0.641568
15 0.634921
14 0.324614
13 0.722222
12 0.480000
11 0.478261
10 0.321237
4 0.187500
2 0.400000
1 0.000000
17 0.352941
14 0.418271
14 0.522321
13 0.962963
13 0.750000
12 0.960000
11 1.000000
10 0.952381
9 0.710526
7 0.699272
7 0.093333
2 0.000000
2 0.060000
2 0.062500
1 0.428571
16 0.440455
14 0.649227
13 0.320988
13 0.981132
13 0.519231
12 0.720000
11 0.717391
16 0.351562
14 0.418271
12 0.470588
12 0.229167
11 0.468085
16 0.536236
15 0.137458
14 0.896276
12 0.734694
11 0.733333
10 1.000000
9 1.000000
8 0.969697
15 0.725806
8 0.484848
7 0.428571
6 0.329218
5 0.434783
3 0.062500
15 0.350000
14 0.627406
13 0.427984
12 0.489796
10 0.465116
16 0.641568
14 0.336103
12 0.941176
11 0.936170
11 0.207940
9 0.692308
7 0.199762
a:1
a:0
a:0
3 0.400000
2 0.033058
2 0.062500
148
17 0.352941
12 0.329863
11 0.325926
2 0.049383
1 0.000000
14 0.116071
13 0.309421
12 0.114583
11 0.702128
11 0.500000
10 0.465116
9 0.486486
8 0.484848
7 0.724138
5 0.090703
2 0.444444
1 0.428571
16 0.738462
14 0.237288
14 1.000000
13 0.427984
13 0.490566
13 0.115385
13 0.230769
a:0
a:0
a:8
a:3
a:8
14 0.865636
14 0.336103
13 0.722222
13 1.000000
12 0.960000
11 1.000000
11 1.000000
10 1.000000
10 0.750000
9 0.473684
9 0.166667
7 0.466667
6 0.088757
5 0.082645
5 0.500000
2 0.200000
13 0.196159
12 0.211200
a:3
a:3
16 0.661157
14 0.482759
13 0.481481
12 0.960000
12 0.439817
9 0.315559
8 0.581315
7 0.700000
7 0.373333
5 0.165289
3 0.183673
2 0.600000
2 0.120000
1 0.000000
1 0.428571
1 0.500000
1 0.000000
15 0.983607
14 0.982456
14 1.000000
13 0.309421
a:3
a:1
17 0.941176
15 0.700000
14 0.491228
12 1.000000
11 0.750000
10 0.750000
9 0.486486
9 0.064815
8 0.308540
5 0.050000
3 0.461538
3 0.750000
2 0.120000
2 0.187500
1 0.285714
1 0.250000
17 0.467128
16 0.527344
15 1.000000
13 0.735849
12 1.000000
17 0.342785
15 0.737705
14 0.736842
13 1.000000
13 1.000000
a:3
a:0
a:0
158
13 0.490566
12 0.489796
a:0
16 0.716418
15 1.000000
15 0.750000
14 0.711864
13 0.481481
a:3
a:0
16 0.738462
15 0.714286
15 0.250000
12 0.202999
12 0.250000
11 1.000000
2 13
16 0.293637
14 0.209135
14 0.336103
13 0.309421
13 0.427984
13 0.333215
13 0.333215
12 0.229167
11 0.207940
11 0.325926
10 0.408163
9 0.500000
7 0.321429
6 0.164609
6 0.177515
15 0.634921
15 0.327784
13 0.490566
16 0.661157
15 1.000000
14 0.112034
13 0.722222
9 0.129630
8 0.123047
5 0.434783
5 0.476190
4 0.020994
3 0.160000
1 0.000000
16 0.536236
15 0.714286
14 1.000000
10 0.438075
6 0.092160
4 0.631579
3 0.166667
2 0.148148
a:2
a:7
a:3
15 0.725806
15 0.338619
12 1.000000
10 1.000000
8 0.218750
a:1
a:1
15 0.874089
13 1.000000
13 0.500000
12 0.316800
12 1.000000
9 0.230769
9 0.750000
8 0.656250
169
17 1.000000
11 0.511364
10 0.202500
9 0.259259
8 0.750000
7 0.349636
6 0.329218
15 0.725806
15 0.725806
15 0.338619
13 0.111072
12 0.705882
12 0.235294
16 0.113609
15 0.112873
14 0.736842
17 0.705882
16 0.330579
13 0.722222
10 0.714286
15 0.933333
8 0.218750
6 0.177515
5 0.151229
5 0.041322
17 1.000000
16 0.681657
15 0.317460
17 0.750000
15 0.725806
4 0.066482
4 0.187500
4 0.093750
3 0.053333
1 0
16 0.820312
15 0.606667
14 0.418271
14 0.474576
12 0.500000
11 0.468085
11 0.717391
11 0.500000
10 0.465116
10 1.000000
9 0.230769
9 0.473684
8 0.182857
8 0.581315
6 0.222222
13 0.472727
5 12
15 0.338619
2 0.120000
1 0.428571
1 0.000000
16 0.908876
14 1.000000
a:3
a:3
14 0.491228
12 0.470588
10 1.000000
9 0.461538
8 1.000000
8 0.290657
7 0.428571
5 0.150000
1 0.000000
181
16 0.783031
14 0.418271
13 0.981132
11 0.244444
10 0.731707
8 0.308540
7 0.677419
5 0
3 0.692308
17 0.470588
13 0.709091
9 0.500000
7 0.262227
4 0.421875
3 0.106667
2 0.049383
15 0.933333
13 0.923077
12 1.000000
10 0.116618
7 0.099881
17 0.941176
16 0.703125
12 0.720000
11 0.130370
10 0.675000
6 0.164609
6 0.923077
5 0.302457
4 0
3 0.160000
3 0.642857
15 0.500000
14 0.482759
13 0.500000
17 0.352941
15 0.116667
14 0.116071
13 0.490566
12 0.480000
11 0.478261
14 0.736842
13 0.735849
10 0.116618
7 0.186667
3 0.320000
2 0.600000
2 0.750000
15 0.349374
14 0.313703
13 0.472727
12 0.470588
2 0.363636
2 0.000000
15 0.874089
14 0.336103
13 0.472727
13 0.481481
12 0.470588
a:3
15 0.725806
15 0.750000
17 0.352941
16 0.330579
15 0.350000
14 0.928571
13 0.750000
12 0.687500
11 0.702128
10 0.697674
10 0.112500
9 0.692308
a:0
17 0.705882
16 0.747976
16 0.340828
12 0.720000
10 0.731707
a:3
a:0
194
16 0.340828
15 0.211640
15 0.606667
13 0.444286
13 0.320988
10 1.000000
a:0
a:0
14 0.482759
12 1.000000
a:0
16 0.750000
15 0.350000
14 0.482759
13 0.309421
12 0.480000
11 0.199185
11 1.000000
11 1.000000
10 0.321237
17 0.415225
16 0.402177
14 0.500000
13 0.500000
12 0.304498
10 0.697674
10 0.306122
9 0.299169
9 0.444444
8 1.000000
6 0.081930
16 0.500000
12 0.211200
16 0.484848
15 0.483871
15 1.000000
13 0.735849
12 0.979592
11 0.239130
11 1.000000
11 0.977778
10 0.232558
10 0.487805
10 0.500000
9 0.486486
8 0.484848
7 0.099881
3 0.214286
2 0.033058
16 0.587274
15 0.491803
16 0.641568
15 0.274915
14 0.711864
14 0.324614
8 0.500000
1 0.000000
15 0.404444
14 1.000000
12 0.960000
17 0.750000
15 0.476190
15 0.874089
10 0.306122
10 0.250722
9 0.203914
9 0.587841
8 0.094041
3 0.500000
2 0.500000
2 0.062500
1 0.500000
15 0.874089
15 0.655567
14 0.965517
14 1.000000
13 0.962963
13 0.500000
12 0.489796
12 0.750000
11 0.956522
11 0.488889
10 1.000000
9 0.947368
8 0.581315
8 0.727273
3 0.213018
16 1.000000
13 1.000000
12 0.480000
10 0.930233
9 0.473684
2 0.181818
207
207
