11 0.733333
8 0.308540
5 0.714286
4 0.705882
3 0.213018
16 0.454438
15 0.483871
15 0.491803
14 1.000000
14 0.522321
13 1.000000
13 0.346154
12 0.304498
12 0.244898
10 0.321237
9 0.284024
8 0.500000
7 0.241379
15 0.725806
15 0.350000
14 1.000000
13 1.000000
12 1.000000
10 0.952381
9 0.236842
1 0.500000
15 0.211640
11 0.796741
9 0.049861
8 0.145329
7 0.306122
3 0.200000
1 0.400000
16 0.727273
15 0.725806
14 0.724138
13 0.855967
13 1.000000
12 0.750000
11 0.717391
11 0.750000
10 1.000000
10 0.750000
15 0.967742
14 1.000000
14 0.116071
13 1.000000
13 0.500000
11 0.185950
4 0.444444
1 0.000000
16 0.468750
16 0.500000
15 0.451492
10 1.000000
15 0.327784
15 0.491803
14 0.324614
14 0.491228
13 1.000000
12 1.000000
11 0.977778
10 0.487805
9 1.000000
8 1.000000
6 0.246914
16 0.351562
15 0.874089
15 0.250000
14 0.750000
13 0.553262
12 0.244898
11 0.956522
10 1.000000
3 0.142012
2 0.250000
1 0.000000
10 1.000000
8 0.387543
6 0.082305
5 0.454545
5 0.090000
3 0.166667
2 0.500000
1 0.000000
1 0.000000
10
16 0.402177
16 0.440771
16 1.000000
15 0.437045
12 0.240000
12 0.219908
12 0.687500
11 1.000000
11 0.488889
10 0.438075
9 1.000000
9 1.000000
9 0.500000
8 1.000000
8 0.136780
8 0.242424
7 0.093333
16 0.340828
14 0.112034
12 0.720000
10 0.714286
9 0.486486
8 0.228571
8 0.705882
3 0.428571
2 0.363636
16 0.527344
12 0.500000
4 0.148148
3 0.122449
2 0.500000
1 0.166667
16 0.881543
a:3
16 0.440771
15 0.483871
14 0.188690
14 0.750000
13 0.320988
13 0.348727
12 0.316800
12 0.343750
11 0.199185
14 0.448138
13 1.000000
12 0.734694
8 0.484848
3 0.568047
2 0.727273
2 0.098765
2 0.444444
15 0.317460
13 0.945455
13 0.981132
11 0.298778
9 0.426036
4 0.087930
2 0
2 0.148148
1 0.250000
16 0.560982
15 0.327784
14 0.324614
12 0.720000
11 0.717391
16 0.738462
16 0.234375
15 0.317460
15 0.874089
15 0.737705
14 0.216409
12 0.720000
17 1.000000
10 0.500000
9 0.500000
9 0.222222
7 0.299643
7 0.107143
6 0.052083
5 0.272109
15 0.303333
14 1.000000
13 0.945455
10 0.778799
7 0.262227
7 0.131113
6 0.240000
5 0.165289
3 0.642857
a:0
16 0.641568
16 0.587274
15 0.714286
15 0.655567
15 0.606667
14 1.000000
14 0.108205
14 0.500000
13 0.945455
13 0.641975
11 0.717391
9 0.500000
8 1.000000
8 0.500000
7 0.599287
6 0.082305
5 0.434783
5 0.302457
22
16 1.000000
15 0.476190
15 1.000000
14 0.949153
13 0.111072
13 1.000000
12 0.470588
12 0.244898
11 1.000000
11 0.244444
15 1.000000
13 0.138316
13 1.000000
a:0
a:1
17 0.739130
17 0.750000
16 0.330579
15 0.725806
14 0.724138
13 0.722222
13 0.519231
12 0.720000
12 0.286458
11 0.239130
11 0.209194
10 0.714286
15 0.677237
14 0.491228
13 0.490566
12 0.202999
12 0.489796
11 0.199185
10 0.097350
16 0.727273
15 0.634921
13 0.709091
17 0.941176
16 0.536236
16 0.703125
15 0.507928
15 0.233333
14 0.486920
10 0.487805
7 0.214286
16 0.440771
14 0.482759
14 1.000000
12 0.480000
11 0.478261
10 0.125361
17 0.914094
14 0.982456
13 0.981132
12 0.979592
12 0.687500
11 1.000000
1 12
16 0.220386
16 0.351562
15 0.338619
15 1.000000
7 0.451613
5 0.151229
4 0.187500
2 0.099174
12 0.422400
11 0.311909
10 0.135000
8 0.182857
5 0.151229
3 0.122449
17 0.830450
15 0.677237
14 0.313703
8 0.685714
7 0.084589
4 0.210526
2 0.750000
1 0.000000
1 0.200000
1 0.750000
17 0.941176
15 0.105820
11 0.702128
a:0
a:1
16 1.000000
16 0.468750
15 0.483871
12 0.659725
10 0.465116
10 0.952381
9 0.461538
9 0.486486
5 0.714286
4 0.705882
3 0
3 0.035503
2 0.545455
2 0.099174
1 0.500000
1 0.500000
38
15 0.317460
15 0.327784
15 0.874089
13 0.490566
12 0.500000
6 0.444444
3 0.062500
2 0.750000
14 0.716389
13 0.250000
12 1.000000
11 1.000000
3 0.319527
2 0.000000
2 0.062500
17 0.705882
15 0.225746
14 0.491228
14 0.464286
13 0.427984
13 0.750000
11 0.936170
11 0.557851
10 0.930233
9 0.923077
8 0.914286
7 0.451613
6 0.480000
5 0.165289
2 0.033058
2 0.080000
1 0.500000
16 0.340828
13 0.735849
9 1.000000
8 0.376163
8 0.969697
5 0.476190
5 0.310982
17 0.596148
15 0.655567
13 0.735849
13 0.230769
12 0.219908
11 1.000000
10 1.000000
9 0.486486
8 1.000000
6 0.048000
5 0.233236
3 0.016386
2 0.000000
17 0.705882
16 1.000000
15 1.000000
15 0.241935
14 1.000000
14 0.241379
14 0.448138
1 0
16 0.969697
13 0.722222
16 0.641568
14 1.000000
13 0.981132
11 1.000000
10 1.000000
7 0.093333
6 0.416667
5 0.400000
4 0.281250
2 0.000000
1 0.000000
14 0.313703
12 0.480000
11 1.000000
9 0.473684
2 0.240000
1 0
1 0.000000
15 0.549830
13 0.123769
12 0.304498
11 1.000000
10 0.112500
9 0.486486
8 0.914286
8 0.094041
6 0.044379
6 0.052083
5 0.082645
48
a:6
a:3
15 0.750000
14 0.474576
14 0.348214
13 0.750000
12 0.470588
11 0.468085
17 0.342785
16 0.268118
16 0.330579
15 0.317460
12 0.720000
11 0.702128
11 0.478261
11 0.173827
2 0.000000
2 0.000000
2 0.074074
15 0.983607
11 0.325926
10 0.481856
6 0.144000
5 0.077745
3 0.091837
15 0.737705
14 1.000000
13 1.000000
13 0.750000
12 0.734694
10 0.506250
4 0.117240
3 0.122449
15 0.338619
15 0.677237
13 0.309421
10 0.476190
9 0.473684
9 0.750000
6 0.177515
a:0
a:0
a:0
16 0.727273
12 1.000000
8 0.246094
15 0.714286
15 0.338619
14 0.736842
13 0.333215
13 0.115385
12 1.000000
12 0.316800
12 0.734694
12 0.214844
11 1.000000
10 1.000000
a:9
15 0.725806
14 0.896276
13 0.735849
12 0.214844
11 0.234043
10 0.135000
9 0.050979
9 0.055110
a:1
16 0.320784
14 0.724138
13 0.309421
13 0.213992
12 0.811995
12 0.422400
12 0.734694
a:0
a:0
a:3
15 0.466667
14 0.896276
14 0.500000
13 0.641975
13 0.213992
12 1.000000
12 1.000000
11 0.597555
11 0.244444
11 1.000000
10 0.714286
10 0.243902
10 0.500000
8 0.096886
8 0.437500
7 0.099881
5 0.100000
2 0.062500
59
14 0.255216
14 0.324614
14 0.982456
15 0.116667
14 0.474576
14 0.116071
13 0.472727
13 0.490566
a:3
a:9
16 0.106928
15 0.714286
14 0.865636
a:8
a:1
a:1
a:2
a:3
14 0.627406
12 0.608997
3 0.600000
3 0.016386
2 0.000000
15 0.983607
14 0.982456
13 1.000000
12 0.734694
a:0
a:1
a:1
14 0.324614
14 0.500000
13 0.500000
12 0.316800
11 0.702128
10 0.465116
10 0.714286
17 0.342785
15 0.437045
13 0.481481
13 0.666429
12 0.734694
10 0.428316
8 0.705882
6 0.444444
6 0.073160
6 0.192000
17 0.342785
17 0.470588
15 0.327784
15 0.500000
13 0.320988
12 0.500000
11 0.500000
10 0.500000
8 0.875000
5 0.045079
3 0.250000
2 0.040000
1 0.400000
12 0.750000
11 0.244444
9 0.157779
8 0.328125
6 0.138240
4 0.249135
2 0.444444
1 0.000000
68
15 0.218522
11 0.239130
9 0.236842
a:1
17 0.342785
16 1.000000
16 0.738462
15 0.983607
14 0.896276
14 1.000000
13 0.981132
12 0.750000
11 0.750000
a:1
14 0.340288
12 0.480000
7 0.262227
17 0.529412
12 0.500000
9 0.710526
9 0.500000
8 0.500000
5 0.247934
2 0.080000
2 0.049383
12 0.879633
a:3
16 0.468750
13 0.309421
13 1.000000
12 1.000000
16 0.373988
15 0.714286
14 0.949153
13 0.490566
12 0.240000
12 0.244898
12 0.500000
15 0.437045
13 0.481481
9 1.000000
9 0.729730
4 0.093750
3 0.500000
2 0.250000
a:0
15 0.737705
14 0.736842
12 0.500000
a:0
77
15 0.105820
14 0.112034
13 0.490566
12 0.489796
15 0.317460
15 0.338619
11 0.702128
11 0.217284
10 0.214158
9 0.284024
9 0.299169
9 0.299169
14 0.324614
14 0.491228
13 0.320988
13 0.320988
13 1.000000
12 1.000000
16 0.454438
15 0.874089
15 0.338619
14 0.510432
14 0.491228
13 0.481481
13 0.490566
12 0.705882
12 0.489796
9 1.000000
12 0.720000
11 0.717391
11 0.488889
10 1.000000
5 0
4 0
2 0.040000
1 0.250000
15 0.714286
15 0.500000
11 1.000000
9 0.692308
a:0
16 0.641568
16 0.373988
15 0.737705
12 0.244898
10 1.000000
9 1.000000
9 0.750000
8 0.242424
8 0.328125
6 0.692308
6 0.576000
15 0.634921
15 0.902983
14 0.470554
13 0.472727
13 0.666429
12 1.000000
12 0.229167
10 0.714286
14 0.382824
7 0.214286
6 0.500000
87
16 0.454438
14 1.000000
12 1.000000
12 0.244898
12 0.229167
11 0.207940
11 0.227273
9 0.094675
9 0.972973
8 0.228571
6 0.219479
5 0.157804
15 0.491803
13 0.490566
a:3
a:2
a:3
a:1
14 1.000000
6 44
a:0
15 0.714286
14 0.696429
10 0.389400
15 0.327784
13 0.666429
11 0.325926
11 1.000000
10 1.000000
9 0.710526
a:0
16 0.330579
15 0.500000
14 0.627406
14 0.649227
14 0.500000
13 0.309421
13 0.641975
13 0.311210
13 0.500000
12 0.458333
10 0.225000
8 0.328125
7 0.700000
6 0.192000
6 0.312500
5 0.750000
1 0.750000
17 0.622837
14 0.313703
4 0.024691
3 0.032772
2 0.000000
2 0.000000
14 0.491228
12 0.229167
11 0.199185
11 0.488889
a:5
15 0.169309
14 0.711864
12 0.329863
2 0.363636
1 0.000000
15 0.423280
15 0.750000
14 0.448138
14 1.000000
13 0.111072
12 0.240000
12 0.244898
11 0.244444
10 0.243902
7 0.093333
4 0.187500
98
17 0.985507
13 0.981132
11 0.398370
11 0.099593
11 0.733333
10 0.405000
15 1.000000
a:0
16 0.716418
13 1.000000
a:3
16 0.340828
15 0.714286
12 1.000000
12 0.734694
11 0.651852
10 0.584100
10 0.642475
9 1.000000
3 0.568047
13 1.000000
12 0.304498
12 0.316800
12 0.343750
11 1.000000
6 0.104167
5 0.090000
4 0.070312
2 0.500000
15 0.725806
14 0.724138
14 0.522321
13 0.519231
11 0.311909
10 0.306122
8 0.328125
2 0.062500
14 0.298469
12 0.720000
6 0.266272
5 0.371901
4 0.187500
2 0.099174
2 0.000000
2 0.000000
16 0.641568
15 0.714286
15 0.952381
13 0.709091
13 0.722222
13 1.000000
12 0.960000
12 1.000000
11 1.000000
a:7
a:9
a:9
15 0.338619
13 0.735849
12 1.000000
10 0.238095
5 0.045000
4 0.020994
4 0.222222
3 0.016000
2 0.000000
1 0.000000
107
16 0.320784
16 0.195758
15 0.317460
15 0.483871
13 0.111072
11 0.199185
11 0.750000
3 0.160000
2 0.049383
a:0
16 0.855424
15 0.714286
15 0.577317
10 0.856633
9 0.222222
5 1.000000
5 0.476190
3 0.122449
1 0
16 0.727273
15 1.000000
14 1.000000
13 0.722222
12 1.000000
11 0.717391
10 0.714286
1 0.000000
16 0.440771
15 0.874089
14 0.965517
12 0.960000
11 0.956522
11 0.488889
10 0.952381
9 0.947368
7 0.280000
5 0.300000
3 0.091837
15 0.423280
15 0.577317
14 0.965517
13 0.962963
12 1.000000
15 0.338619
6 0.081930
16 0.146818
15 0.096220
14 0.313703
14 0.324614
14 0.134323
13 0.481481
13 0.500000
15 0.874089
15 0.737705
15 0.750000
12 0.235294
11 0.103970
11 0.227273
8 0.096886
7 0.262227
16 0.661157
16 0.234375
15 0.634921
15 0.175000
14 0.711864
13 0.618843
12 0.470588
11 0.398370
11 0.398370
9 0.473684
5 0.476190
4 0.066482
4 0.083045
3 0.160000
2 0.033058
2 0.000000
1 0.600000
117
15 0.737705
13 0.855967
13 0.490566
17 0.941176
15 0.327784
15 0.700000
14 0.464286
13 0.722222
12 0.114583
10 0.450000
9 0.710526
9 0.500000
8 0.500000
7 0.560000
7 0.500000
16 0.250000
15 1.000000
13 0.722222
12 0.475200
11 0.478261
7 0.233333
6 0.750000
5 0.300000
4 0.500000
16 0.440771
15 0.338619
13 0.490566
12 0.480000
11 0.478261
8 0.250776
15 0.491675
14 1.000000
13 0.888572
13 0.692308
12 0.480000
12 0.879633
10 0.326009
7 1.000000
6 0.692308
17 0.750000
15 0.437045
12 0.105600
12 1.000000
11 0.207940
10 0.174927
8 0.290657
15 0.725806
16 0.908876
14 0.736842
14 0.348214
13 0.981132
10 0.975610
10 0.135000
8 0.411429
7 0.099881
2 0.000000
15 0.366554
13 0.735849
13 0.250000
a:1
a:1
a:1
16 0.738462
15 1.000000
15 0.245902
13 0.962963
12 1.000000
12 0.500000
11 0.415879
10 0.952381
a:3
16 0.908876
16 0.937500
15 0.350000
14 0.724138
14 1.000000
13 0.709091
11 1.000000
10 1.000000
9 1.000000
9 0.149584
8 0.685714
7 0.087409
2 0.120000
16 1.000000
15 1.000000
12 0.659725
11 1.000000
10 1.000000
7 0.965517
6 0.266272
4 0.444444
4 0.140625
3 0.367347
129
13 0.962963
10 0.952381
9 0.710526
8 0.705882
15 0.476190
13 0.735849
a:4
17 0.342785
16 0.750000
14 1.000000
13 0.371306
12 0.734694
11 0.733333
10 0.731707
9 0.500000
2 8
15 0.967742
15 0.116667
14 0.336103
14 0.928571
11 0.113636
6 0.208333
5 0.165289
5 0.050000
3 0.020833
2 0.040000
2 0.187500
16 0.351562
13 1.000000
13 0.292899
11 0.750000
17 0.342785
16 0.320784
15 0.491803
15 0.350000
14 0.491228
17 0.352941
16 0.641568
11 1.000000
10 0.389400
10 0.250000
8 0.218750
8 0.123047
5 0.250000
a:0
a:0
a:1
a:0
15 0.737705
14 0.982456
a:6
17 0.705882
15 0.112873
15 0.700000
14 0.750000
12 0.343750
11 1.000000
10 0.238095
9 0.236842
8 0.145329
138
16 0.587274
15 0.769756
14 0.566069
12 0.109954
11 0.217284
10 1.000000
6 0
5 0.217391
4 0.210526
3 0.106667
3 0.461538
2 0.000000
2 0.200000
2 0.222222
16 0.681657
14 0.566069
12 0.659725
10 0.487805
1 0.000000
17 0.529412
15 0.491803
14 0.432818
14 0.448138
11 0.103970
11 0.340909
10 0.238095
9 0.972973
8 0.235294
7 0.087409
4 0.265928
3 0.214286
a:1
16 0.750000
15 1.000000
14 0.464286
13 0.481481
13 0.750000
15 0.577317
14 0.491228
12 0.734694
8 0.091429
7 0.933333
7 1.000000
6 0.266272
a:1
17 0.514178
13 0.414947
16 0.500000
15 0.241935
15 0.769756
14 0.928571
13 0.888572
12 0.480000
10 1.000000
15 0.725806
3 0.333333
2 0.800000
1 0.166667
12 0.458333
11 0.488889
6 0.461538
5 0.330579
2 0.120000
1 0.200000
1 1.000000
147
16 0.454438
15 0.483871
14 0.474576
14 0.348214
13 0.618843
12 0.633600
a:0
13 0.309421
9 0.222222
7 0.677419
7 0.154988
6 0.246914
4 0.750000
3 0.041667
2 0.187500
15 0.874089
14 0.928571
15 0.327784
14 0.418271
14 0.224069
12 0.480000
11 0.415879
11 0.108642
9 1.000000
8 0.470588
6 0.312500
17 0.342785
16 0.073409
16 0.937500
15 0.338619
14 0.070759
13 0.641975
12 0.250000
11 1.000000
10 0.750000
7 0.321429
6 0.312500
2 0.125000
1 0.000000
16 0.351562
14 0.928571
13 1.000000
12 0.229167
11 0.468085
10 1.000000
9 0.461538
8 0.091429
7 0.338357
6 0.444444
5 0.075614
5 0.100000
15 0.737705
14 1.000000
14 0.141517
a:1
a:7
a:0
17 1.000000
16 0.500000
12 0.119411
11 0.114426
11 0.325926
10 0.204082
10 0.062680
10 1.000000
9 0.444444
5 0.029588
4 0.105469
2 0.040000
2 0.600000
2 0.187500
1 0.000000
16 0.587274
13 0.981132
13 1.000000
11 1.000000
10 1.000000
9 1.000000
7 0.965517
156
17 0.470588
16 0.881543
16 1.000000
14 0.965517
13 0.962963
12 0.960000
11 0.956522
7 0.933333
5 0.181406
4 0.666667
17 0.914094
15 0.737705
14 0.928571
12 0.734694
11 1.000000
10 1.000000
9 0.222222
1 0.285714
15 0.750000
14 0.500000
13 0.722222
13 0.500000
12 0.960000
12 0.500000
11 1.000000
9 0.236842
9 1.000000
9 0.500000
7 0.700000
7 0.466667
7 0.500000
6 0.046080
6 0.104167
5 0.136054
5 0.100000
2 0.040000
2 0.062500
1 0.000000
1 0.000000
16 0.351562
15 0.476190
12 0.960000
12 0.126720
13 0.333215
13 0.888572
11 0.651852
11 0.695309
9 0.691358
8 0.242424
7 0.262227
7 0.700000
4 0.631579
2 0.363636
1 0.400000
15 0.549830
14 0.736842
14 0.250000
12 0.240000
12 1.000000
12 0.458333
11 0.468085
10 0.975610
9 0.461538
9 0.236842
9 0.166667
8 0.822773
16 0.615234
12 0.439817
11 0.347654
10 0.112500
9 0.420745
6 0.312500
2 0.400000
1 0.000000
1 0.000000
16 1.000000
15 0.327784
15 0.491803
12 1.000000
11 1.000000
10 1.000000
9 0.230769
a:1
a:4
a:0
a:1
a:3
2 0
14 0.865636
14 1.000000
13 1.000000
13 1.000000
12 1.000000
12 0.633600
11 0.244444
11 0.500000
7 0.241379
5 0.453686
3 0.642857
2 0.222222
17 0.685570
16 0.681657
15 0.112873
15 0.750000
14 0.112034
13 1.000000
12 1.000000
11 0.500000
10 1.000000
167
16 0.402177
16 0.908876
14 0.711864
13 0.641975
10 1.000000
12 1.000000
11 0.500000
10 0.500000
7 0.466667
3 0.500000
2 0.250000
15 1.000000
14 0.965517
12 0.750000
11 0.750000
16 0.402177
16 0.587274
13 0.888572
12 0.879633
12 0.343750
10 0.487805
9 0.972973
7 0.965517
6 0.960000
4 0.249135
3 0.319527
2 0.099174
2 0.600000
1 0.000000
1 0.000000
16 0.714982
14 0.313703
11 0.468085
11 0.239130
16 0.391516
15 0.112873
14 0.112034
14 0.696429
12 0.572917
10 0.487805
9 0.157779
8 0.731429
a:0
15 0.131015
15 0.874089
14 0.127608
10 0.146025
10 0.481856
9 0.157779
9 0.444444
6 0.444444
5 0.038873
4 0.031491
3 0.039359
2 0.040000
16 0.641568
14 1.000000
9 0.888889
1 0.000000
12 0.705882
16 0.855424
15 0.634921
14 0.324614
14 0.491228
13 0.481481
13 0.173077
12 1.000000
12 0.171875
11 0.468085
11 0.244444
10 0.243902
9 0.142012
9 1.000000
9 0.236842
8 0.102847
7 0.241379
6 0.082305
a:3
15 0.423280
15 0.451492
14 1.000000
14 0.448138
10 0.204082
9 0.923077
8 0.102847
7 0.903226
7 0.299643
7 0.053571
5 1.000000
5 0.041322
5 0.714286
4 0.199446
4 0.222222
17 0.914094
16 0.820312
15 0.549830
15 0.725806
179
16 1.000000
a:0
a:0
a:3
a:4
a:1
17 0.352941
16 0.641568
16 0.727273
14 0.836541
14 0.324614
14 0.750000
13 0.490566
12 0.489796
11 0.936170
10 0.697674
a:4
5 0.300000
2 0.750000
1 0.000000
1 0.000000
16 0.307617
15 0.491803
15 1.000000
15 1.000000
14 0.432818
11 0.260741
10 1.000000
6 0.833333
5 1.000000
3 0.750000
17 0.457047
15 1.000000
14 0.750000
12 1.000000
a:0
a:0
a:1
16 0.560982
15 0.483871
14 0.724138
14 1.000000
15 0.327784
14 0.482759
13 0.481481
12 0.480000
11 1.000000
11 0.325926
5 0.500000
4 0
3 0.008746
1 0.000000
1 1.000000
13 0.709091
13 0.923077
12 0.941176
11 0.371901
9 0.923077
8 0.457143
7 0.199762
5 0.272109
3 0.333333
15 0.698749
14 0.627406
14 0.491228
13 0.412562
13 0.962963
13 0.490566
12 0.489796
11 0.398370
11 0.488889
10 0.487805
6 0.246914
6 0.692308
3 0.428571
3 0.250000
2 0.400000
1 0.000000
1 0.000000
189
15 0.902983
15 0.250000
11 0.113636
10 0.321237
2 0.750000
1 0.428571
1 0.333333
17 0.941176
14 0.965517
16 0.340828
14 0.348214
11 1.000000
16 0.955224
15 0.218522
13 0.222143
9 1.000000
8 0.274286
8 0.941176
13 0.412562
12 0.458333
15 0.245902
14 1.000000
13 0.722222
12 0.633600
12 0.343750
11 0.468085
11 0.478261
11 0.488889
a:3
a:0
a:0
a:3
a:0
13 0.146450
12 0.329863
12 0.458333
11 0.415879
11 0.500000
10 0.321237
9 0.486486
8 1.000000
8 0.411387
6 0.073160
2 0.444444
2 0.062500
1 0.000000
17 0.685570
16 0.727273
15 0.327784
14 0.324614
14 0.348214
13 0.722222
12 0.979592
11 0.977778
10 0.038873
9 0.631118
8 0.462810
7 0.137767
6 0.666667
4 0.265928
2 0.500000
17 0.342785
15 0.338619
12 0.219908
a:1
13 1.000000
12 0.960000
11 1.000000
10 0.714286
5 0.226843
5 0.082645
2 0.062500
1 0.000000
199
15 0.112873
14 0.491228
13 1.000000
12 0.538551
12 0.343750
10 0.731707
a:0
16 0.937500
15 0.874089
15 0.455000
13 0.962963
11 0.717391
10 0.714286
9 0.841490
3 0.213333
2 0
17 0.470588
16 0.484848
15 1.000000
15 1.000000
14 1.000000
13 0.722222
13 0.461538
13 1.000000
12 1.000000
12 0.720000
12 0.500000
11 0.717391
15 0.983607
14 0.724138
13 0.722222
a:0
15 0.967742
13 0.320988
13 0.692308
12 0.720000
9 0.710526
9 0.238801
8 0.435986
8 0.224393
7 0.103325
7 0.321429
a:0
16 0.330579
15 0.112873
14 0.836541
14 0.112034
13 0.309421
12 0.202999
12 0.219908
11 0.108642
11 1.000000
10 1.000000
9 1.000000
9 0.099723
7 0.466667
7 0.724138
4 0.631579
4 0.199446
3 0
a:0
16 0.330579
10 0.306122
9 0.165330
9 0.500000
6 0.750000
4 0.281250
1 0.000000
16 0.146818
14 0.104568
13 0.427984
12 0.480000
11 0.207940
4 0.148148
3 0.005462
2 0.000000
2 0.062500
2 0.000000
1 0.000000
1 0.000000
14 0.116071
13 0.245283
12 0.114583
11 0.199185
208
208
