16 0.955224
13 0.945455
10 0.214158
9 0.315559
5 0.100000
2 0.120000
16 0.484848
15 0.483871
14 0.482759
16 0.330579
14 0.424552
15 0.725806
14 0.724138
16 0.117188
15 0.634921
13 0.500000
12 0.720000
15 1.000000
14 0.486920
14 0.928571
13 0.481481
13 1.000000
11 1.000000
15 0.423280
15 0.700000
12 0.202999
11 0.038142
10 0.097350
9 0.797784
13 0.481481
12 0.219908
12 1.000000
10 0.476190
15 0.338619
13 0.490566
12 0.489796
11 0.977778
11 0.733333
4 0.332180
2 0.080000
1 0.000000
16 0.881543
15 0.737705
15 0.451492
12 0.960000
11 0.500000
10 0.476190
9 0.710526
7 0.700000
4 1.000000
3 0.104956
2 0.281250
1 0.500000
6 0.666667
6 0.266272
5 0.247934
3 0.053333
15 0.737705
14 0.245614
13 1.000000
12 1.000000
12 0.250000
13
10 0.487805
9 0.152936
8 0.727273
6 0.576000
5 0.272109
5 0.181406
5 0.200000
4 0.058620
2 0.120000
17 0.685570
16 0.242424
15 0.218522
14 0.736842
12 1.000000
11 0.488889
15 0.192439
10 0.116618
16 0.351562
9 1.000000
5 0.100000
15 0.327784
15 0.902983
12 0.422400
12 0.489796
11 0.717391
10 1.000000
9 1.000000
8 0.205693
7 1.000000
4 0.562500
3 0.039359
17 0.352941
13 0.309421
12 0.304498
12 1.000000
11 0.597555
11 0.750000
10 0.476190
15 0.317460
14 0.865636
13 0.962963
12 0.304498
11 0.298778
11 0.717391
9 1.000000
5 0.652174
4 0.631579
17 1.000000
13 0.945455
12 0.941176
12 0.960000
12 0.960000
10 1.000000
8 0.051292
5 0.045000
4 0.111111
4 0.750000
2 0.099174
2 0.187500
15 0.432988
15 0.933333
14 0.336103
22
16 0.351562
14 0.696429
13 0.461538
12 0.687500
9 0.059700
7 0.214286
4 0.105469
2 0.000000
1 0.000000
14 0.216409
13 0.213992
12 0.480000
12 0.244898
11 1.000000
15 0.338619
14 0.711864
14 0.336103
13 0.709091
12 0.705882
11 0.448167
10 0.146025
9 0.729730
4 0.249135
17 0.352941
16 0.738462
15 0.714286
15 0.109261
15 0.500000
14 0.750000
13 0.709091
13 1.000000
12 1.000000
12 0.750000
11 0.702128
10 0.697674
17 0.342785
16 0.527344
15 0.317460
15 0.338619
15 0.233333
14 0.424552
8 0.328125
2 0.049587
2 0.060000
10 0.270000
8 0.193772
8 0.328125
7 0.321429
6 0.081930
1 0.000000
15 0.549830
14 0.504155
13 0.481481
12 0.329863
11 0.478261
9 1.000000
17 0.914094
16 0.351562
15 0.151667
14 0.672207
13 0.641975
12 0.119411
12 0.750000
11 0.217284
10 0.250000
9 0.757396
9 0.473684
9 0.210373
9 0.250000
8 0.109375
6 0.461538
3 0.214286
3 0.041667
2 0.400000
2 0.148148
1 0.500000
1 0.000000
14 0.696429
13 0.213992
12 0.211200
12 0.429688
11 0.199185
11 0.207940
8 0.182857
5 0.051830
4 0.222222
2 0.099174
1 0.000000
1 0.000000
32
16 0.984615
16 0.351562
14 0.982456
14 1.000000
13 0.709091
11 0.977778
8 0.242424
7 0.262227
7 0.299643
6 0.246914
5 0.181406
4 0.010497
3 0.642857
14 0.491228
13 0.240741
13 1.000000
13 0.250000
17 0.941176
14 0.250000
10 0.487805
10 0.243902
8 0.182857
7 0.174818
6 0.052083
5 0.180316
4 0.592593
3 0.005333
3 0.039359
3 0.010417
1 1.000000
16 0.481176
16 0.351562
15 0.476190
16 0.641568
15 0.338619
15 0.606667
14 0.672207
10 0.434679
10 0.731707
9 0.729730
8 0.685714
8 0.308540
7 0.214286
13 0.692308
17 0.492754
14 0.464286
13 0.030942
13 0.981132
13 0.500000
12 0.500000
11 0.500000
10 0.816327
8 0.045714
8 0.205693
7 0.233333
7 0.241379
5 0.037807
5 0.500000
13 0.709091
13 1.000000
12 0.489796
12 1.000000
11 0.468085
9 0.461538
14 0.224069
13 1.000000
12 0.750000
10 0.675000
8 0.492188
6 0.054620
4 0.500000
3 0.142012
41
13 0.333215
12 0.734694
10 0.731707
8 0.727273
6 0.184320
5 0.155491
2 0.098765
1 0.000000
15 0.737705
13 0.320988
12 0.734694
10 0.668592
10 0.487805
8 0.228571
7 0.482759
6 0.288000
5 1.000000
16 0.073409
15 0.338619
14 0.724138
13 0.722222
12 0.720000
9 1.000000
9 0.420745
6 0.923077
4 0.222222
2 0.033058
16 1.000000
15 0.952381
15 0.350000
8 0.218750
16 0.703125
15 0.714286
15 0.700000
13 0.309421
9 0.333333
6 0.266272
6 0.104167
4 0.631579
4 0.066482
3 0.319527
3 0.250000
2 0.099174
1 0.000000
1 0.000000
15 0.491803
14 0.982456
12 0.720000
12 0.134638
11 0.239130
15 0.500000
13 0.130773
16 0.153809
15 0.725806
15 0.677237
14 0.836541
14 0.216409
13 1.000000
13 0.981132
11 0.488889
50
2 0.000000
2 0.000000
1 0.000000
16 0.955224
15 0.303333
14 0.965517
12 0.202999
12 0.960000
11 0.313791
16 0.641568
15 0.350000
14 0.348214
12 0.500000
11 0.227273
9 0.947368
4 0.373702
15 0.714286
14 1.000000
13 1.000000
17 0.750000
16 0.727273
15 0.327784
15 0.327784
9 0.315559
2 0.099174
16 0.351562
15 1.000000
17 0.705882
16 0.440455
16 0.351562
15 0.216494
14 0.750000
13 0.750000
12 0.608997
10 0.135000
9 0.119401
6 0.082305
5 0.217391
5 0.272109
4 0.249135
4 0.250000
15 0.262031
14 0.432818
14 0.736842
13 0.427984
14 1.000000
14 0.482759
12 0.705882
15 0.288659
12 0.219908
10 0.204082
8 0.193772
7 0.087409
7 0.186667
5 0.151229
5 0.165289
4 0.066482
2 0.363636
2 0.666667
1 0.000000
1 0.000000
1 0.200000
1 0.000000
15 0.750000
13 1.000000
16 0.681657
14 0.724138
14 0.736842
13 1.000000
17 0.750000
16 1.000000
13 0.333215
12 0.114583
11 0.099593
11 0.977778
15 0.350000
14 0.750000
64
16 0.351562
14 0.522321
14 0.949153
14 0.474576
12 0.477644
11 1.000000
9 1.000000
9 0.333333
8 0.109375
7 0.199762
4 0.132964
3 0.250000
17 0.685570
15 0.476190
14 0.474576
12 0.470588
12 0.960000
12 1.000000
10 1.000000
10 1.000000
9 0.692308
9 0.473684
7 0.131113
16 0.716418
14 0.209135
14 0.474576
14 0.482759
13 0.309421
13 0.481481
12 0.304498
16 0.330579
14 0.112034
14 1.000000
13 0.709091
11 0.702128
11 1.000000
10 0.697674
10 0.020893
9 1.000000
8 0.457143
7 0.174818
4 0.249135
2 0.062500
1 0.000000
16 0.855424
14 1.000000
13 0.309421
13 1.000000
13 0.115385
12 0.152249
12 0.734694
11 0.049796
11 0.274616
10 0.048675
10 0.714286
10 0.487805
9 0.210373
16 1.000000
14 1.000000
14 0.336103
13 0.472727
13 0.709091
12 0.470588
10 0.731707
9 0.692308
72
10 0.202500
8 0.153877
4 0.148148
2 0.062500
1 0.000000
16 0.560982
15 0.549830
14 0.108205
14 1.000000
12 0.720000
10 0.816327
9 0.500000
8 0.500000
6 0.092160
4 0.444444
3 0.275510
17 0.739130
16 0.220386
16 0.454438
15 0.350000
11 0.488889
10 0.952381
10 1.000000
9 0.486486
8 0.484848
2 0.033058
17 0.739130
15 0.737705
14 0.736842
13 1.000000
13 1.000000
12 1.000000
11 1.000000
10 0.500000
9 0.729730
9 1.000000
9 1.000000
8 0.727273
6 0.266272
4 0.249135
3 0.071006
2 0.148148
1 0.000000
15 0.437045
14 0.112034
12 0.608997
16 0.484848
15 0.634921
15 0.233333
11 0.207940
9 0.299169
9 0.315559
7 0.262227
5 0.082645
5 0.476190
15 0.317460
15 0.655567
15 0.500000
12 0.422400
11 0.081368
5 0.135000
4 0.148148
15 0.737705
15 0.933333
14 1.000000
17 0.470588
14 0.418271
13 0.412562
12 1.000000
11 0.398370
11 0.717391
11 0.092975
10 0.194700
10 0.238095
8 0.470588
8 1.000000
7 0.466667
6 0.500000
1 0.000000
83
12 0.304498
3 0.375000
2 0.099174
16 0.454438
13 0.333215
14 0.104568
12 0.844800
10 0.476190
8 0.470588
2 0.800000
1 0.166667
1 0.000000
16 0.984615
14 1.000000
12 0.500000
1 0.166667
15 0.677237
14 0.836541
14 0.736842
13 0.735849
8 0.484848
15 0.750000
13 1.000000
16 0.560982
15 0.437045
15 0.451492
15 0.606667
14 0.464286
7 0.107143
4 0.049383
2 0.000000
2 0.000000
15 0.846561
13 0.523091
12 0.506880
11 0.250000
8 0.182857
5 0.165289
4 0.148148
16 0.855424
15 0.737705
14 0.836541
14 1.000000
13 0.825124
10 0.731707
8 0.685714
8 0.727273
16 0.320784
12 0.470588
12 1.000000
12 0.489796
12 0.916667
11 0.488889
11 0.909091
10 0.036223
10 0.487805
8 0.457143
8 0.437500
2 0.049383
94
15 0.393046
12 1.000000
12 0.439817
11 1.000000
10 0.097350
3 0.275510
3 0.142012
1 0.000000
15 1.000000
14 1.000000
13 0.230769
12 0.500000
11 0.227273
16 0.661157
15 0.655567
14 0.649227
9 0.210373
5 0.434783
4 0.019540
2 0.099174
2 0.060000
2 0.060000
14 0.928571
12 0.470588
12 0.134638
11 0.298778
11 0.311909
10 0.465116
7 0.262227
6 0.133136
4 0.014655
3 0.021333
2 0.033058
2 0.040000
16 0.340828
15 0.874089
14 0.724138
12 0.960000
3 0
2 0
14 0.865636
12 0.235294
10 0.232558
9 0.230769
9 0.105186
9 0.157779
9 0.666667
8 0.137143
8 0.054688
7 0.524454
7 0.046667
7 0.250000
5 0.408163
3 0.020833
16 0.500000
14 0.500000
13 0.500000
12 1.000000
10 0.500000
9 0.568047
9 1.000000
6 0.156250
2 0.888889
2 0.148148
17 0.298074
15 0.967742
4 0.375000
3 0.013889
2 0.099174
2 0.120000
16 0.320784
15 0.714286
14 0.255216
11 0.468085
11 0.717391
9 0.461538
103
16 0.716418
15 0.577317
15 0.750000
14 0.566069
13 0.309421
12 0.705882
11 0.114426
11 1.000000
10 1.000000
10 1.000000
7 0.466667
4 0.421053
1 0.000000
16 0.681657
13 1.000000
12 1.000000
11 0.717391
11 1.000000
9 0.710526
8 0.705882
8 0.484848
8 0.411387
4 0.037037
2 0.000000
13 0.098080
13 1.000000
13 0.146450
12 0.042240
12 0.979592
11 0.977778
16 0.492308
13 0.962963
9 0.710526
8 0.274286
7 0.466667
6 0.088757
4 0.074074
3 0.061224
16 0.391516
16 0.461426
14 0.482759
13 0.722222
12 0.750000
11 0.434568
11 1.000000
10 0.194700
10 0.204082
8 0.182857
15 0.327784
14 0.324614
14 0.112034
12 1.000000
12 0.960000
11 0.717391
10 0.438075
10 1.000000
9 0.710526
7 0.677419
7 0.724138
7 0.214286
6 0.177515
6 0.288000
6 0.208333
17 0.622837
16 0.703125
15 0.327784
15 0.700000
13 0.981132
12 0.470588
12 1.000000
17 0.985507
16 0.716418
16 1.000000
16 1.000000
15 0.737705
15 0.933333
16 0.681657
15 0.698749
15 0.338619
14 0.836541
14 0.724138
11 0.468085
112
15 0.317460
14 0.836541
13 0.825124
12 0.705882
11 1.000000
16 0.484848
15 0.317460
14 0.348214
11 0.478261
9 0.284024
17 0.705882
16 0.750000
14 0.313703
13 0.333215
10 0.487805
10 0.750000
9 0.750000
8 0.500000
7 0.087409
7 0.700000
6 0.692308
6 0.750000
4 0.066482
3 0.053333
13 0.945455
17 0.397432
16 0.492308
15 0.500000
14 0.324614
13 0.236364
11 1.000000
15 0.750000
12 0.235294
12 0.879633
10 1.000000
9 0.729730
7 0.250000
2 0.888889
16 0.227219
15 0.116667
14 0.724138
16 0.661157
13 1.000000
12 0.960000
11 0.956522
11 0.217284
7 0.199762
6 0.461538
5 0.500000
3 0.014222
3 0.122449
2 0.040000
1 0.000000
15 0.967742
17 0.342785
16 0.738462
12 0.633600
17 0.470588
16 0.881543
15 0.549830
14 0.491228
13 1.000000
13 0.962963
13 1.000000
12 1.000000
11 1.000000
10 0.952381
123
16 0.320784
14 0.313703
13 0.330050
12 1.000000
16 0.484848
16 0.703125
14 1.000000
14 0.500000
13 1.000000
12 1.000000
12 0.458333
10 0.975610
8 0.969697
7 0.965517
6 0.960000
15 0.225746
12 0.114583
11 0.468085
10 1.000000
7 0.700000
7 1.000000
6 0.444444
6 0.480000
5 0.681818
5 1.000000
4 0.666667
3 0.183673
3 0.250000
1 0.000000
1 0.000000
16 0.587274
16 0.615234
15 0.451492
14 0.736842
13 0.490566
12 1.000000
11 0.936170
11 0.488889
11 0.227273
10 0.292050
8 0.411429
8 0.328125
7 0.114796
6 0.720000
5 0.340265
4 0.249135
4 0.105469
3 0.213018
2 0.148148
1 0.000000
16 0.220228
15 0.714286
15 0.338619
10 1.000000
9 1.000000
14 0.965517
10 0.714286
14 0.500000
12 1.000000
12 0.720000
11 0.099593
11 0.717391
14 0.724138
14 0.896276
13 0.427984
9 0.299169
8 0.274286
5 0.226843
5 0.247934
3 0.250000
1 0.000000
134
17 0.914094
15 0.317460
15 0.218522
14 0.432818
14 0.672207
10 0.975610
8 0.205693
8 0.328125
7 0.280000
6 0.036580
16 0.750000
15 0.250000
14 0.711864
14 0.491228
13 0.250000
12 0.705882
12 0.439817
11 0.702128
9 0.692308
9 0.315559
8 0.685714
7 1.000000
7 0.724138
6 0.888889
5 0.453686
5 0.238095
4 0.421053
14 0.500000
12 0.480000
11 0.478261
16 0.454438
14 0.750000
13 0.490566
12 0.439817
12 0.750000
10 0.465116
9 0.299169
9 0.165330
9 1.000000
15 0.714286
15 0.874089
13 0.709091
12 1.000000
12 0.329863
11 0.298778
11 0.717391
10 0.778799
9 0.152936
9 0.841490
8 0.141061
5 0
2 0.148148
1 0.000000
16 0.330579
16 0.340828
14 0.474576
14 1.000000
14 0.724138
12 0.202999
12 0.720000
11 0.956522
9 0.947368
7 0.321429
6 0.399408
6 0.208333
4 0.199446
2 0.500000
1 0.400000
1 0.250000
15 0.655567
13 0.962963
7 0.933333
6 1.000000
5 0.371901
16 0.477612
16 0.234375
13 0.825124
8 0.941176
7 0.933333
7 0.399524
6 0.192000
1 0.000000
142
2 1.000000
15 0.983607
15 1.000000
17 0.342785
16 0.340828
15 0.737705
12 0.329863
12 0.763889
4 0.049383
3 0.010667
2 0.033058
15 0.350000
14 0.750000
13 0.962963
9 0.111111
7 0.280000
7 0.107143
5 0.238095
5 0.360000
3 0.003472
2 0.000000
16 0.714982
15 0.846561
14 0.949153
14 0.241379
14 1.000000
12 1.000000
12 1.000000
11 0.325926
10 0.930233
9 1.000000
9 0.473684
5 0.075614
5 0.082645
3 0.032000
3 0.004373
1 0.000000
11 0.467864
11 0.065185
9 1.000000
7 0.299643
12 0.720000
12 0.879633
11 0.733333
10 0.731707
17 0.622837
14 0.949153
14 0.750000
12 0.941176
10 1.000000
9 0.333333
7 0.344388
5 0.300000
4 1.000000
3 1.000000
2 0.545455
2 0.750000
1 0.000000
15 0.483871
14 0.255216
13 0.500000
7 0.321429
5 0.247934
17 0.342785
16 0.320784
16 0.738462
15 0.317460
14 0.736842
17 0.685570
17 0.352941
15 1.000000
15 1.000000
14 0.724138
13 0.481481
11 0.478261
10 0.481856
9 0.797784
9 0.841490
9 0.500000
8 0.705882
4 0.222222
4 0.941176
154
15 0.846561
15 0.317460
14 1.000000
17 0.342785
15 0.483871
15 0.507928
17 0.342785
15 0.500000
13 0.412562
10 0.292050
9 0.033986
13 1.000000
11 0.478261
9 0.119401
4 0.058620
3 0.032000
2 0.800000
1 0.000000
16 0.320784
13 0.412562
12 1.000000
4 0.074074
3 0.183673
1 0.000000
17 0.596148
13 0.735849
12 0.489796
11 0.733333
17 0.342785
16 0.661157
16 0.681657
15 0.983607
14 0.896276
13 0.333215
12 0.480000
16 0.440771
16 0.908876
15 0.109261
15 0.983607
13 0.888572
9 1.000000
17 0.447111
16 0.320784
12 0.705882
2 0.363636
164
16 0.280491
11 0.597555
11 0.054321
7 0.084589
7 0.466667
6 0.208333
5 0.200000
2 0.363636
2 0.098765
1 0
17 0.457047
15 0.423280
14 0.224069
13 0.206281
13 0.222143
9 0.473684
16 0.881543
12 0.329863
12 0.458333
9 0.473684
9 0.250000
8 0.290657
6 0.164609
5 0.434783
4 0.166090
3 0.250000
2 0.040000
1 0.000000
14 0.491228
13 1.000000
12 0.960000
12 0.489796
11 0.956522
16 0.427712
16 0.587274
14 0.336103
13 0.709091
12 0.329863
11 0.195556
10 0.930233
8 0.750000
5 0.022500
4 0.012346
4 0.011719
16 0.716418
12 1.000000
11 1.000000
10 1.000000
10 1.000000
8 0.188082
8 0.705882
7 0.750000
17 0.352941
16 1.000000
15 1.000000
16 0.969697
15 0.983607
15 0.525000
13 0.146450
15 0.412373
14 0.108205
13 0.103140
12 1.000000
13 0.481481
13 0.735849
13 0.346154
12 0.960000
12 0.343750
11 0.298778
10 1.000000
10 0.450000
9 0.473684
9 0.097222
8 0.500000
175
13 0.962963
12 0.405998
12 0.960000
11 0.623819
10 0.217339
10 0.952381
9 0.284024
8 0.470588
7 0.349636
6 0.104167
5 0.302457
5 0.330579
4 0.250000
3 0.053333
3 0.016386
1 0.000000
1 0.000000
17 0.457047
15 1.000000
15 0.725806
16 0.984615
15 1.000000
11 0.325926
8 0.484848
5 0.408163
4 0.041989
3 0.010667
1 0.285714
15 0.634921
13 0.320988
10 0.476190
9 0.203914
9 0.473684
7 0.451613
5 0.177529
5 0.217391
3 0.053333
2 0.148148
1 0.000000
13 0.412562
12 0.405998
8 0.581315
8 0.484848
7 0.451613
6 0.355030
4 0.444444
16 0.330579
15 0.096220
13 0.444286
13 0.115385
12 0.439817
11 1.000000
10 0.476190
9 0.236842
7 0.093333
5 0
4 0.222222
4 0.250000
3 0.061224
10 0.476190
9 0.473684
8 0.096886
7 0.140000
17 0.705882
16 0.661157
15 0.737705
14 0.482759
13 0.346154
12 0.304498
11 0.733333
11 0.340909
10 0.540000
7 0.299643
4 0.199446
3 0.005462
2 0.033058
2 0.148148
2 0.062500
1 0.000000
13 0.641975
11 0.733333
7 0.299643
2 0.033058
6 0.266272
5 0.038873
5 0.272109
3 0.160000
186
15 0.655567
14 0.486920
12 0.720000
11 0.956522
15 0.725806
16 0.855424
12 0.235294
16 0.330579
16 0.738462
15 0.967742
12 1.000000
11 0.325926
9 0.692308
9 0.473684
7 0.466667
4 0.066482
2 0.120000
2 0.187500
15 0.750000
14 0.711864
13 0.945455
12 1.000000
11 1.000000
10 0.952381
9 0.407829
9 1.000000
8 0.047020
6 0.266272
3 0.008746
2 0.062500
1 0
1 0.000000
1 0.200000
1 0.000000
17 1.000000
16 0.440771
15 0.952381
15 0.338619
14 0.949153
12 0.734694
11 1.000000
8 0.308540
7 0.225806
7 0.299643
6 0.222222
6 0.164609
5 1.000000
16 0.783031
15 0.524061
14 0.949153
13 0.945455
13 0.735849
10 0.930233
9 0.473684
9 1.000000
8 1.000000
8 0.457143
7 0.280000
17 0.342785
15 0.262031
14 0.736842
12 1.000000
11 0.099593
9 0.461538
9 0.729730
8 0.091429
5 0.238095
3 0.213018
2 0.062500
16 0.881543
15 0.952381
15 0.874089
14 0.324614
12 0.979592
12 1.000000
11 1.000000
16 0.750000
15 0.250000
14 1.000000
13 1.000000
9 1.000000
8 1.000000
7 1.000000
5 0.165289
4 0.148148
4 0.093750
3 0.214286
3 0.250000
1 0.000000
1 0.000000
15 0.131015
15 0.902983
14 0.134323
14 0.298469
10 0.306122
8 0.457143
3 0.319527
1 0.000000
197
17 0.750000
15 0.524061
14 0.627406
12 0.380160
17 0.342785
14 0.750000
13 0.154711
13 0.981132
11 0.234043
10 1.000000
10 1.000000
16 0.536236
16 0.855424
15 0.725806
15 0.491803
14 0.474576
13 0.444286
12 0.304498
12 0.960000
11 0.457702
17 0.342785
15 0.655567
12 1.000000
11 0.468085
11 0.113636
10 1.000000
9 0.461538
9 0.036740
8 0.242424
6 0.222222
6 0.240000
6 0.250000
5 0.238095
15 0.677237
13 0.412562
12 0.480000
12 0.734694
11 0.398370
11 0.103970
10 0.465116
10 0.408163
9 0.099723
5 0.750000
2 0.049383
15 0.476190
13 1.000000
15 0.846561
15 0.338619
14 0.237288
14 0.232143
12 0.235294
11 0.228851
6 0.246914
6 0.720000
5 0.272109
5 0.300000
5 0.300000
4 0.033241
4 0.235294
4 0.187500
3 0.183673
3 0.035503
2 0.099174
2 0.148148
2 0.093750
1 0.000000
16 0.440771
16 0.908876
16 0.351562
15 0.483871
15 0.577317
12 1.000000
11 0.956522
10 0.952381
17 0.342785
16 0.681657
15 0.725806
15 0.983607
14 0.711864
14 0.696429
13 0.750000
11 0.488889
11 0.250000
14 0.982456
3 0.183673
13 0.722222
13 0.320988
12 1.000000
12 0.329863
10 1.000000
9 0.284024
9 0.947368
8 0.705882
8 0.500000
6 0.692308
5 0.200000
1 0.000000
208
208
