14 0.750000
12 1.000000
10 0.428316
9 0.750000
7 0.321429
4 0.148148
16 0.908876
15 0.677237
13 1.000000
11 0.750000
10 0.750000
9 0.972973
9 0.333333
8 0.109375
7 0.599287
5 0.495868
5 0.250000
2 0.888889
2 0.098765
16 0.750000
15 0.423280
15 0.288659
14 0.750000
13 0.123769
13 0.722222
13 0.722222
9 0.189349
8 0.290657
7 1.000000
6 0
5 0.750000
16 0.320784
15 0.437045
13 1.000000
17 0.352941
16 0.750000
15 0.750000
14 0.377379
14 0.750000
13 0.709091
12 0.844800
10 0.310982
8 0.242424
7 0.214286
6 0.082305
6 0.399408
2 0.500000
14 0.649227
10 0.778799
10 0.204082
9 0.500000
8 0.500000
a:0
10 0.408163
a:3
a:1
13 0.945455
a:1
16 0.330579
15 0.725806
a:0
a:5
a:6
a:6
9
16 0.330579
14 0.482759
13 0.330050
13 0.444286
12 0.329863
9 0.203914
9 0.710526
8 0.705882
15 0.983607
14 0.627406
14 0.696429
11 0.311909
10 0.465116
10 0.153061
2 0.033058
15 0.874089
15 0.350000
14 0.750000
13 0.962963
12 1.000000
12 0.480000
11 0.500000
10 0.952381
16 0.727273
15 0.725806
15 0.769756
14 0.724138
13 1.000000
16 0.716418
15 1.000000
13 0.320988
12 0.439817
11 1.000000
10 0.731707
9 0.378698
9 0.243243
8 0.193772
7 1.000000
5 0.075614
5 0.045351
5 0.750000
17 0.794864
16 0.587274
13 1.000000
12 0.705882
12 0.250000
11 0.597555
10 0.160619
8 0.548571
8 0.252442
5 0.088765
5 0.272109
3 0.400000
2 0.062500
12 0.979592
11 0.733333
9 0.099723
9 0.486486
7 0.057398
5 0.300000
4 0.070312
3 0.041667
2 0.049587
2 0.187500
15 0.655567
14 0.649227
13 1.000000
12 0.152249
12 0.480000
a:1
a:1
a:1
a:2
14 0.336103
13 0.490566
11 0.468085
a:1
13 0.481481
12 0.705882
11 0.956522
a:0
13 0.427984
13 0.230769
10 1.000000
8 0.145329
8 0.328125
16 0.500000
15 0.933333
14 0.324614
14 0.696429
13 0.618843
13 0.427984
10 0.952381
9 0.947368
8 0.484848
1 1.000000
22
13 0.333215
12 0.343750
7 0.724138
2 0.120000
1 0.000000
1 0
16 0.330579
15 0.476190
13 0.666429
13 1.000000
12 0.240000
11 0.239130
9 0.477603
8 0.112196
5 0.240000
3 0.061224
1 0.000000
14 0.896276
13 0.981132
11 0.651852
10 0.321237
9 0.159201
7 0.262227
7 0.299643
7 0.399524
14 0.965517
11 0.244444
11 1.000000
10 1.000000
a:1
a:6
a:3
a:9
12 1.000000
12 0.126720
10 0.476190
10 0.321237
15 0.451492
14 0.108205
14 1.000000
12 0.211200
12 1.000000
11 0.244103
11 1.000000
11 0.454545
11 0.250000
9 1.000000
8 1.000000
7 0.399524
3 0.500000
13 0.618843
12 0.489796
6 0.384000
6 0.104167
2 0.040000
1 0.000000
15 0.491803
14 0.982456
13 0.309421
13 1.000000
13 0.250000
12 0.489796
11 0.468085
11 1.000000
11 0.977778
11 1.000000
11 1.000000
10 0.930233
10 1.000000
9 0.461538
9 0.473684
9 0.105186
5 0.226843
4 0.199446
4 0.066482
3 0.213018
3 0.166667
2 0.000000
31
16 0.330579
14 0.313703
14 0.504155
12 0.960000
12 0.329863
11 0.217284
4 0.187500
1 0.000000
14 0.324614
13 0.945455
13 0.981132
12 0.240000
9 0.222222
1 0.000000
17 0.941176
16 0.727273
14 1.000000
16 0.615234
15 0.714286
15 0.350000
11 0.702128
10 0.465116
10 0.337500
a:1
17 0.685570
16 0.855424
15 0.274915
15 0.245902
13 0.346154
12 1.000000
12 0.750000
10 0.731707
9 0.750000
8 0.308540
8 0.750000
4 0.041989
17 0.352941
14 0.896276
13 0.106996
10 0.731707
17 0.739130
14 0.750000
13 0.490566
12 0.489796
11 0.488889
8 0.411429
3 0.600000
1 0.000000
16 0.937500
13 1.000000
12 0.304498
11 0.311909
15 0.262031
10 0.450000
9 0.222222
7 0.093333
3 0.200000
1 0.000000
1 0.000000
15 0.211640
15 0.725806
13 0.490566
11 0.234043
a:14
a:3
16 0.340828
15 0.338619
14 0.313703
12 0.304498
6 0.444444
4 0
2 0.545455
2 0.750000
1 0.400000
42
15 0.634921
15 0.967742
14 0.482759
12 0.705882
16 0.351562
15 0.677237
14 0.418271
14 0.112034
11 0.398370
11 0.977778
a:3
15 0.350000
14 0.896276
13 0.888572
13 0.750000
11 0.069731
10 1.000000
8 0.328125
4 0.222222
3 0.213018
1 0.000000
3 0.083333
16 0.587274
15 0.634921
15 0.677237
14 0.112034
13 0.111072
12 0.489796
11 0.108642
9 0.972973
7 0.262227
6 0.288000
4 0.199446
1 0.000000
15 0.714286
14 0.711864
12 1.000000
11 0.702128
16 0.536236
14 0.724138
8 0.096886
7 0.262227
7 0.186667
4 0.083045
3 0.461538
1 0.500000
17 0.596148
15 0.577317
14 0.896276
13 1.000000
12 0.489796
50
15 0.874089
15 0.507928
14 0.982456
13 0.206281
8 0.205693
5 0.181406
1 0.000000
13 0.472727
10 0.476190
9 0.972973
8 0.145329
8 0.969697
7 0.373333
4 0.083045
1 0.000000
1 0
1 0.000000
15 0.327784
15 0.451492
14 0.627406
12 0.480000
12 0.916667
14 0.418271
14 1.000000
13 0.481481
a:0
16 0.727273
9 1.000000
8 0.218750
4 0.132964
2 0.033058
2 0.040000
1 0.000000
1 0.000000
15 0.500000
14 0.324614
13 0.481481
12 0.480000
11 0.217284
11 0.227273
10 0.500000
9 0.473684
9 1.000000
5 0.500000
16 0.500000
14 1.000000
10 0.900000
10 0.750000
8 0.308540
15 0.846561
15 0.218522
14 0.448138
14 0.116071
13 0.427984
11 0.099593
10 0.292050
9 0.299169
8 0.548571
8 0.470588
7 0.233333
5 0.226843
5 0.272109
4 0.199446
17 0.342785
17 0.705882
15 0.483871
13 1.000000
13 0.750000
12 0.941176
11 0.623819
a:6
16 0.641568
16 0.703125
15 0.317460
15 0.338619
14 0.313703
13 0.309421
12 0.304498
5 0.029588
4 0.046875
15 0.491803
14 0.491228
13 1.000000
13 1.000000
12 1.000000
12 0.329863
a:2
a:2
a:2
12 0.480000
a:3
63
15 0.902983
15 0.455000
14 0.500000
13 0.213992
12 0.470588
12 0.101499
12 0.211200
11 0.099593
11 1.000000
11 1.000000
10 0.326009
10 0.487805
9 0.947368
8 0.182857
7 0.451613
4 0.421053
17 0.739130
15 0.714286
14 0.711864
14 0.491228
13 0.481481
a:3
a:0
a:3
a:1
13 0.427984
12 0.480000
12 0.109954
6 0.082305
3 0.083333
15 0.677237
2 0.049383
1 0.333333
16 0.330579
15 0.874089
14 0.865636
13 0.962963
15 0.846561
a:6
16 0.881543
15 0.874089
14 0.965517
13 1.000000
11 0.717391
11 1.000000
a:3
a:3
a:1
13 0.111072
13 0.519231
12 0.750000
11 0.298778
11 1.000000
10 1.000000
8 0.102847
6 0.312500
16 0.727273
16 0.937500
15 0.491675
15 1.000000
13 0.981132
a:10
a:12
72
15 0.317460
14 0.336103
13 1.000000
13 0.981132
12 0.343750
10 1.000000
10 1.000000
10 0.731707
9 1.000000
a:6
a:1
a:5
17 0.685570
15 0.483871
a:7
a:1
a:9
a:3
a:5
a:6
15 0.733107
14 0.482759
13 1.000000
12 0.470588
12 0.480000
11 1.000000
13 0.222143
10 0.214158
9 0.500000
8 0.470588
1 0.000000
1 0.333333
15 0.327784
9 0.473684
8 0.470588
5 0.400000
4 0.498270
17 0.342785
14 0.324614
13 0.103140
12 1.000000
12 1.000000
12 0.329863
11 0.651852
11 0.113636
10 1.000000
13 1.000000
12 0.720000
7 1.000000
5 0
4 0.631579
2 0.545455
1 0.285714
1 0.000000
14 0.283034
13 0.333215
2 0.000000
1 0.333333
15 0.933333
12 0.229167
9 0.473684
6 0.461538
2 0.600000
1 0.000000
15 0.338619
12 0.316800
8 0.462810
4 0.074074
16 0.484848
16 0.117188
12 0.489796
12 0.229167
11 0.488889
83
15 0.750000
12 0.750000
11 1.000000
10 0.250000
9 0.250000
7 0.428571
5 0.226843
14 0.313703
14 0.736842
a:0
a:1
a:0
16 0.661157
15 0.725806
15 0.902983
14 0.965517
13 0.962963
4 0.249135
3 0.052478
1 0.000000
15 1.000000
15 0.874089
15 0.245902
15 0.350000
14 0.965517
14 0.928571
13 0.962963
12 0.960000
12 0.164931
11 0.454545
10 0.487805
9 1.000000
9 0.157779
9 0.500000
8 0.109375
7 0.677419
16 0.969697
16 0.750000
15 0.317460
12 0.470588
10 0.321237
5 0.038873
15 0.338619
14 0.448138
10 0.289786
9 0.750000
6 0.192000
3 0.183673
2 0.545455
2 0.400000
1 0.500000
1 0.750000
15 0.634921
13 0.490566
12 0.705882
11 1.000000
10 0.174927
15 0.952381
14 0.491228
13 0.427984
12 0.750000
11 0.199185
10 0.714286
9 0.631118
8 0.096886
7 0.093333
6 0.088757
5 0.272109
4 0.074074
4 0.124567
4 0.093750
3 0.083333
2 0
17 0.447111
16 0.716418
16 0.536236
15 0.714286
15 0.524061
15 0.491803
13 0.709091
12 0.705882
11 0.468085
9 0.230769
8 0.182857
7 0.309976
5 0.165289
3 0.200000
3 0.214286
3 0.213018
1 0.000000
16 1.000000
15 0.967742
14 0.711864
13 1.000000
12 1.000000
10 0.952381
9 0.305872
8 0.228571
8 0.705882
7 0.253768
7 0.186667
6 0.177515
4 0
4 0.222222
2 0.000000
2 0.000000
1 1.000000
1 0
93
16 0.738462
15 0.112873
13 0.500000
12 0.720000
12 0.500000
11 0.750000
15 0.350000
14 0.482759
13 0.481481
12 0.636859
12 0.480000
3 0.021333
2 0.800000
2 0.222222
15 0.874089
14 0.724138
12 1.000000
11 1.000000
17 0.941176
15 0.233333
14 0.432818
12 0.229167
10 0.058309
6 0.164609
3 0.053333
1 0.000000
1 0.500000
16 0.440771
14 0.482759
14 0.491228
13 0.490566
12 1.000000
11 0.488889
10 1.000000
9 0.486486
8 0.484848
a:1
a:0
a:0
a:0
17 1.000000
14 0.949153
14 0.432818
13 0.735849
13 0.490566
12 0.229167
11 0.217284
10 1.000000
8 1.000000
8 0.500000
7 1.000000
7 0.700000
6 0.666667
1 0.000000
1 0.200000
1 0.000000
16 0.969697
15 0.483871
12 0.219908
12 0.500000
11 0.250000
4 0.222222
13 0.427984
12 1.000000
11 0.478261
15 0.476190
14 0.482759
14 0.149235
13 0.061884
12 0.211200
11 0.478261
11 0.244444
9 0.243243
15 0.725806
13 0.320988
11 0.061026
10 0.714286
16 0.560982
15 0.183277
15 0.288659
13 0.735849
12 0.329863
11 0.114426
10 0.194700
10 0.204082
8 0.193772
7 0.126884
6 0.122895
6 0.266272
4 0.199446
3 0.016386
3 0.006944
2 0.000000
104
16 0.213856
15 0.769756
13 0.722222
13 0.166607
12 0.240000
11 0.244444
10 0.243902
9 0.243243
8 0.484848
7 0.174818
7 0.099881
7 0.214286
6 0.096000
5 0.434783
5 0.090703
4 0.066482
2 0.033058
2 0.187500
1 0.166667
16 0.560982
15 0.476190
15 0.874089
13 1.000000
a:8
a:3
13 0.481481
13 1.000000
12 0.316800
12 0.687500
7 0.349636
7 0.214286
6 0.246914
16 0.969697
14 0.649227
12 0.480000
5 0.165289
5 0.181406
4 0.166090
2 0.099174
16 0.113609
13 0.981132
12 0.190080
12 0.979592
9 0.157779
7 0.299643
17 0.739130
17 0.352941
16 0.340828
14 0.736842
12 0.458333
11 0.977778
16 0.955224
16 0.587274
15 0.952381
14 0.711864
14 0.736842
13 0.735849
12 0.734694
1 0.500000
16 0.714982
14 0.418271
13 0.320988
12 0.979592
11 0.956522
10 0.952381
16 0.427712
16 0.661157
13 0.722222
12 0.316800
11 0.415879
10 0.389400
10 1.000000
17 0.685570
15 0.983607
13 0.981132
13 0.222143
12 0.219908
12 1.000000
15 0.525000
8 0.273560
a:0
115
16 0.178745
16 0.727273
16 0.340828
15 0.967742
15 0.737705
13 0.709091
13 0.722222
13 0.245283
12 0.304498
10 1.000000
10 0.321237
10 0.337500
9 0.299169
9 0.729730
9 0.444444
8 1.000000
7 0.466667
7 0.299643
6 0.312500
5 0.681818
5 0.100000
4 0.049383
4 0.074074
a:0
16 0.969697
16 0.307617
14 0.965517
13 0.750000
12 0.720000
11 0.103970
10 0.500000
9 0.500000
1 0.166667
1 1.000000
15 0.737705
13 0.981132
15 0.483871
14 0.432818
13 0.481481
13 0.666429
12 0.480000
12 0.659725
11 0.415879
11 0.733333
15 0.483871
15 0.350000
14 0.482759
12 0.480000
12 0.343750
11 0.478261
10 0.476190
9 0.972973
7 0.186667
7 0.214286
5 0.082645
4 0.562500
a:0
16 0.330579
10 0.238095
10 0.731707
3 0.375000
15 0.483871
13 1.000000
12 0.343750
11 0.500000
5 0.200000
2 1.000000
1 0.000000
17 0.794864
15 0.737705
11 0.415879
11 0.750000
10 0.487805
8 0.109375
3 0.214286
16 0.427712
15 0.476190
14 0.464286
11 0.398370
7 0.057398
6 0.052083
4 0.093750
1 0.000000
1 0.250000
125
16 0.340828
13 0.065386
7 0.262227
6 0.888889
5 0.652174
5 0.090000
4 0.166090
2 0.500000
16 0.641568
16 0.681657
15 0.211640
12 0.126720
11 0.057213
10 0.337500
8 0.056098
7 0.021147
7 0.140000
7 0.299643
7 0.028699
15 0.750000
14 0.224069
a:2
a:3
17 0.705882
14 0.482759
14 0.750000
13 0.750000
12 0.750000
9 0.500000
6 21
16 0.738462
15 0.902983
14 0.491228
12 0.470588
9 0.247995
8 1.000000
4 0.083045
16 0.076904
12 0.720000
11 0.717391
10 0.135000
16 0.750000
15 0.655567
15 0.737705
12 0.358233
12 1.000000
9 0.111111
7 0.131113
7 0.186667
6 0.208333
5 0.165289
2 0.099174
15 0.500000
14 0.982456
14 1.000000
17 0.685570
16 0.340828
15 0.737705
14 0.336103
13 0.222143
12 0.489796
12 0.286458
9 1.000000
15 0.874089
15 1.000000
15 0.500000
14 0.736842
a:12
a:15
16 0.113609
15 0.112873
11 0.488889
8 0.731429
4 0.444444
2 0.181818
16 0.351562
15 0.714286
15 0.327784
14 0.500000
13 0.472727
137
16 0.340828
14 1.000000
12 1.000000
9 1.000000
8 1.000000
8 0.218750
7 0.724138
5 0.247934
4 0.070312
2 0.187500
15 0.634921
16 0.440771
15 0.437045
13 0.472727
11 0.415879
9 0.398892
7 0.700000
3 0.320000
2 0.000000
16 0.527344
15 0.874089
15 0.655567
14 0.313703
13 0.309421
12 0.439817
11 0.488889
9 1.000000
8 0.470588
8 0.308540
7 0.482759
6 0.461538
4 0.470588
2 0.444444
16 0.727273
15 0.338619
13 0.825124
15 0.983607
14 0.736842
12 0.979592
9 0.972973
14 0.711864
12 0.720000
9 1.000000
8 0.193772
7 0.186667
7 0.214286
16 0.320784
16 0.881543
16 0.937500
15 0.250000
13 0.346154
11 0.956522
10 0.476190
9 0.692308
9 0.473684
9 0.444444
7 0.373333
16 0.340828
12 0.979592
8 0.484848
7 1.000000
2 0
15 0.933333
14 0.627406
13 0.888572
13 0.500000
12 0.734694
a:0
147
17 0.750000
16 0.750000
14 1.000000
14 1.000000
14 0.432818
13 1.000000
13 0.427984
13 0.923077
12 0.439817
11 0.956522
10 0.204082
9 0.420745
a:0
a:1
14 0.313703
13 0.981132
12 0.979592
a:0
a:0
16 0.440455
14 1.000000
14 0.754759
13 0.825124
12 1.000000
16 0.280491
16 0.492308
15 0.483871
14 1.000000
12 0.164931
11 0.415879
11 0.217284
2 0.099174
1 0.333333
12 0.219908
6 0.327720
6 0.096000
2 0.148148
2 0.093750
11 0.750000
15 0.698749
15 0.655567
15 0.902983
14 1.000000
13 0.490566
12 0.941176
12 0.489796
11 0.936170
10 0.067500
8 0.914286
2 0.033058
17 0.739130
16 0.984615
16 0.703125
12 0.329863
11 0.260741
10 0.108670
10 0.067500
8 0.091429
8 0.109375
7 0.262227
7 0.500000
155
12 0.979592
11 0.733333
10 0.731707
a:0
16 0.716418
15 0.750000
14 0.237288
14 1.000000
14 0.134323
13 1.000000
12 0.720000
11 0.239130
9 0.236842
8 0.228571
7 0.186667
6 0.018290
5 0.226843
4 0.083045
2 0.040000
15 0.451492
14 0.324614
14 0.482759
12 0.489796
11 0.488889
a:0
a:0
a:1
16 0.661157
15 0.725806
14 0.649227
13 0.641975
13 0.735849
12 1.000000
11 0.623819
8 0.775087
7 0.746667
6 0.888889
6 0.923077
5 0.714286
3 0.160000
3 0.692308
2 0.545455
a:1
16 0.727273
15 0.338619
14 0.736842
11 0.298778
11 0.113636
5 0.151229
a:0
15 0.437045
13 0.981132
12 0.979592
a:0
15 0.245902
15 1.000000
14 0.711864
12 1.000000
11 1.000000
11 0.250000
10 0.250000
9 1.000000
7 0.482759
6 0.444444
16 0.357491
16 0.560982
15 0.698749
14 0.112034
13 0.412562
12 0.470588
12 0.720000
11 0.468085
a:5
a:3
a:2
a:3
163
16 0.727273
13 0.962963
16 0.681657
14 0.209135
2 0.033058
11 0.454545
9 0.398892
16 0.330579
16 0.468750
15 0.423280
14 0.402969
10 0.731707
9 0.972973
9 0.250000
8 0.125388
7 0.299643
17 0.830450
16 0.937500
15 0.350000
12 0.734694
12 0.500000
a:9
a:3
a:1
a:11
14 0.348214
12 0.304498
12 0.489796
8 1.000000
16 0.855424
16 0.110193
15 0.737705
14 1.000000
12 1.000000
11 0.488889
10 0.465116
10 0.952381
8 0.411387
7 0.482759
6 0.288000
5 0.272109
3 0.091837
13 0.490566
12 0.439817
11 0.702128
11 0.340909
9 0.284024
5 0.652174
4 0.249135
2 0.033058
1 0.000000
16 0.440771
15 0.874089
15 0.933333
14 0.448138
12 0.119411
12 0.879633
8 0.437500
7 0.482759
7 0.428571
6 0.230769
17 0.342785
14 0.491228
14 0.245614
13 1.000000
12 1.000000
a:0
a:0
173
15 0.317460
15 1.000000
14 0.982456
14 1.000000
11 0.936170
10 0.697674
13 0.490566
12 1.000000
11 0.977778
10 0.408163
10 0.487805
10 0.428316
9 0.729730
a:1
17 0.685570
16 0.641568
15 0.967742
15 0.983607
14 0.448138
13 1.000000
7 0.280000
7 0.321429
3 0.083333
2 0.000000
2 0.000000
1 0.000000
1 0.000000
1 0.000000
9 0.299169
8 0.290657
4 0
2 0.040000
2 0.049383
1 0
16 0.661157
6 0.266272
6 0.312500
4 0.098765
3 0.166667
2 0.098765
2 0.062500
1 0.000000
17 0.342785
16 0.727273
15 1.000000
14 0.313703
14 1.000000
14 1.000000
a:0
a:0
a:3
a:1
a:1
a:5
a:1
a:1
a:1
13 0.130773
13 0.490566
12 1.000000
12 0.126720
11 0.415879
10 0.731707
7 0.482143
5 0.434783
4 0.066482
4 0.074074
3 0.240000
2 0.093750
14 0.482759
9 0.473684
3 0.122449
2 0.200000
1 0.500000
1 0.500000
182
15 0.437045
13 0.481481
10 0.816327
9 0.448753
6 0.532544
2 0.200000
14 0.188690
13 0.222143
12 0.879633
11 0.977778
15 0.466667
14 0.649227
14 0.149235
13 0.320988
13 0.981132
13 0.461538
12 1.000000
10 0.204082
10 0.225000
8 0.727273
7 0.280000
5 0.165289
5 0.136054
4 0.046875
2 0.040000
16 0.937500
15 0.933333
14 1.000000
13 1.000000
12 0.480000
12 0.500000
9 1.000000
8 0.282122
8 0.656250
7 0.087409
7 0.642857
5 1.000000
2 0.444444
1 0.000000
13 0.222143
11 0.217284
3 0.160000
13 0.461538
12 0.316800
a:0
a:0
17 0.596148
13 0.123769
13 0.481481
11 0.278926
10 0.476190
9 0.729730
8 0.205693
6 0.078125
5 0.750000
3 0.125000
17 0.985507
15 0.737705
14 1.000000
13 1.000000
a:0
190
a:0
a:12
16 0.320784
15 0.655567
14 0.474576
13 0.472727
13 0.722222
4 0.199446
2 0.600000
13 0.735849
12 0.734694
9 0.101957
9 0.729730
8 0.047020
7 0.393340
6 0.046080
1 0.000000
16 0.560982
15 0.227500
16 0.881543
15 0.262031
13 0.309421
12 1.000000
11 1.000000
11 0.478261
9 0.199446
6 0.329218
5 0.090000
4 0.421053
2 0.400000
14 0.982456
14 1.000000
13 1.000000
12 0.750000
11 1.000000
10 1.000000
9 0.473684
6 0.250000
16 0.881543
16 0.340828
15 0.350000
13 0.750000
12 0.329863
16 0.560982
13 0.888572
12 0.979592
11 0.733333
9 0.729730
a:1
198
198
