16 0.727273 0.066116
15 1.000000 0.508325
14 1.000000 0.758621
17 0.352941 -0.477509
15 0.476190 -0.158730
15 0.476190 0.000000
14 0.711864 0.237288
15 0.491803 -0.185434
14 0.313703 -0.026585
14 0.491228 -0.012927
15 0.983607 0.080623
14 0.470554 -0.156851
14 0.736842 -0.245614
13 0.097633 -0.421598
12 0.202999 -0.608997
12 1.000000 0.265306
11 1.000000 0.063830
10 0.243902 -0.487805
8 0.228571 -0.457143
8 0.205693 -0.102847
7 0.933333 0.653333
6 0.444444 0.320988
5 0.952381 0.816327
4 0.187500 -0.093750
3 0.006944 -0.243056
2 0.062500 0.000000
7 0.299643 0.196318
6 0.082305 -0.164609
3 0.071006 -0.142012
2 0.148148 0.148148
2 0.000000 -0.187500
11 0.468085 -0.234043
11 0.488889 -0.244444
10 0.194700 -0.502975
6 0.177515 -0.284024
5 0.151229 -0.189036
3 0.026239 -0.249271
2 0.000000 -0.180000
2 0.062500 -0.687500
16 0.500000 -0.250000
12 0.633600 0.422400
10 0.204082 -0.510204
6 0.416667 -0.333333
4 0.083045 -0.622837
3 0.106667 -0.493333
3 0.284024 -0.408284
15 0.967742 0.234635
13 0.962963 0.106996
10 1.000000 0.534884
5 0.476190 -0.238095
3 0.400000 -0.200000
10
7 0.099881 -0.313420
2 0.727273 0.661157
2 0.800000 0.720000
1 0.000000 0.000000
1 0.000000 0.000000
14 0.965517 0.099881
13 0.709091 -0.116033
13 0.333215 -0.555358
12 0.734694 -0.144940
12 0.916667 0.534722
11 0.391111 0.043457
8 0.457143 -0.091429
4 0.131687 0.098765
3 0.666667 0.416667
2 0.040000 -0.120000
16 0.681657 0.290141
13 0.206281 -0.257851
11 0.234043 -0.214124
10 0.349854 0.000000
10 0.405000 0.000000
9 0.500000 0.000000
12 0.659725 0.219908
8 0.437500 -0.054688
7 0.250000 -0.071429
6 0.096000 -0.192000
4 1.000000 0.250000
3 1.000000 0.538462
16 0.703125 -0.117188
15 0.423280 -0.275468
14 0.482759 -0.004162
14 0.566069 0.000000
14 0.298469 -0.497449
13 0.481481 0.053498
12 0.422400 0.000000
10 0.204082 -0.204082
9 0.199446 -0.199446
9 0.486486 0.065741
8 1.000000 0.085714
8 0.193772 -0.193772
7 0.373333 0.124444
6 0.444444 0.115226
6 0.081930 -0.184342
2 0.040000 -0.080000
15 0.874089 0.507536
13 0.709091 0.296529
13 0.320988 -0.106996
12 0.960000 0.115200
11 0.468085 -0.129470
10 0.465116 0.173067
9 0.947368 0.000000
16 0.536236 0.000000
15 0.983607 0.306369
14 0.108205 -0.378716
14 0.982456 0.310249
13 0.981132 0.000000
12 1.000000 0.058824
12 0.734694 -0.244898
11 1.000000 0.266667
14 0.336103 -0.560172
13 0.111072 -0.388750
12 0.480000 -0.240000
10 0.487805 -0.243902
8 0.137143 -0.050939
7 0.206651 -0.242814
7 0.500000 -0.250000
6 0.219479 -0.150892
5 0.340265 -0.311909
5 0.454545 -0.227273
3 0.183673 0.174927
2 0.033058 -0.330579
2 0.062500 -0.687500
17 0.685570 -0.109294
14 0.836541 0.000000
12 0.811995 0.202999
12 0.687500 0.496528
10 0.214158 -0.036564
7 0.349636 0.265046
2 0.600000 0.480000
19
17 0.596148 0.000000
16 0.511243 0.070787
15 0.393046 0.000000
15 0.338619 -0.169309
14 0.313703 -0.313703
12 0.659725 0.164931
11 0.488889 0.097778
9 0.923077 0.692308
9 0.972973 0.243243
8 1.000000 0.771429
8 0.448785 -0.000000
7 0.451613 -0.072841
7 0.214286 -0.285714
4 0.083045 -0.622837
4 0.093750 -0.656250
2 0.000000 0.000000
14 0.482759 0.000000
14 0.500000 -0.428571
12 0.480000 0.000000
12 0.422400 0.000000
11 0.478261 0.000000
9 0.236842 0.000000
9 0.299169 -0.099723
9 0.486486 -0.486486
15 1.000000 0.322763
14 0.491228 -0.180979
13 0.735849 0.069420
12 0.979592 0.319867
12 0.500000 -0.500000
11 0.977778 0.543210
11 0.500000 -0.500000
10 0.500000 -0.500000
9 0.500000 0.277778
3 0
15 0.524061 -0.174687
15 0.902983 0.395055
14 0.896276 0.392121
13 0.666429 0.166607
12 0.219908 -0.514786
9 0.199446 -0.511080
9 0.222222 -0.277778
7 0.349636 -0.327784
4 0.265928 -0.365651
3 0.016000 -0.005333
2 0.099174 0.099174
1 0.000000 0.000000
1 0.000000 -0.400000
15 0.327784 -0.327784
14 0.108205 -0.541023
12 0.480000 0.163200
9 0.358202 -0.115136
7 0.206651 -0.242814
6 0.184320 -0.247680
6 1.000000 0.250000
3 0.032000 -0.208000
3 0.857143 0.214286
15 0.349374 -0.043672
15 0.700000 0.093333
14 0.965517 0.099881
14 0.896276 0.224069
13 0.945455 0.120331
12 0.960000 0.000000
11 0.956522 0.000000
10 0.930233 0.465116
16 0.615234 0.000000
15 0.317460 -0.529101
14 0.500000 0.035714
13 0.709091 -0.236364
12 0.235294 -0.705882
15 0.500000 -0.250000
14 1.000000 0.500000
13 1.000000 0.518519
13 1.000000 0.018868
27
16 0.427712 0.000000
13 0.333215 -0.555358
16 0.727273 0.166291
15 0.725806 0.313434
9 0.378698 -0.189349
7 0.214286 -0.535714
5 0.165289 -0.516529
15 0.983607 0.644988
12 1.000000 0.764706
11 1.000000 0.765957
8 0.164062 0.000000
7 0.087409 -0.043704
5 0.226843 -0.113422
1 0.000000 0.000000
15 0.211640 -0.264550
14 0.209135 -0.418271
12 1.000000 0.529412
12 0.489796 -0.389838
11 0.702128 0.000000
11 0.651852 0.130370
10 0.642475 0.391753
16 0.330579 -0.230403
16 0.727273 -0.154270
14 0.104568 -0.278256
11 0.733333 -0.244444
9 0.250000 -0.083333
8 0.274286 0.000000
8 0.969697 0.000000
6 0.666667 0.222222
5 0.238095 -0.238095
1 0.000000 -0.250000
16 0.351562 -0.468750
15 0.655567 0.105737
15 0.491803 -0.277953
15 0.350000 -0.583333
13 0.641975 0.118884
13 0.750000 -0.173077
12 0.489796 -0.489796
12 0.687500 0.472656
11 0.293333 0.162963
11 0.454545 0.000000
10 0.163005 0.054335
10 0.487805 0.000000
9 0.729730 0.486486
8 0.727273 0.573003
7 0.199762 0.182541
6 0.192000 0.099840
2 0.031250 -0.093750
14 0.865636 0.216409
12 0.489796 -0.244898
11 0.478261 0.010397
11 0.488889 -0.244444
16 0.484848 -0.396694
15 0.350000 -0.458889
14 0.836541 0.000000
14 0.724138 0.074911
14 0.928571 0.331633
14 1.000000 0.000000
13 0.722222 0.401235
17 1.000000 0.000000
16 0.477612 -0.003564
15 1.000000 0.032258
14 1.000000 0.275862
13 0.240741 -0.481481
10 0.194700 -0.097350
9 1.000000 0.289474
1 0.000000 0.000000
38
17 0.352941 -0.114187
15 0.750000 0.283333
13 0.472727 -0.472727
13 0.750000 -0.173077
12 0.470588 -0.470588
10 0.465116 0.232558
9 1.000000 0.750000
6 0.312500 0.208333
3 0.160000 -0.080000
3 0.183673 -0.091837
2 0.031250 -0.062500
14 0.982456 0.000000
13 1.000000 0.018868
12 0.979592 0.000000
11 0.936170 0.234043
11 0.681818 0.542355
10 1.000000 0.302326
9 0.710526 0.655416
6 1.000000 0.895833
16 0.320784 -0.081393
14 0.500000 -0.428571
12 0.494794 0.000000
12 1.000000 0.000000
16 0.641568 -0.073413
16 0.315552 -0.105184
15 0.366554 -0.045819
14 0.336103 -0.088448
13 0.981132 0.245283
11 0.500000 -0.181818
10 0.476190 0.068027
4 0.299169 0.000000
2 0.600000 0.480000
2 0.000000 -0.125000
1 0.000000 0.000000
1 0.500000 0.000000
16 1.000000 0.044776
15 1.000000 0.262295
14 0.313703 -0.522838
13 0.825124 0.412562
12 0.960000 0.000000
11 1.000000 0.511111
9 0.284024 0.182066
15 0.476190 -0.370370
15 0.483871 -0.390219
13 0.106996 -0.748971
11 0.415879 -0.072327
11 0.207940 -0.259924
11 0.391111 0.097778
10 0.282062 -0.094021
9 0.110220 -0.110220
9 0.179101 -0.059700
8 0.145329 -0.085487
6 0.164609 -0.279835
6 0.266272 0.000000
6 0.720000 0.432000
6 0.208333 -0.541667
5 0.075614 -0.576560
5 0.454545 -0.227273
5 0.272109 0.000000
5 0.238095 -0.476190
16 0.937500 0.468750
15 1.000000 0.032258
2 0
12 0.316800 -0.158400
11 0.114426 -0.333741
7 0.280000 -0.140000
4 0.222222 -0.111111
4 0.281250 -0.140625
14 0.418271 -0.418271
10 0.476190 0.000000
9 0.729730 0.000000
8 1.000000 0.294118
7 0.099881 -0.099881
6 0.666667 0.296296
6 0.230769 -0.168639
6 0.096000 -0.480000
5 0.123967 -0.247934
3 0.053333 0.042667
12 0.480000 -0.240000
10 0.487805 0.005949
10 0.225000 -0.525000
8 0.091429 -0.182857
8 0.082031 -0.410156
7 0.229592 -0.252551
6 0.164609 -0.502058
6 0.078125 -0.390625
5 0.082645 -0.599174
5 0.100000 -0.650000
4 0.033241 -0.166205
4 0.093750 -0.656250
16 0.210368 -0.350614
15 0.338619 -0.338619
16 0.716418 0.314241
16 0.881543 0.000000
15 0.967742 0.093652
12 0.304498 -0.152249
11 0.702128 0.253961
10 0.697674 0.000000
9 0.692308 0.000000
8 0.274286 -0.137143
5 0.226843 0.000000
2 0.363636 0.000000
51
15 0.327784 -0.222047
12 0.235294 -0.470588
13 0.320988 -0.027740
13 0.666429 -0.222143
12 0.734694 0.074969
11 0.217284 -0.434568
8 0.274286 0.137143
8 0.102585 0.051292
7 0.262227 0.131113
6 0.122895 0.081930
3 0.039359 0.026239
1 0.000000 0.000000
14 0.736842 0.064635
13 0.115385 -0.634615
12 0.219908 -0.514786
11 0.207940 -0.509452
9 1.000000 0.250000
17 1.000000 0.058824
16 0.320784 -0.394197
16 0.340828 -0.170414
15 0.317460 -0.317460
14 0.724138 0.074911
14 0.736842 -0.245614
14 0.750000 -0.178571
12 0.608997 0.000000
12 1.000000 0.280000
11 1.000000 0.402445
11 0.623819 0.135613
11 0.977778 0.000000
10 0.930233 0.000000
10 0.975610 0.000000
16 0.440771 0.066784
14 0.448138 0.070759
13 1.000000 0.000000
4 0.470588 -0.235294
2 0.400000 0.320000
2 0
1 0
16 0.357491 -0.357491
16 0.351562 -0.585938
15 0.317460 -0.381288
16 0.454438 0.000000
15 0.500000 -0.433333
14 0.491228 -0.180979
13 0.333215 -0.166607
11 0.488889 0.054321
11 0.108642 -0.380247
11 0.113636 -0.397727
2 0.187500 -0.093750
16 0.340828 -0.099627
16 0.703125 0.549316
15 0.324741 0.000000
5 0.202855 0.000000
3 0.183673 0.170554
2 0.040000 0.040000
1 0.000000 0.000000
16 0.330579 -0.550964
14 0.418271 0.104568
12 0.720000 -0.240000
12 0.229167 -0.270833
10 0.714286 -0.238095
9 0.710526 0.000000
13 0.130773 -0.350709
61
12 0.960000 0.115200
9 0.947368 0.548476
7 0.903226 0.509886
7 1.000000 0.517857
6 0.081930 -0.317478
6 0.104167 -0.208333
5 0.077745 -0.194363
4 0.421053 0.121884
4 0.049383 -0.283951
4 0.070312 -0.351562
3 0.183673 -0.459184
15 0.967742 0.093652
15 0.500000 -0.433333
8 0.328125 -0.546875
16 0.738462 0.151188
15 0.317460 -0.529101
13 0.709091 -0.236364
3 15
16 0.908876 0.125844
11 0.207940 0.000000
8 0.250776 0.000000
7 0.349636 0.087409
3 0.016386 0.010924
2 0.049383 0.000000
17 0.941176 0.110727
14 0.711864 0.000000
14 1.000000 0.288136
13 0.461538 0.000000
12 0.720000 0.000000
11 0.702128 0.000000
10 0.697674 0.000000
9 0.692308 0.000000
15 0.677237 0.099920
15 0.151667 -0.455000
12 1.000000 0.058824
12 0.720000 0.244800
11 0.155955 -0.210200
11 0.681818 0.263430
10 0.930233 0.000000
6 0.532544 0.133136
3 0.333333 -0.416667
2 0.187500 -0.562500
1 1.000000 1.000000
1 0.000000 -0.428571
1 0.000000 -0.750000
14 0.949153 0.112611
14 1.000000 0.103724
13 0.945455 0.236364
12 1.000000 0.529412
12 1.000000 0.340275
11 0.702128 0.234043
10 0.321237 -0.180206
3 0.106667 -0.493333
1 0.000000 -0.200000
16 0.536236 0.000000
16 0.727273 0.396694
14 0.491228 -0.491228
14 1.000000 0.500000
13 0.490566 -0.490566
16 1.000000 0.044776
17 1.000000 0.169550
15 0.131015 -0.345175
15 0.967742 0.093652
14 0.724138 -0.141498
9 0.199446 -0.511080
5 0.454545 -0.227273
5 0.476190 -0.238095
2 0.120000 -0.480000
1 0.000000 0.000000
72
15 0.151667 -0.151667
14 0.224069 0.000000
13 0.222143 0.000000
12 0.439817 0.000000
7 0.451613 -0.225806
7 0.025831 -0.423634
7 0.153061 -0.329082
5 0.100000 -0.650000
3 0.213018 0.180246
1 0.000000 -0.428571
17 0.985507 0.071414
16 0.727273 -0.154270
14 0.324614 -0.541023
14 0.750000 -0.250000
13 1.000000 0.000000
12 0.500000 -0.500000
14 0.836541 0.000000
12 0.329863 0.150346
11 0.207940 -0.443002
11 0.227273 -0.284091
10 0.204082 -0.255102
4 0.041989 -0.157457
4 0.070312 -0.210938
3 0.250000 0.000000
2 0.148148 0.148148
1 0.000000 0.000000
15 0.733107 0.000000
13 0.490566 -0.009256
12 1.000000 0.250000
11 0.956522 0.239130
10 0.232558 -0.232558
10 1.000000 0.047619
14 0.255216 -0.425360
13 0.309421 -0.350678
13 0.236364 -0.588760
12 0.304498 -0.173146
12 0.500000 -0.500000
11 0.054321 -0.119506
10 0.750000 -0.250000
6 0.092160 0.000000
3 0.071006 0.049158
2 0.180000 0.000000
1 0.500000 0.500000
1 0.000000 0.000000
15 1.000000 0.285714
15 0.725806 0.000000
15 0.750000 0.050000
14 0.724138 0.000000
13 0.722222 -0.240741
16 0.340828 0.047192
16 0.468750 -0.351562
15 0.317460 -0.206601
14 0.313703 0.026585
10 0.194700 0.122253
9 0.486486 -0.243243
8 0.484848 -0.242424
7 1.000000 0.737773
7 0.466667 0.000000
16 0.484848 0.044077
15 0.451492 -0.451492
15 0.466667 0.000000
14 0.191412 -0.489164
14 0.491228 -0.491228
12 0.489796 -0.244898
11 1.000000 0.521739
11 0.488889 0.000000
6 0.461538 0.195266
4 0.199446 0.000000
4 0.373702 0.000000
1 0.166667 0.166667
15 0.476190 0.052910
15 0.327784 -0.163892
14 0.418271 0.000000
13 0.500000 0.153846
81
16 0.955224 0.418988
15 0.116667 -0.408333
14 0.104568 -0.405864
12 0.114583 -0.171875
17 0.415225 -0.415225
15 0.491803 0.000000
15 0.500000 0.033333
13 1.000000 0.000000
16 0.703125 -0.117188
15 0.549830 -0.183277
14 0.324614 -0.212678
4 0.005859 -0.064453
2 0.062500 0.062500
16 0.330579 -0.330579
14 0.724138 0.561831
11 0.956522 0.717391
5 0.300000 0.255000
2 0.000000 -0.060000
16 0.410156 -0.205078
12 0.470588 -0.470588
11 0.478261 0.000000
10 1.000000 0.534884
8 0.182857 0.045714
5 0.600000 0.570000
1 0.333333 0.333333
15 0.327784 -0.405324
11 1.000000 0.022222
10 0.975610 0.000000
9 0.972973 0.000000
15 0.109261 -0.764828
14 0.865636 0.378716
12 0.705882 -0.235294
10 0.697674 -0.232558
10 1.000000 0.047619
10 0.750000 -0.250000
9 0.692308 -0.230769
9 1.000000 0.052632
9 0.750000 0.083333
8 0.274286 -0.274286
8 0.941176 0.359862
7 0.124444 -0.248889
4 0.398892 0.335909
4 0.705882 0.456747
2 0.080000 0.080000
15 0.952381 0.253632
15 0.483871 0.046826
15 0.233333 -0.291667
12 0.318430 -0.318430
11 0.099593 -0.052975
11 0.113636 -0.397727
10 0.250000 -0.500000
8 0.094041 -0.317388
7 0.084589 -0.308751
7 0.186667 -0.513333
7 0.107143 -0.642857
6 0.164609 -0.502058
4 0.235294 -0.470588
4 0.035156 -0.386719
3 0.021333 -0.218667
2 0.060000 -0.540000
2 0.074074 -0.592593
1 0.333333 0.333333
90
16 0.330579 -0.550964
15 0.432988 -0.144329
12 0.941176 0.000000
11 0.457702 0.000000
10 1.000000 0.000000
9 0.947368 0.000000
9 1.000000 0.513514
8 0.705882 0.560554
8 0.727273 0.624426
7 0.724138 0.674197
6 0.666667 0.008230
6 0.923077 0.390533
17 0.352941 -0.269896
15 0.634921 0.241875
15 0.112873 -0.464444
14 0.627406 0.000000
14 0.324614 -0.324614
16 0.937500 0.000000
15 0.983607 0.306369
13 0.855967 0.374486
13 0.981132 0.314703
13 0.923077 0.000000
12 0.109954 -0.549771
11 0.228851 -0.219316
10 0.062680 -0.419176
10 1.000000 0.000000
9 0.315559 -0.157779
9 0.888889 0.000000
8 0.750000 -0.250000
7 0.206651 0.000000
16 0.738462 -0.170414
12 0.879633 0.000000
11 0.977778 0.000000
10 0.975610 0.000000
16 0.984615 0.201584
15 0.634921 0.241875
14 0.500000 0.035714
13 0.481481 0.285322
9 0.841490 0.683711
8 0.727273 0.418733
7 0.612245 0.000000
6 0.480000 0.000000
4 0.470588 0.221453
3 0
2 0.545455 0.495868
2 0.000000 0.000000
15 0.317460 -0.381288
15 0.967742 0.312175
14 1.000000 0.071429
13 0.414947 -0.138316
13 1.000000 0.076923
8 0.112196 -0.350614
8 0.218750 -0.027344
7 0.420000 0.000000
7 0.214286 0.061224
4 0.199446 -0.099723
4 0.666667 0.444444
3 0.600000 0.440000
3 0.642857 0.459184
2 0.120000 0.120000
1 0.000000 0.000000
1 0.000000 0.000000
2 0.062500 -0.125000
1 0.250000 0.250000
16 0.560982 -0.186994
16 0.468750 -0.351562
15 0.549830 -0.183277
13 0.106996 -0.748971
17 0.622837 -0.207612
15 0.455000 -0.151667
14 0.232143 0.033163
13 0.230769 -0.230769
11 0.199185 0.027547
11 0.325926 0.130370
9 0.129630 -0.370370
5 0.014794 -0.325471
5 0.200000 0.170000
4 0.037037 -0.296296
4 0.250000 0.062500
3 0.061224 -0.581633
3 0.083333 -0.166667
1 0.000000 0.000000
1 0.000000 0.000000
17 0.622837 -0.207612
16 0.351562 -0.468750
15 0.327784 -0.405324
13 0.481481 -0.160494
13 0.962963 0.320988
10 0.292050 -0.146025
9 0.461538 0.035503
1 0
16 0.641568 0.105332
16 0.881543 0.507555
15 0.634921 0.110859
15 0.655567 0.000000
15 0.677237 0.000000
14 0.627406 0.470554
14 0.736842 0.064635
13 0.464132 0.000000
13 0.490566 -0.398006
12 0.941176 0.484429
11 0.155955 -0.155955
9 0.157779 -0.021322
7 0.077494 0.000000
3 0.106509 0.098316
2 0.099174 0.000000
101
16 0.110193 -0.550964
15 0.423280 -0.423280
13 1.000000 0.000000
12 0.405998 -0.405998
12 0.844800 0.000000
12 1.000000 0.020408
12 1.000000 0.000000
6 3
16 0.681657 0.000000
15 0.634921 0.211640
15 0.737705 0.060468
15 0.233333 -0.516667
12 0.470588 -0.138408
11 0.108642 -0.380247
10 0.160619 0.000000
16 0.106928 -0.534640
14 0.836541 0.326109
13 0.945455 0.120331
12 0.734694 0.239900
11 0.733333 0.570370
8 0.023510 -0.007837
1 0.333333 0.333333
15 0.655567 0.000000
11 0.227273 -0.522727
11 1.000000 0.000000
14 0.949153 0.321747
12 1.000000 0.040000
11 0.702128 0.000000
11 0.478261 -0.478261
10 1.000000 0.302326
16 0.454438 -0.454438
15 0.262031 -0.262031
13 0.348727 -0.132754
13 0.499822 0.000000
10 0.465116 -0.465116
9 0.461538 -0.461538
8 0.365714 -0.365714
7 0.349636 0.174818
6 0.048773 -0.097546
6 0.133136 0.092171
3 0.080000 -0.080000
2 0.040000 -0.360000
2 0.000000 -0.024691
1 0.142857 -0.142857
1 0.000000 0.000000
1 0.000000 0.000000
15 0.700000 -0.233333
13 0.250000 -0.750000
12 0.500000 0.270833
11 0.103970 -0.384236
11 0.250000 -0.750000
10 0.250000 -0.750000
9 0.250000 -0.194444
7 0.214286 0.000000
13 0.490566 -0.009256
12 0.811995 0.106113
11 0.234043 -0.468085
10 0.214158 -0.517549
15 0.634921 0.110859
15 0.109261 -0.546306
14 0.649227 0.000000
14 1.000000 0.017544
13 0.490566 -0.245283
12 0.720000 0.086400
12 1.000000 0.250000
11 0.468085 -0.468085
9 0.473684 -0.473684
9 0.222222 -0.111111
8 1.000000 0.314286
8 1.000000 0.612457
7 0.174818 0.043704
7 0.321429 0.000000
6 0.312500 0.000000
5 0.250000 -0.150000
15 0.412373 -0.079302
14 0.750000 0.000000
13 0.722222 0.000000
12 0.687500 -0.062500
10 0.337500 -0.168750
8 0.308540 -0.154270
8 0.750000 0.000000
7 0.677419 0.000000
16 0.908876 0.468421
14 0.736842 0.000000
11 1.000000 0.755556
9 0.333333 -0.166667
6 0.493827 0.420668
5 0.714286 0.532880
3 0.320000 0.000000
3 0.142012 0.000000
2 0.363636 0.264463
1 0.000000 0.000000
1 0.750000 0.750000
13 0.490566 -0.245283
11 0.488889 -0.244444
9 0.486486 -0.243243
7 0.190326 0.000000
6 0.164609 0.000000
5 0.133147 0.000000
4 0.094474 0.000000
2 0.099174 0.000000
16 0.320784 -0.215452
15 0.967742 0.555369
15 0.983607 0.306369
14 0.649227 0.111936
14 0.672207 0.000000
12 0.304498 -0.304498
11 0.733333 0.298765
10 0.321237 0.154089
9 0.692308 -0.230769
8 0.290657 0.188072
3 0.183673 0.131195
2 0.120000 0.120000
114
17 0.941176 0.110727
15 0.714286 -0.132275
14 0.474576 -0.361965
13 0.481481 0.053498
12 0.879633 0.000000
12 0.500000 0.041667
11 0.340909 -0.113636
10 0.500000 0.050000
3 0.041667 -0.208333
2 0.098765 0.000000
1 0.000000 0.000000
1 0.400000 0.400000
15 0.524061 0.000000
15 0.096220 -0.673537
14 1.000000 0.000000
13 1.000000 0.000000
10 0.102041 0.043732
3 0.032772 -0.286755
2 0.000000 -0.281250
1 0.000000 0.000000
1 0.500000 0.500000
13 0.709091 0.244959
5 0.090703 -0.623583
4 0.066482 -0.565097
16 0.881543 0.133567
15 0.874089 0.140982
14 0.896276 0.224069
12 0.659725 0.000000
9 0.486486 0.065741
8 0.484848 0.176309
15 0.466667 0.000000
15 0.500000 0.150000
10 0.465116 0.027042
9 0.284024 0.182066
8 0.411387 0.186994
6 0.444444 -0.222222
6 0.416667 -0.138889
5 0.151229 -0.500945
5 0.165289 -0.516529
1 0.000000 -0.285714
1 0.000000 0.000000
15 0.483871 -0.390219
12 1.000000 0.520000
11 0.478261 0.000000
10 0.107079 -0.214158
9 1.000000 0.289474
8 1.000000 0.529412
6 0.461538 0.372781
3 0.240000 0.000000
16 0.855424 0.319188
15 0.327784 -0.109261
14 0.470554 0.087730
11 0.478261 -0.478261
8 0.145329 -0.290657
122
15 0.338619 -0.046259
3 0.240000 0.229333
1 0.000000 0.000000
1 0.000000 -0.500000
17 0.705882 0.083045
15 0.750000 0.050000
12 0.470588 -0.235294
12 0.429688 -0.143229
11 0.500000 0.000000
10 0.500000 0.000000
2 0.000000 -0.093750
1 0.000000 0.000000
15 0.404444 -0.120556
14 0.216409 -0.507729
14 0.896276 0.000000
12 0.458333 0.114583
11 0.398370 0.099593
11 0.869136 0.135802
10 0.816327 0.102041
8 0.822773 0.337925
7 0.428571 -0.071429
4 0.166090 0.127010
4 0.187500 -0.562500
4 0.035156 -0.386719
3 0.428571 -0.214286
3 0.213018 0.202094
2 0.000000 -0.180000
15 0.967742 0.476067
13 0.481481 -0.374486
12 0.960000 0.240000
11 0.956522 0.239130
10 0.952381 0.476190
9 0.142012 0.091033
9 0.947368 0.473684
4 2
17 0.447111 -0.149037
16 0.738462 0.056805
14 0.104568 -0.313703
6 4
16 0.881543 0.000000
15 0.245902 -0.737705
17 0.622837 -0.000000
15 0.112873 -0.790110
12 0.734694 -0.244898
11 0.298778 0.041320
9 0.461538 0.082840
9 1.000000 0.052632
8 0.656250 0.000000
4 0.421053 -0.210526
4 0.019540 -0.097700
15 0.577317 0.000000
14 1.000000 0.529446
13 0.709091 0.000000
11 0.468085 -0.234043
11 0.511364 0.092975
10 0.465116 -0.232558
2 0.000000 0.000000
15 0.476190 -0.476190
16 1.000000 0.522388
16 0.492308 0.000000
15 0.500000 -0.200000
14 0.491228 -0.180979
13 0.490566 0.000000
16 0.984615 0.397342
15 0.476190 -0.370370
15 0.983607 0.213850
14 0.474576 -0.361965
14 0.982456 0.086180
14 0.336103 -0.418655
13 0.981132 0.092560
12 0.734694 -0.144940
11 0.651852 0.304198
11 0.239130 0.000000
10 1.000000 0.767442
9 0.710526 0.473684
8 0.435986 0.290657
5 0.300000 -0.450000
3 0.053333 -0.106667
2 0.099174 -0.446281
134
14 0.949153 0.112611
13 0.945455 0.120331
12 0.126720 -0.348480
12 0.229167 -0.520833
11 1.000000 0.203259
11 0.207940 -0.509452
10 0.337500 -0.000000
8 0.182857 -0.502857
6 0.266272 -0.426036
5 0.038873 0.000000
3 0.049158 0.000000
1 0
16 0.750000 -0.187500
15 0.725806 0.070239
15 0.112873 -0.790110
14 0.324614 -0.324614
14 0.982456 0.086180
14 0.500000 -0.500000
13 0.320988 -0.320988
13 1.000000 0.037037
13 1.000000 0.000000
12 1.000000 0.040000
12 0.489796 -0.004998
11 0.717391 -0.239130
11 0.750000 0.000000
9 0.947368 0.000000
9 0.333333 0.000000
8 0.437500 0.000000
7 0.053571 0.024872
1 0.400000 0.000000
17 0.914094 0.000000
16 0.492308 -0.416568
10 1.000000 0.302326
9 0.486486 0.247685
8 0.484848 0.148259
5 0.135237 -0.112697
2 0.000000 -0.099174
14 1.000000 0.071429
12 0.316800 -0.158400
11 0.750000 0.000000
10 0.232558 -0.697674
10 0.731707 0.000000
9 1.000000 0.270270
8 0.457143 0.000000
7 0.087409 -0.305931
6 0.266272 -0.133136
6 0.312500 -0.156250
5 0.075614 -0.151229
4 0.281250 0.000000
2 0.040000 -0.080000
2 0.000000 0.000000
2 0.049383 -0.098765
1 0.000000 -0.285714
16 0.500000 -0.203125
15 0.483871 -0.007804
15 0.491803 -0.016125
12 0.422400 -0.052800
10 1.000000 0.285714
10 1.000000 0.250000
8 0.109375 -0.382812
6 0.104167 0.086806
5 0.082645 -0.599174
4 0.087930 0.000000
4 0.281250 -0.468750
3 0.160000 0.149333
3 0.010924 -0.005462
2 0.099174 -0.446281
1 0.285714 -0.142857
1 0.200000 0.200000
16 0.855424 0.319188
16 0.716418 -0.139006
16 0.330579 -0.417397
15 0.737705 0.286213
14 0.104568 -0.731974
14 0.108205 -0.249990
14 0.896276 0.448138
13 0.472727 -0.352397
12 0.941176 0.129181
12 0.979592 0.099958
11 0.977778 0.108642
10 0.465116 0.139107
2 0.125000 0.062500
1 0.000000 0.000000
1 0.000000 0.000000
1 0.000000 0.000000
1 0.000000 0.000000
16 0.351562 -0.263672
10 0.292050 -0.173067
9 0.210373 -0.276114
7 0.280000 0.093333
7 0.214286 -0.285714
5 0.600000 -0.000000
4 0.099723 -0.321330
3 0.053333 -0.346667
1 0.333333 0.333333
17 0.352941 -0.269896
11 0.207940 -0.103970
8 0.470588 0.373702
8 0.328125 -0.164062
7 1.000000 0.066667
7 1.000000 0.250000
6 0.312500 -0.156250
5 0.454545 0.000000
5 0
2 0.545455 0.396694
2 0.600000 0.480000
142
16 0.268118 -0.089373
15 0.714286 0.396825
16 0.351562 -0.468750
15 0.808889 0.000000
11 0.909091 0.397727
10 0.450000 -0.300000
9 0.050979 -0.375057
9 0.315559 -0.157779
8 0.182857 -0.502857
7 0.186667 -0.513333
17 0.352941 -0.477509
16 0.716418 -0.139006
16 0.881543 0.507555
14 0.649227 -0.216409
13 0.213992 -0.641975
13 0.490566 0.000000
12 1.000000 0.040000
12 0.489796 0.000000
11 1.000000 0.282609
10 1.000000 0.512195
7 0.903226 0.640999
5 0.059176 -0.019725
4 0.132964 0.076979
3 0.213333 0.199111
3 0.041667 -0.020833
2 0.120000 -0.480000
16 0.330579 -0.165289
14 0.336103 -0.168052
13 0.888572 0.000000
13 0.481481 0.053498
13 0.923077 0.532544
12 0.422400 0.211200
12 0.329863 0.000000
11 0.681818 0.309917
8 0.548571 0.000000
15 0.317460 -0.031914
15 0.874089 0.218522
15 0.192439 -0.315489
15 0.350000 -0.256667
14 0.047172 -0.456983
14 0.377379 -0.188690
13 0.660099 0.330050
12 0.705882 0.299885
12 1.000000 0.040000
11 0.936170 0.000000
11 0.108642 -0.380247
10 0.714286 0.000000
10 0.506250 0.202500
8 0.705882 0.000000
16 0.881543 0.320561
14 0.965517 0.099881
13 1.000000 0.076923
12 1.000000 0.155200
11 0.956522 0.631051
3 0.142012 -0.319527
3 0.166667 -0.333333
2 0.040000 -0.360000
2 0.444444 0.419753
2 0.062500 0.062500
1 0.000000 -0.500000
17 0.685570 -0.109294
15 0.967742 0.093652
15 0.983607 0.080623
13 0.166607 -0.333215
13 1.000000 0.480769
12 0.244898 -0.249896
11 0.155955 -0.311909
9 0.142012 -0.284024
16 0.747976 0.186994
15 0.952381 0.105820
15 0.327784 -0.327784
13 0.945455 0.000000
13 0.722222 0.080247
12 0.500000 -0.187500
11 0.415879 0.000000
10 1.000000 0.302326
9 0.500000 0.166667
8 0.581315 0.512925
8 0.328125 0.000000
7 0.524454 0.186096
4 0.941176 0.775087
4 0.281250 0.175781
3 0.692308 0.479290
2 0.148148 -0.518519
1 0.000000 0.000000
1 0.500000 0.500000
16 0.908876 0.000000
15 0.317460 -0.381288
14 0.313703 -0.522838
14 0.896276 0.000000
13 0.888572 0.000000
8 0.308540 -0.102847
3 0
1 0.500000 0.500000
153
15 0.349374 0.000000
12 0.960000 0.000000
11 0.298778 -0.311492
11 0.478261 -0.478261
9 0.473684 -0.236842
15 0.327784 -0.038770
10 0.731707 0.249851
8 0.094041 -0.317388
7 0.103325 0.000000
15 0.655567 0.243194
15 0.491803 0.000000
14 0.474576 -0.152830
14 1.000000 0.263158
13 0.309421 -0.154711
12 0.489796 -0.244898
11 0.488889 -0.244444
10 1.000000 0.750000
8 0.750000 0.421875
7 0.750000 0.000000
6 0.750000 0.000000
5 0.300000 0.000000
4 0.750000 0.468750
3 0.250000 0.000000
12 0.538551 0.000000
10 0.125361 -0.356495
5 0.165289 -0.206612
4 0.199446 -0.432133
1 0.000000 -0.333333
17 0.500000 -0.441176
16 1.000000 0.015385
15 0.933333 0.124444
13 1.000000 0.037037
13 1.000000 0.264151
13 0.923077 0.230769
12 0.211200 -0.264000
12 0.489796 -0.244898
11 0.733333 0.000000
9 1.000000 0.307692
9 0.729730 0.000000
9 0.250000 -0.083333
8 1.000000 0.781250
7 0.482759 -0.316290
3 3
16 0.320784 -0.394197
14 0.736842 0.064635
16 0.340828 -0.099627
15 0.737705 0.286213
15 0.750000 0.050000
12 0.750000 0.062500
11 0.936170 0.139430
9 0.157779 0.038379
16 0.320784 -0.394197
16 0.820312 0.000000
15 0.483871 -0.171696
15 0.350000 -0.583333
14 0.750000 0.053571
12 0.960000 0.326400
12 0.114583 -0.458333
12 0.343750 -0.572917
11 0.298778 -0.497963
17 0.228523 -0.367625
16 0.330579 -0.417397
16 0.320784 -0.394197
15 0.105820 -0.592929
14 0.474576 -0.206000
14 0.336103 -0.336103
13 1.000000 0.518519
13 0.735849 0.069420
11 0.325926 -0.325926
10 0.321237 -0.321237
10 0.112500 -0.393750
9 0.692308 0.000000
9 1.000000 0.526316
7 0.299643 -0.149822
7 0.321429 -0.160714
6 0.576000 0.299520
3 0.275510 0.249271
2 0.000000 0.000000
1 0.000000 0.000000
1 0.000000 0.000000
164
17 0.685570 -0.109294
17 0.705882 -0.124567
16 0.661157 0.287169
15 0.952381 0.253632
15 0.437045 -0.218522
15 0.500000 -0.200000
13 0.427984 0.166438
13 0.115385 -0.576923
11 0.500000 0.045455
9 0.222222 -0.527778
16 0.330579 -0.043409
15 1.000000 0.066667
14 0.432818 -0.216409
6 0.040965 -0.081930
2 0.400000 0.280000
2 0.187500 -0.562500
1 0.000000 -0.428571
17 0.447111 -0.149037
15 0.737705 0.060468
13 0.333215 -0.333215
9 0.179101 0.000000
6 0.061440 -0.130560
13 0.250000 -0.442308
12 0.219908 -0.109954
9 0.199446 -0.511080
9 0.750000 0.250000
16 0.320784 -0.215452
14 0.313703 -0.069121
12 0.734694 0.000000
11 0.488889 -0.244444
15 0.714286 0.079365
15 0.483871 -0.483871
14 0.711864 0.084458
13 0.709091 0.090248
12 0.720000 -0.240000
12 1.000000 0.265306
16 0.716418 -0.238806
15 0.952381 0.000000
12 1.000000 0.340275
9 0.972973 0.000000
4 0.020994 -0.278175
4 0.166090 -0.539792
3 0.008746 -0.266764
1 0.000000 0.000000
1 0.000000 -0.500000
172
17 1.000000 0.000000
13 0.213992 -0.508230
13 1.000000 0.018868
12 0.500000 0.000000
11 0.162963 -0.570370
10 0.107079 -0.624628
13 0.461538 -0.230769
12 0.500000 -0.250000
11 0.717391 -0.239130
11 1.000000 0.250000
10 0.500000 -0.250000
2 0.062500 0.000000
15 1.000000 0.475000
13 0.855967 0.158512
12 0.844800 0.211200
11 0.831758 0.506287
10 0.750000 0.250000
11 0.869136 0.521481
8 0.218750 -0.531250
6 0.288000 0.042240
6 0.288000 -0.432000
1 0.000000 -0.400000
1 0.000000 -0.500000
15 0.476190 -0.222558
2 0.125000 -0.062500
17 0.622837 0.000000
15 0.466667 0.011667
14 0.649227 0.111936
8 0.136780 -0.299206
6 0.096000 -0.111360
5 0.090703 -0.025915
4 0.140625 -0.070312
2 0.062500 0.062500
1 0.000000 0.000000
16 0.727273 0.066116
16 0.937500 0.000000
14 0.724138 0.237218
13 0.962963 0.000000
13 1.000000 0.000000
12 0.720000 0.000000
11 0.717391 0.000000
16 0.330579 -0.090158
15 0.725806 0.234131
14 0.216409 -0.108205
14 0.336103 0.053069
12 0.304498 -0.053735
12 0.084480 -0.390720
12 0.734694 0.244898
11 0.733333 0.244444
10 0.204082 -0.510204
9 0.473684 -0.236842
9 1.000000 0.513514
9 0.500000 -0.250000
15 0.725806 -0.148283
14 0.324614 -0.541023
12 0.422400 0.000000
11 0.415879 0.000000
11 1.000000 0.511111
10 0.438075 0.000000
9 0.710526 0.000000
12 0.960000 0.000000
12 0.219908 -0.269888
12 0.343750 -0.171875
11 0.468085 0.019919
10 0.321237 -0.166568
16 0.440771 -0.055096
15 0.116667 -0.287778
14 0.116071 -0.679847
12 0.941176 0.129181
10 1.000000 0.069767
9 0.923077 0.000000
6 0.888889 0.230453
15 0.338619 -0.338619
14 0.896276 0.224069
13 1.000000 0.018868
13 1.000000 0.307692
12 0.470588 0.000000
12 0.114583 -0.572917
11 0.977778 0.488889
11 0.227273 -0.454545
10 0.465116 0.000000
10 0.168750 -0.011250
9 1.000000 0.684441
8 1.000000 0.529412
7 0.677419 0.000000
185
15 0.725806 0.507284
15 0.606667 -0.202222
17 0.985507 0.000000
16 0.984615 0.246154
16 0.527344 0.065918
15 0.483871 -0.171696
13 0.240741 -0.240741
13 0.481481 0.053498
12 0.240000 -0.235200
11 0.488889 -0.244444
10 0.487805 -0.243902
8 0.484848 0.330579
16 0.307617 -0.512695
14 0.716389 0.000000
14 0.348214 -0.447704
12 0.500000 0.156250
11 0.500000 0.000000
10 0.214158 -0.517549
10 0.500000 0.000000
16 0.468750 0.000000
14 0.711864 0.293594
13 0.666429 0.113167
12 0.734694 -0.144940
14 0.127608 -0.342946
14 0.724138 -0.241379
14 0.134323 -0.352597
13 1.000000 0.037037
13 0.130773 -0.350709
13 0.292899 -0.226331
16 0.820312 0.000000
15 0.105820 -0.370370
13 0.962963 0.320988
12 0.470588 -0.138408
12 0.720000 0.244800
11 0.311909 -0.155955
10 0.097350 -0.119989
9 0.299169 0.133839
6 0.082305 -0.164609
5 0.038873 -0.369291
4 0.083045 -0.290657
2 0.000000 -0.060000
2 0.000000 -0.074074
12 0.705882 0.401384
12 0.126720 -0.190080
10 0.697674 0.551650
10 0.731707 0.000000
4 0.199446 0.073480
4 0.500000 -0.250000
2 0.080000 -0.120000
2 0.000000 0.000000
14 0.313703 -0.313703
9 0.220440 -0.228313
8 0.336589 -0.126221
6 0.444444 0.279835
6 0.266272 0.000000
6 0.046080 -0.385920
6 0.480000 -0.240000
5 0.247934 -0.000000
2 0.120000 -0.480000
2 0.049383 -0.617284
15 0.983607 0.306369
12 0.979592 0.319867
12 0.114583 -0.401042
10 0.214158 -0.161925
8 0.328125 0.266602
7 0.126884 0.084589
6 0.720000 0.336000
3 0.122449 -0.520408
3 0.319527 0.270369
1 0.000000 -0.500000
194
15 0.577317 0.144329
15 1.000000 0.000000
13 1.000000 0.000000
11 0.108642 -0.380247
9 0.094675 0.077682
9 0.486486 0.000000
9 1.000000 0.250000
7 0.466667 0.373333
4 0.250000 -0.171875
15 0.634921 -0.211640
15 0.116667 -0.490000
15 0.983607 0.306369
15 0.700000 0.093333
13 0.981132 0.092560
13 0.692308 0.106509
11 0.325926 -0.369383
10 1.000000 0.561925
7 0.199762 -0.249703
6 0.288000 -0.480000
6 0.480000 0.288000
1 0.142857 -0.285714
1 0.200000 -0.400000
6 0.266272 -0.443787
5 0.400000 0.100000
4 0.083045 -0.166090
3 0.213018 0.000000
2 0.000000 -0.125000
1 0.000000 -0.333333
1 0.000000 -0.500000
15 0.714286 0.000000
16 0.106928 -0.748496
15 0.655567 -0.218522
15 0.338619 -0.431137
13 1.000000 0.307692
12 1.000000 0.541667
11 0.454545 0.268595
9 0.710526 0.411357
3 0.426036 0.213018
3 0.284024 -0.035503
1 0.000000 0.000000
1 0.000000 -0.400000
17 0.941176 0.110727
15 0.338619 -0.338619
14 0.448138 -0.224069
13 0.333215 -0.166607
7 0.131113 0.000000
7 0.599287 0.495961
2 0.120000 -0.060000
2 1.000000 0.968750
203
203
