15 0.288659 -0.144329
15 0.116667 -0.692222
15 0.233333 0.000000
14 0.432818 -0.283570
14 0.112034 -0.784241
13 0.855967 0.158512
13 0.230769 -0.355030
11 0.488889 -0.162963
10 0.668592 0.167148
7 0.413301 0.206651
3 24
3 24
16 0.881543 0.385675
16 0.117188 -0.410156
14 0.482759 -0.166468
13 0.481481 -0.160494
12 0.316800 -0.316800
12 0.244898 -0.489796
11 0.311909 0.000000
10 0.476190 0.068027
13 1.000000 0.037037
6 0.036580 -0.036580
6 0
12 0.405998 -0.071647
10 0.306122 -0.004859
4 0.140625 0.105469
1 0.333333 0.000000
17 0.352941 -0.352941
15 0.317460 -0.381288
13 0.481481 -0.374486
12 0.960000 0.115200
11 0.500000 -0.250000
10 0.714286 0.102041
4 0.750000 -0.250000
2 0.000000 -0.187500
1 0.400000 0.400000
15 0.338619 -0.431137
14 0.418271 -0.092161
11 0.909091 0.397727
5 0.151229 -0.500945
15 0.874089 0.461717
13 0.490566 -0.175863
16 0.330579 -0.230403
14 0.324614 -0.324614
11 1.000000 0.250000
9 0.729730 0.414171
8 0.290657 0.256462
7 0.373333 0.280000
6 0.088757 0.006827
15 0.338619 -0.564364
13 0.111072 -0.777501
12 0.500000 -0.500000
9
14 0.162307 -0.554082
14 0.174107 -0.621811
13 0.309421 -0.515702
13 0.888572 0.000000
12 0.152249 -0.659746
12 1.000000 0.524800
12 0.164931 -0.494794
11 0.457702 -0.000000
11 0.695309 0.000000
10 0.952381 0.340136
9 0.947368 0.349030
9 0.477603 -0.159201
8 0.376163 0.000000
8 0.581315 0.170975
7 0.149822 0.115380
3 0.080000 0.069333
2 0.800000 0.760000
12 0.240000 -0.720000
12 0.489796 0.000000
14 0.750000 0.053571
11 0.750000 0.250000
10 1.000000 0.302326
10 0.476190 0.000000
14 0.949153 0.112611
14 0.348214 -0.174107
13 0.709091 -0.236364
12 1.000000 0.058824
12 0.979592 0.000000
15 0.350000 -0.175000
14 0.313703 -0.156851
14 0.500000 0.000000
14 0.268646 0.000000
13 0.962963 0.481481
13 0.444286 0.000000
12 0.253440 0.000000
12 0.229167 -0.520833
9 0.094675 -0.058261
17 1.000000 0.470588
15 0.655567 0.163892
15 0.677237 0.169309
15 0.933333 0.408333
14 0.464286 -0.058036
11 1.000000 0.488636
8 0.941176 0.505190
5 0.434783 0.000000
17 0.500000 -0.122837
15 0.846561 0.000000
14 1.000000 0.288136
14 1.000000 0.508772
14 0.500000 -0.500000
13 0.962963 0.320988
12 0.633600 0.000000
12 0.316800 -0.403200
10 0.487805 -0.243902
9 0.299169 -0.411357
8 0.484848 -0.242424
8 0.500000 -0.250000
6 0.164609 0.000000
4 1.000000 0.368421
3 9
15 0.483871 -0.171696
14 0.482759 -0.166468
13 0.750000 0.403846
12 0.720000 0.086400
10 1.000000 0.069767
19
17 1.000000 0.294118
16 0.881543 0.000000
16 1.000000 0.531250
14 0.418271 -0.092161
12 0.238822 0.000000
16 0.402177 -0.134059
15 0.714286 0.190224
13 0.213992 -0.267490
13 1.000000 0.000000
11 0.250000 -0.750000
11 1.000000 0.000000
15 0.700000 0.093333
14 0.750000 0.053571
13 0.945455 0.120331
13 0.750000 0.057692
12 0.480000 -0.480000
16 0.969697 0.088154
16 0.984615 0.075740
16 0.234375 -0.292969
15 0.549830 0.000000
15 0.338619 -0.431137
14 0.486920 -0.050371
14 0.896276 0.224069
13 0.709091 -0.116033
13 0.115385 -0.403846
8 0.387543 0.000000
6 0.355030 0.000000
13 0.750000 0.519231
11 0.717391 0.249527
11 0.500000 -0.011364
10 0.487805 0.000000
10 0.500000 -0.250000
9 0.486486 0.000000
9 0.500000 0.000000
8 0.109375 -0.390625
7 0.225806 -0.225806
6 0.164609 -0.279835
6 0.104167 -0.395833
5 0.200000 -0.300000
4 0.187500 -0.312500
2 0.187500 -0.312500
1 0.000000 -0.600000
17 0.941176 0.110727
16 0.661157 -0.086819
16 0.351562 -0.263672
13 0.173077 -0.750000
12 0.470588 0.064591
12 0.429688 -0.143229
11 0.488889 -0.380247
11 0.250000 -0.659091
2 0.033058 0.000000
1 0.500000 0.500000
15 1.000000 0.153439
14 1.000000 0.529446
12 1.000000 0.188005
11 0.956522 0.000000
10 0.952381 0.000000
7 0.093333 0.000000
7 0.344388 -0.000000
6 0.177515 -0.514793
2 0.727273 0.694215
2 0.800000 0.760000
2 0.062500 -0.687500
15 0.327784 -0.405324
15 0.750000 0.050000
12 0.734694 -0.144940
17 0.739130 -0.174963
15 0.737705 0.060468
14 1.000000 0.034483
14 0.336103 -0.336103
13 0.945455 0.326612
13 1.000000 0.037037
12 0.734694 0.074969
12 0.500000 -0.500000
12 0.250000 -0.750000
10 1.000000 0.000000
28
15 0.967742 0.417911
13 0.309421 -0.061884
15 0.327784 -0.405324
14 0.324614 -0.391775
13 0.722222 -0.133745
13 0.519231 0.000000
12 0.480000 -0.364800
11 0.325926 -0.021728
10 0.476190 -0.136054
10 0.450000 -0.450000
1 0.000000 0.000000
1 0.000000 0.000000
15 0.714286 0.079365
12 0.734694 0.074969
11 0.162963 -0.488889
15 0.655567 0.163892
13 0.472727 -0.236364
13 0.666429 0.333215
17 0.352941 -0.176471
14 0.736842 0.064635
13 0.472727 0.000000
16 0.738462 0.151188
16 0.468750 -0.351562
15 0.737705 0.060468
15 0.116667 -0.692222
14 0.336103 -0.336103
14 0.116071 -0.812500
13 0.333215 -0.333215
13 0.500000 -0.500000
12 0.734694 0.000000
17 0.397432 0.000000
15 0.483871 0.046826
13 0.962963 0.000000
13 1.000000 0.037037
17 0.685570 0.171393
16 0.220386 0.000000
16 0.750000 0.046875
14 0.750000 0.000000
13 0.750000 0.000000
11 0.478261 -0.353497
17 0.705882 -0.124567
16 0.716418 0.074850
16 0.661157 0.240421
15 0.466667 0.000000
14 0.711864 0.084458
14 0.324614 -0.108205
14 0.232143 0.000000
12 0.235294 -0.373702
12 1.000000 0.040000
9 0.094675 -0.189349
9 1.000000 0.052632
14 0.336103 -0.418655
9 0.238801 -0.234537
8 0.274286 -0.137143
8 0.252442 0.000000
5 0.067618 -0.304282
38
16 0.738462 -0.170414
15 0.349374 -0.174687
14 0.104568 -0.405864
14 0.418271 -0.293594
16 0.703125 0.000000
15 0.846561 0.211640
15 0.874089 0.000000
14 0.896276 0.224069
13 1.000000 0.054545
13 0.481481 0.000000
13 0.666429 0.000000
13 0.750000 0.230769
12 0.941176 0.000000
12 0.941176 0.332180
12 0.171875 -0.114583
11 1.000000 0.063830
10 0.428316 -0.053540
10 0.450000 -0.056250
16 0.855424 0.319188
15 0.634921 -0.211640
15 0.725806 -0.148283
15 0.983607 0.000000
15 0.677237 0.388579
12 0.734694 -0.244898
16 0.492308 0.151479
12 0.500000 0.156250
11 0.185950 -0.092975
9 0.333333 0.074074
1 0.000000 0.000000
16 0.681657 0.000000
15 1.000000 0.562955
14 0.736842 0.288704
13 0.346154 -0.093195
12 0.480000 -0.153600
11 0.733333 0.298765
9 0.315559 -0.525931
1 0.428571 0.428571
1 0.500000 0.500000
1 0.000000 0.000000
1 0.000000 -0.400000
46
15 0.677237 0.388579
14 0.491228 0.267159
8 0.193772 -0.276817
8 0.484848 0.382002
6 0.720000 0.576000
5 0.151229 -0.283554
5 0.165289 -0.289256
5 0
4 0.074074 -0.259259
16 0.908876 0.321602
14 0.736842 0.064635
12 0.439817 -0.439817
11 0.217284 -0.217284
13 0.481481 -0.481481
14 0.224069 -0.280086
14 0.696429 0.232143
13 0.206281 -0.257851
11 0.217284 -0.217284
11 1.000000 0.500000
9 1.000000 0.270270
7 1.000000 0.500000
6 0.468750 0.364583
5 0.362812 0.124717
3 0.426036 0.195266
2 0.049587 -0.495868
2 0.500000 0.437500
1 0.400000 0.400000
1 0.500000 0.500000
16 0.213856 -0.267320
16 0.220228 -0.291015
9 0.238801 -0.234537
7 0.214286 -0.267857
6 0.246914 -0.123457
6 0.177515 -0.221893
3 0.013120 -0.262391
3 0.106509 0.090123
3 0.041667 -0.333333
2 0.062500 -0.125000
14 1.000000 0.508772
13 0.472727 0.000000
13 1.000000 0.509434
10 0.465116 0.000000
15 0.109261 -0.764828
14 0.482759 -0.241379
13 0.490566 -0.490566
12 1.000000 0.594002
12 0.480000 -0.240000
12 0.489796 -0.489796
11 1.000000 0.701222
11 0.478261 -0.239130
14 0.500000 -0.428571
13 1.000000 0.076923
11 0.623819 -0.027123
11 1.000000 0.442149
17 0.342785 -0.452079
15 0.317460 -0.105820
14 0.724138 0.291320
13 0.945455 0.532893
13 0.320988 -0.106996
13 0.735849 0.291563
12 0.705882 0.401384
11 0.311909 0.149174
14 0.324614 -0.541023
13 0.962963 0.000000
12 1.000000 0.280000
11 0.478261 -0.239130
11 0.977778 0.000000
8 0.470588 0.034602
8 0.437500 0.314453
1 0.285714 0.285714
1 0.166667 0.166667
57
15 0.262031 -0.262031
13 0.722222 -0.240741
13 0.500000 -0.192308
12 0.720000 -0.240000
12 0.480000 -0.240000
11 1.000000 0.282609
9 0.230769 -0.461538
9 0.710526 0.236842
16 0.881543 0.133567
16 0.738462 -0.170414
13 0.346154 -0.434911
14 1.000000 0.525424
14 0.336103 -0.229965
12 0.063360 -0.411840
12 0.403913 0.000000
11 0.391111 -0.000000
4 0
3 0
16 0.477612 -0.377812
13 0.311210 -0.188612
13 0.735849 0.069420
16 0.560982 0.000000
15 0.874089 0.000000
15 0.902983 0.325666
14 0.482759 0.000000
12 0.811995 0.493566
12 0.480000 0.000000
11 0.717391 0.000000
10 0.714286 0.000000
9 1.000000 0.307692
7 0.275534 -0.024109
6 0.692308 0.292899
4 0.125966 0.083977
16 0.357491 -0.357491
14 0.216409 -0.649227
13 0.240741 -0.615226
8 0.164062 0.000000
5 0.044382 0.000000
4 0.187500 -0.093750
3 0.213018 0.000000
2 0.666667 0.567901
15 0.677237 -0.092519
14 0.348214 -0.348214
5 0.681818 0.599174
12 1.000000 0.020408
9 0.486486 -0.486486
2 1.000000 0.867769
1 0.500000 0.000000
65
15 0.634921 -0.063828
14 0.711864 -0.124677
14 1.000000 0.103724
13 0.709091 0.090248
9 0.284024 -0.021848
15 0.317460 -0.075586
9 0.473684 0.000000
7 0.373333 0.093333
2 1.000000 0.980000
1 0.000000 0.000000
15 0.327784 0.052868
12 0.480000 0.163200
11 0.311909 0.000000
7 0.428571 -0.321429
5 0.165289 -0.516529
4 0.187500 -0.562500
3 0.244898 -0.397959
2 0.033058 -0.330579
15 0.327784 -0.163892
14 0.216409 -0.649227
14 0.447704 -0.074617
13 0.213992 -0.213992
12 0.960000 0.326400
12 0.322266 -0.021484
11 0.500000 0.000000
9 0.094675 -0.094675
9 0.333333 -0.166667
15 0.437045 -0.054631
13 0.519231 0.409393
12 0.343750 0.236328
11 0.347654 0.086914
10 0.612245 0.495627
7 0.321429 0.149235
3 0.183673 0.131195
17 0.830450 0.000000
16 0.703125 0.087891
14 0.424552 -0.141517
14 0.348214 -0.116071
13 0.414947 0.000000
12 0.316800 0.000000
12 0.343750 0.200521
7 0.174818 -0.502601
15 0.317460 -0.529101
14 0.474576 -0.361965
14 1.000000 0.071429
13 0.472727 -0.352397
13 0.240741 -0.401235
12 0.470588 -0.138408
11 0.298778 0.069927
10 0.054335 -0.163005
10 0.270000 -0.270000
14 1.000000 0.500000
13 0.330050 -0.134083
11 1.000000 0.250000
16 0.454438 -0.454438
15 0.350000 -0.583333
14 0.418271 -0.052284
14 0.500000 -0.500000
15 0.655567 0.000000
15 0.116667 -0.692222
14 0.482759 -0.166468
14 0.283034 -0.283034
13 0.412562 0.000000
12 0.114583 -0.171875
6 0.666667 0.419753
6 0.750000 0.281250
4 0
3 0.160000 -0.080000
3 0.250000 -0.125000
76
15 0.983607 0.080623
14 1.000000 0.000000
13 1.000000 0.018868
13 1.000000 0.000000
12 1.000000 0.000000
7 1.000000 0.517857
6 0.082305 0.009145
5 0.681818 0.433884
5 0.714286 0.442177
3 0.692308 0.461538
15 0.952381 0.253632
14 0.232143 -0.517857
16 0.340828 -0.246445
14 0.283034 -0.141517
14 0.522321 0.000000
12 0.515625 0.300781
10 0.697674 0.000000
7 0.677419 0.000000
17 0.985507 0.000000
15 0.983607 0.000000
12 0.500000 -0.015625
10 1.000000 0.268293
9 0.461538 -0.230769
9 0.729730 0.243243
8 0.581315 0.170975
15 0.175000 -0.058333
13 0.346154 0.000000
11 0.250000 0.136364
3 0.020833 -0.354167
2 0.000000 -0.099174
2 0.187500 -0.562500
16 0.560982 0.000000
15 0.500000 -0.200000
13 0.735849 0.069420
13 1.000000 0.250000
11 0.702128 0.502943
10 0.476190 -0.476190
10 1.000000 0.250000
9 0.222222 0.000000
8 0.470588 0.083045
8 0.218750 0.177734
7 0.093333 0.000000
5 0.082645 0.071375
15 0.677237 0.244250
15 0.606667 -0.000000
14 0.627406 0.116974
14 0.504155 0.221121
13 0.245283 -0.087932
11 0.977778 0.488889
7 0.299643 0.282422
5 0.400000 0.220000
1 0.000000 0.000000
16 0.738462 -0.170414
16 0.500000 -0.250000
15 0.714286 0.079365
16 0.484848 -0.076133
15 0.483871 0.117317
8 0.685714 0.594286
85
16 0.495868 0.180316
16 0.340828 -0.442203
15 0.725806 0.234131
14 0.750000 0.227679
12 0.179117 -0.179117
12 0.475200 0.000000
12 0.734694 0.074969
11 0.733333 0.000000
10 0.731707 0.000000
13 0.945455 0.326612
13 0.320988 -0.160494
12 0.211200 -0.508800
12 0.219908 -0.514786
11 0.936170 0.139430
16 0.703125 0.087891
9 1.000000 0.289474
8 1.000000 0.612457
4 0.666667 0.370370
3 0.183673 0.144315
14 0.736842 0.232687
11 0.468085 -0.234043
11 0.488889 0.000000
10 0.321237 0.195876
4 0.222222 -0.111111
1 0.000000 -0.333333
1 0.200000 0.200000
16 0.527344 -0.087891
15 0.874089 0.000000
13 0.722222 0.000000
12 0.470588 -0.341407
11 1.000000 0.402445
2 0
15 1.000000 0.047619
13 1.000000 0.277778
12 0.705882 -0.235294
6 0.288000 -0.432000
4 0.083045 -0.622837
2 0.074074 -0.592593
16 0.351562 -0.263672
15 0.303333 -0.505556
14 0.596939 0.000000
12 1.000000 0.250000
11 0.244103 -0.000000
10 1.000000 0.250000
8 0.484848 -0.132231
7 0.131113 -0.131113
6 0.250000 -0.062500
4 0.158203 0.000000
1 0.000000 0.000000
1 0.000000 0.000000
93
13 0.722222 0.000000
12 0.318430 -0.138318
15 0.476190 -0.370370
14 0.474576 -0.474576
14 0.241379 -0.245541
13 0.472727 -0.472727
13 1.000000 0.018868
12 1.000000 0.294118
12 1.000000 0.058824
12 0.979592 0.000000
11 1.000000 0.063830
10 0.975610 0.000000
9 0.461538 0.000000
9 1.000000 0.027027
8 0.969697 0.146924
6 0.960000 0.000000
4 0.421053 -0.421053
2 0.099174 0.000000
2 0.500000 0.437500
1 0.000000 0.000000
1 0.250000 0.250000
16 0.117188 -0.410156
12 0.143229 -0.372396
11 0.298778 0.069927
11 0.623819 0.379716
9 0.110220 -0.338533
3 0.007111 -0.232889
3 0.183673 0.157434
3 0.026239 -0.249271
2 0.000000 -0.120000
2 0.148148 -0.518519
1 0.000000 0.000000
13 0.962963 0.534979
11 0.488889 0.054321
5 1.000000 0.669421
5 1.000000 0.637188
16 0.750000 0.046875
14 0.627406 -0.053170
13 0.553262 0.000000
13 0.692308 0.000000
9 0.666667 0.333333
7 0.038265 -0.283163
6 0.266272 0.088757
2 0.033058 -0.033058
16 0.984615 0.075740
16 0.351562 -0.585938
11 0.977778 0.000000
10 0.952381 0.000000
10 1.000000 0.000000
9 1.000000 0.250000
15 0.338619 0.049960
17 0.352941 -0.477509
16 0.560982 -0.186994
15 0.874089 0.000000
14 0.724138 -0.241379
12 0.720000 -0.240000
15 0.338619 -0.094369
15 0.933333 0.000000
13 0.500000 -0.423077
16 0.750000 0.046875
15 0.338619 -0.338619
13 0.888572 0.000000
11 0.511364 0.197572
10 0.975610 0.000000
9 0.243243 -0.729730
8 0.242424 -0.727273
7 0.373333 0.000000
6 0.192000 -0.192000
5 0.247934 -0.022539
15 0.725806 -0.007301
14 0.965517 0.099881
14 0.336103 -0.168052
104
15 1.000000 0.032258
13 0.735849 -0.245283
16 0.855424 0.140443
15 0.218522 -0.514585
13 1.000000 0.277778
12 0.456747 0.152249
11 0.468085 0.000000
10 1.000000 0.534884
10 1.000000 0.500000
9 0.461538 0.000000
16 0.351562 0.120850
14 0.464286 -0.232143
13 0.735849 -0.152723
13 0.444286 -0.291563
12 0.979592 0.319867
12 0.500000 -0.015625
12 1.000000 0.020408
10 0.714286 0.255102
10 0.975610 0.000000
9 1.000000 0.027027
8 0.914286 0.365714
8 0.290657 -0.017097
8 0.969697 0.352617
7 0.724138 0.124851
15 0.466667 -0.466667
14 0.418271 -0.262305
13 0.500000 -0.500000
14 0.448138 -0.224069
14 0.464286 -0.232143
13 0.196159 0.000000
12 0.253440 -0.422400
12 0.500000 0.000000
11 0.448167 0.149389
11 1.000000 0.500000
10 0.194700 -0.502975
10 0.214158 -0.517549
3 0.500000 0.000000
2 0.400000 0.000000
1 0.200000 0.000000
16 0.703125 -0.117188
15 0.952381 0.253632
15 0.491803 -0.277953
14 0.209135 -0.627406
13 0.206281 -0.618843
12 0.202999 -0.608997
4 0.049383 -0.283951
4 0.070312 -0.351562
3 0.800000 0.000000
13 0.519231 0.000000
12 0.705882 0.000000
11 0.702128 0.000000
16 0.908876 0.000000
15 0.725806 -0.148283
14 1.000000 0.517241
14 0.491228 0.000000
12 0.059706 -0.179117
12 0.720000 0.000000
12 0.979592 0.000000
11 0.099593 -0.052975
115
12 0.659725 0.000000
11 0.130370 -0.358519
10 0.487805 -0.154670
9 0.461538 -0.106509
9 0.315559 -0.315559
8 0.218750 -0.109375
7 0.399524 0.099881
6 0.329218 0.082305
6 0.177515 -0.284024
6 0
5 0
17 0.352941 -0.114187
15 0.700000 0.000000
14 0.464286 -0.232143
13 1.000000 0.500000
12 1.000000 0.500000
8 1.000000 0.314286
8 0.727273 0.418733
4 0.470588 0.096886
4 0.035156 0.000000
3 0.142012 0.000000
3 0.006944 -0.034722
2 0.049587 -0.099174
2 0.024691 -0.197531
2 0.000000 0.000000
15 0.725806 0.288762
15 0.233333 -0.291667
14 1.000000 0.017544
13 1.000000 0.054545
15 0.725806 0.313434
12 0.480000 0.004800
8 0.274286 -0.137143
8 0.246094 -0.123047
7 0.186667 -0.513333
7 0.321429 -0.428571
6 0.368640 0.230400
5 0.200000 -0.550000
16 0.937500 0.117188
14 0.418271 0.000000
12 1.000000 0.250000
11 0.488889 0.054321
11 0.750000 0.000000
13 0.481481 -0.481481
12 0.750000 -0.250000
11 0.750000 -0.250000
8 0.705882 0.269896
3 0.183673 0.000000
2 0.444444 0.395062
1 0.400000 -0.200000
14 0.500000 0.000000
13 0.722222 0.000000
13 0.138316 -0.361506
12 0.720000 0.000000
12 0.979592 0.319867
13 0.490566 -0.398006
12 0.979592 0.000000
12 1.000000 0.484375
15 0.491803 0.040312
14 0.711864 0.241310
14 0.482759 -0.382878
13 0.709091 0.244959
13 0.245283 -0.643289
13 0.923077 0.000000
12 0.456747 -0.152249
11 0.171638 -0.171638
11 0.717391 0.000000
10 0.244507 -0.081502
10 0.476190 0.000000
10 1.000000 0.756098
8 0.470588 0.276817
7 0.186667 0.093333
7 0.149822 -0.149822
6 0.444444 0.279835
6 0.061440 -0.130560
5 0.029588 -0.197255
3 0.275510 0.091837
1 0.333333 0.333333
16 0.440771 -0.055096
16 0.500000 -0.437500
12 0.101499 -0.604383
12 0.960000 0.240000
12 0.458333 0.000000
11 0.099593 -0.602535
11 0.500000 0.000000
6 0.104167 -0.645833
5 0.151229 -0.500945
5 0.090703 -0.623583
4 0.666667 0.000000
4 0.281250 -0.468750
15 0.714286 -0.238095
15 0.338619 -0.238698
14 0.283034 -0.141517
13 1.000000 0.250000
127
15 0.317460 -0.529101
15 0.338619 0.122125
13 0.945455 0.000000
13 1.000000 0.000000
12 0.470588 -0.470588
11 0.936170 0.000000
9 0.461538 0.000000
4 0.281250 -0.140625
3 0.160000 -0.080000
1 0.400000 0.400000
4 0.373702 0.000000
1 0.000000 0.000000
1 0.000000 0.000000
1 0.250000 -0.250000
16 0.440771 -0.307204
14 1.000000 0.263158
16 0.727273 0.066116
15 0.634921 0.285546
15 0.327784 0.052868
15 0.500000 0.266667
14 0.232143 0.000000
13 0.230769 0.000000
12 1.000000 0.000000
3 0.122449 -0.520408
16 0.750000 -0.187500
15 0.725806 0.070239
14 0.724138 0.074911
10 0.112500 -0.225000
9 0.299169 0.244059
16 0.330579 -0.330579
16 0.738462 0.056805
15 0.983607 0.306369
14 0.965517 0.316290
12 0.979592 0.319867
11 0.956522 0.332703
10 0.238095 -0.714286
10 0.975610 0.547293
9 1.000000 0.076923
9 0.972973 0.552228
8 1.000000 0.294118
7 0.233333 0.186667
7 0.099881 -0.055107
6 0.164609 0.000000
5 0.227273 0.185950
2 0.099174 -0.049587
14 0.724138 -0.141498
13 1.000000 0.037037
12 1.000000 0.280000
9 1.000000 0.526316
6 0.666667 0.419753
1 0.000000 -0.500000
136
15 0.317460 -0.317460
15 0.233333 0.000000
14 0.250000 -0.500000
13 0.250000 -0.500000
10 1.000000 0.268293
8 0.211592 0.000000
7 0.250000 0.035714
6 0.720000 0.624000
6 0.500000 0.395833
1 1.000000 1.000000
15 0.250000 -0.250000
17 0.117647 -0.297578
16 0.106928 -0.250563
15 0.846561 0.147812
14 0.949153 0.438721
14 0.491228 -0.180979
13 0.660099 0.536331
12 1.000000 0.265306
10 1.000000 0.024390
15 0.327784 -0.405324
14 0.949153 0.112611
13 0.945455 0.326612
11 1.000000 0.511111
9 0.692308 0.230769
7 0.262227 -0.131113
5 0.226843 0.108490
2 0.099174 0.099174
3 0.041667 -0.333333
3 0.333333 0.291667
2 0.120000 0.120000
1 0.285714 -0.142857
1 0.000000 -0.500000
15 0.491803 -0.185434
14 1.000000 0.071429
12 0.608997 0.000000
12 0.316800 -0.105600
10 0.466472 0.000000
8 0.457143 0.182857
8 0.145329 -0.162426
8 0.411387 0.000000
17 0.500000 -0.441176
16 0.484848 -0.396694
15 0.698749 0.174687
14 0.250000 -0.678571
13 0.250000 -0.673077
12 0.250000 -0.750000
11 1.000000 0.000000
10 0.174927 -0.174927
10 0.500000 -0.500000
9 0.333333 -0.333333
8 0.484848 0.073462
6 0.444444 0.197531
3 21
14 0.736842 0.288704
13 0.855967 0.000000
11 0.733333 0.298765
17 0.342785 -0.253363
15 0.338619 -0.338619
14 0.209135 -0.418271
12 0.405998 -0.202999
9 1.000000 0.270270
9 0.345679 0.000000
5 0.135237 -0.236664
1 0.000000 -0.428571
1 0.333333 0.333333
1 0.600000 0.600000
145
16 0.440771 -0.220386
15 0.483871 -0.241935
15 1.000000 0.000000
14 1.000000 0.000000
16 0.855424 0.000000
13 0.472727 -0.352397
12 0.470588 -0.341407
11 0.936170 0.537800
10 0.090000 -0.416250
4 0.631579 0.210526
4 0.281250 -0.468750
3 0.053333 -0.546667
2 0.099174 0.000000
2 0.125000 -0.625000
1 0.000000 -0.600000
14 0.522321 0.373087
12 0.500000 0.156250
10 0.500000 -0.250000
8 0.705882 0.000000
7 0.750000 0.000000
5 0.082645 -0.599174
3 0.183673 -0.459184
1 0.000000 -0.500000
15 1.000000 0.097017
15 0.750000 -0.183333
14 0.982456 0.534318
13 0.735849 0.291563
12 0.439817 0.000000
12 0.750000 -0.250000
11 1.000000 0.511111
11 0.500000 -0.500000
10 0.750000 -0.250000
6 0.230769 -0.230769
5 0.227273 -0.227273
4 0.235294 0.193772
3 0.214286 -0.214286
3 0.122449 0.113703
15 0.714286 -0.132275
15 0.338619 -0.094369
14 1.000000 0.372594
14 0.482759 -0.166468
11 0.171638 -0.171638
2 0.049383 0.049383
2 0.750000 0.000000
16 0.351562 -0.585938
15 0.500000 -0.433333
14 0.965517 0.316290
14 0.672207 0.000000
14 1.000000 0.303571
13 1.000000 0.277778
13 0.222143 -0.513706
13 1.000000 0.054545
12 1.000000 0.000000
11 1.000000 0.022222
11 0.750000 -0.250000
11 0.139463 -0.371901
9 0.486486 -0.486486
9 1.000000 0.000000
8 0.484848 -0.132231
6 1.000000 0.000000
3 0.166667 -0.583333
1 0.000000 -0.500000
17 0.914094 0.000000
16 0.681657 -0.227219
15 0.423280 -0.423280
12 0.470588 -0.470588
7 0.028699 0.009566
6 0.026042 0.008681
15 0.131015 -0.345175
15 0.216494 -0.168384
15 0.500000 -0.106667
14 0.127608 -0.342946
13 1.000000 0.076923
9 0.189349 -0.502959
5 0.247934 0.112697
5 0.247934 -0.123967
5 0.200000 -0.250000
4 0.066482 -0.565097
4 0.222222 0.148148
155
16 0.330579 -0.550964
15 0.327784 -0.546306
14 0.491228 -0.491228
15 0.524061 0.000000
15 0.437045 -0.112786
15 0.350000 -0.175000
14 0.928571 0.232143
13 0.722222 0.080247
13 0.490566 -0.009256
13 0.750000 0.403846
12 0.343750 0.128906
10 0.930233 0.492158
6 0.208333 -0.541667
2 0.000000 0.000000
2 0.000000 0.000000
16 0.330579 -0.550964
15 0.967742 0.312175
13 1.000000 0.759259
12 1.000000 0.020408
11 1.000000 0.000000
10 0.714286 0.476190
10 0.856633 0.522337
9 0.157779 0.038379
9 1.000000 0.250000
8 1.000000 0.125000
12 0.916667 0.343750
1 0.000000 0.000000
16 0.536236 0.134059
16 0.881543 0.000000
15 0.211640 -0.502646
16 0.205078 -0.615234
15 0.211640 -0.312421
15 0.967742 0.417911
15 0.737705 0.000000
15 0.455000 0.000000
14 0.736842 0.000000
14 0.982456 0.310249
14 0.750000 -0.178571
12 0.659725 0.000000
11 0.227273 0.157541
10 0.306122 0.247813
8 0.462810 0.126221
6 0.219479 -0.000000
16 0.495868 0.000000
15 1.000000 0.500000
14 0.482759 0.000000
13 0.481481 -0.240741
11 0.478261 -0.239130
9 0.710526 0.000000
9 0.179101 -0.294237
8 0.141061 -0.270367
8 1.000000 0.709343
8 0.168295 -0.294515
7 0.140000 -0.280000
6 0.023040 -0.408960
4 0
2 0.000000 -0.148148
1 0
163
15 0.714286 -0.132275
14 0.711864 -0.237288
12 0.470588 -0.470588
11 0.936170 0.000000
10 0.930233 0.000000
9 0.947368 0.498615
8 0.182857 0.000000
5 0.869565 0.718336
5 0.909091 0.578512
15 0.327784 -0.327784
14 0.949153 0.478598
14 0.432818 -0.216409
11 0.468085 0.019919
10 1.000000 0.707950
5 0.454545 -0.041322
4 0.444444 0.222222
4 0.296296 -0.037037
2 0.545455 0.479339
1 0.000000 0.000000
15 0.476190 -0.476190
14 0.474576 -0.237288
14 0.736842 0.000000
12 0.358233 -0.119411
11 0.488889 0.000000
8 1.000000 0.058824
2 0.120000 0.000000
17 0.941176 0.318339
15 0.967742 0.555369
12 0.960000 0.115200
12 1.000000 0.541667
5 0.300000 0.255000
1 0.000000 -0.333333
17 0.914094 0.317946
15 0.983607 0.080623
14 0.736842 -0.159434
16 0.727273 -0.020703
5 0.453686 0.113422
4 0.398892 0.099723
2 0.363636 -0.181818
14 0.486920 0.218275
10 0.225000 0.090000
4 0.332180 0.000000
2 0.000000 0.000000
1 0
13 0.481481 -0.240741
10 0.204082 -0.510204
9 0.486486 0.065741
171
15 0.105820 -0.592929
13 0.309421 -0.309421
12 0.734694 0.074969
10 0.326009 -0.112066
10 0.204082 -0.255102
10 0.731707 0.249851
10 0.135000 -0.371250
9 0.199446 -0.249307
8 0.096886 -0.608997
15 0.338619 -0.431137
14 0.750000 -0.178571
12 0.750000 -0.250000
11 0.750000 -0.250000
10 0.584100 0.366760
10 0.500000 -0.500000
7 0.107143 -0.065051
6 0.034722 -0.069444
5 0.500000 0.200000
5 0.750000 0.450000
4 0.444444 0.222222
3 0.142012 0.000000
3 0.500000 0.375000
2 0.120000 0.060000
1 0.000000 0.000000
16 0.511243 -0.076031
15 0.233333 -0.373333
14 0.216409 0.000000
13 0.213992 -0.106996
12 0.119411 -0.337336
11 0.298778 -0.149389
9 1.000000 0.027027
16 0.320784 -0.081393
16 0.492308 -0.492308
15 0.634921 0.110859
15 1.000000 0.125911
12 0.304498 -0.507497
11 0.717391 0.000000
11 0.488889 -0.488889
11 0.418388 -0.139463
9 0.486486 -0.243243
8 0.705882 0.124567
8 0.484848 0.176309
8 0.492188 0.215332
7 0.199762 0.165320
6 0.399408 -0.133136
16 0.661157 0.100175
15 0.655567 0.105737
15 0.491803 0.040312
15 0.983607 0.080623
13 0.490566 0.046280
12 0.105600 -0.739200
12 0.489796 -0.169929
11 0.488889 -0.244444
15 0.233333 -0.700000
13 1.000000 0.076923
12 0.960000 0.115200
12 1.000000 0.083333
12 1.000000 0.312500
11 0.750000 0.295455
9 0.473684 0.074792
8 0.914286 0.365714
7 0.677419 0.152966
7 0.500000 0.071429
5 0.371901 0.169046
15 0.846561 0.322499
14 0.982456 0.086180
13 0.236364 -0.472727
13 0.888572 0.000000
12 0.235294 -0.470588
12 0.422400 0.000000
11 0.702128 0.000000
11 1.000000 0.043478
15 0.218522 -0.273153
180
17 0.685570 0.089422
16 0.268118 -0.446863
16 0.716418 -0.139006
15 0.423280 0.000000
15 0.737705 -0.245902
15 0.338619 -0.169309
15 1.000000 0.097017
14 1.000000 0.103724
17 0.941176 0.411765
16 0.320784 -0.215452
15 0.317460 -0.031914
15 0.338619 -0.338619
13 0.735849 0.069420
10 0.501444 0.000000
6 0.288000 0.149760
1 0.000000 0.000000
15 0.476190 -0.047871
14 0.474576 0.004022
14 0.672207 -0.224069
13 0.472727 0.060165
12 0.405998 0.000000
11 0.298778 -0.006357
9 1.000000 0.270270
6 0.266272 0.102412
6 0.046080 -0.385920
5 0.075614 0.065752
5 0.090703 -0.181406
14 0.865636 0.000000
12 0.480000 -0.364800
8 0.500000 -0.500000
16 0.340828 -0.099627
7 0.084589 -0.308751
5 0.090000 -0.210000
4 0.187500 -0.562500
3 0.166667 -0.583333
2 0.400000 0.360000
15 0.700000 0.000000
14 0.474576 0.056306
13 0.240741 -0.615226
4 9
1 9
1 9
15 0.714286 0.079365
14 1.000000 0.372594
14 0.418271 -0.209135
13 0.500000 -0.423077
12 1.000000 0.294118
10 1.000000 0.069767
7 0.174818 -0.087409
3 0.160000 0.000000
3 0.166667 -0.333333
2 0.120000 -0.480000
1 0.000000 -0.500000
189
189
