10 -0.046943 -363.096631
10 -0.470505 -4212.157943
10 -0.443112 -5375.392746
10 -0.589096 -5884.302613
10 -0.038327 -2276.556050
10 0.100774 -358.170095
10 -0.877750 -8322.783251
10 -0.459388 -6271.210226
10 -0.684937 -4892.119995
10 -0.731527 -7058.759794
10 -0.743763 -4803.738463
10 -0.808382 -5224.926780
10 -0.041167 -790.552392
10 0.167551 42.418033
10 -0.127084 -2951.188297
10 -0.596519 -4851.231132
10 -0.013209 -179.429470
10 0.117584 19.995555
10 0.173892 474.290225
10 0.026495 -381.087859
10 -0.408871 -4703.049155
10 -0.600166 -6039.877365
10 0.005469 -23.021587
10 -0.675473 -8305.034541
10 -0.291456 -4532.961430
10 0.189715 1291.479463
10 0.202311 514.108164
10 0.257963 113.170876
10 -0.560604 -4070.892071
10 0.328062 75.887669
10 -0.570086 -5047.129751
10 -0.094535 -2247.124727
10 -0.326057 -1292.487220
10 -0.441338 -3086.379679
10 0.007334 -147.409468
10 0.135728 135.727792
10 0.705882 705.882353
10 -0.202168 -2196.839102
10 0.022512 29.210149
10 0.183178 1821.734029
10 0.176648 797.684463
10 -0.065086 -440.148007
10 0.150624 -255.984750
10 -0.673569 -6204.338540
10 0.016961 -1580.637423
10 -0.209524 -1804.382358
10 -0.516172 -9802.916738
10 -0.811645 -5475.986038
10 0.041028 5.892660
10 0.027724 14.034171
10 -0.849858 -5530.971530
10 -0.172787 -2558.045780
10 -0.545867 -1806.996278
10 0.264659 529.317624
10 -0.181437 -2586.771588
10 -0.680863 -5213.448431
10 -0.725701 -7008.241859
10 0.089677 13.620946
10 -0.618861 -4009.537122
10 0.275741 3.512959
10 -0.036349 -714.385038
10 -0.080264 -910.108821
10 0.126661 -108.208479
10 -0.013192 -491.393999
10 0.210792 2161.750536
10 -0.023470 -589.220797
10 -0.431093 -3912.627132
10 0.090708 -226.014272
10 -0.682631 -7694.471913
10 -0.343274 -1046.328859
10 -0.520701 -4104.311199
10 0.230585 1407.214997
10 0.188632 8.618959
10 0.178032 590.296850
10 -0.466687 -4616.066294
10 0.010004 -101.808990
10 -0.226294 -2493.926848
10 0.242015 -154.602933
10 -0.005640 -1111.331726
10 0.200312 319.184434
10 -0.568244 -10271.678621
10 -0.333392 -4456.395928
10 0.165391 3476.499719
10 0.039928 0.022888
10 0.008398 -69.819266
10 -0.578153 -14307.094829
10 0.123183 11.912220
10 0.192450 2755.537493
10 0.030901 -154.755363
10 -0.007012 -57.264148
10 0.251950 62.018999
10 -0.776894 -11201.219988
10 0.045979 -138.495976
10 -0.049410 -1258.605026
10 -0.028543 -1294.320596
10 0.000944 -55.220692
10 0.181783 4.818410
10 0.155188 -166.315414
10 -0.586361 -5263.597493
10 0.025416 -15.530035
10 -0.820820 -15140.400207
10 -0.628691 -4085.564515
10 -0.600338 -6757.150820
10 0.007935 -118.050877
10 -0.381988 -4132.721465
10 0.211378 227.045410
10 -0.484199 -6182.529249
10 0.199141 297.230402
10 0.008798 -2.935922
10 0.006849 -16.415629
10 -0.403150 -3411.027363
10 -0.049500 -872.441518
10 -0.010084 -68.843217
10 0.106548 128.302276
10 -0.001146 -23.444648
10 -0.006070 -224.220367
10 -0.599921 -6686.723833
10 0.222000 1483.680595
10 -0.750737 -9112.618701
10 0.414815 746.666667
10 -0.312150 -2935.677844
10 -0.280095 -1918.246214
10 -0.675422 -7699.104471
10 -0.774969 -9110.889139
10 -0.698626 -5390.707370
10 -0.355468 -3312.425557
10 -0.143813 -725.238008
10 0.242161 -41.327469
10 -0.474223 -3517.279230
10 0.239630 18.566284
10 0.195027 173.702089
10 -0.782338 -5051.671350
10 -0.403295 -4019.602109
10 -0.645801 -5561.954347
10 -0.037646 -314.247895
10 0.099664 -72.109530
10 -0.633361 -7512.929645
10 -0.146892 -910.879855
10 0.214336 576.591797
10 0.185600 261.763770
10 0.167648 206.423283
10 -0.767762 -4938.496879
10 0.204809 -65.027307
10 -0.388052 -3547.158683
10 -0.073171 -847.576030
10 0.271456 1411.569035
10 -0.597821 -9128.602464
10 0.216810 16.516432
10 -0.673672 -8786.467735
10 -0.491770 -6690.347430
10 -0.692155 -8105.588138
10 0.255145 7.536812
10 -0.013547 -552.058788
10 -0.089136 -3212.747186
10 -0.570289 -5002.035479
10 -0.778054 -5543.888673
10 -0.305243 -2284.530406
10 0.147396 50.973657
10 0.228286 507.515224
10 -0.806749 -14395.662846
10 -0.383735 -6366.632105
10 -0.546345 -7537.851604
10 0.118201 -8.020822
10 0.012868 21.214953
10 -0.094571 -2363.046064
10 -0.636227 -9263.834513
10 -0.067416 -1017.087706
10 -0.122784 -351.321144
10 -0.199632 -6192.194006
10 -0.586320 -4845.095372
10 0.130340 155.130270
10 -0.764468 -4994.512670
10 -0.480696 -4604.826707
10 -0.880232 -4700.944993
10 -0.425872 -3414.921598
10 0.197351 1.825409
10 -0.182072 -3127.136219
10 0.214715 -33.230373
10 0.159831 -112.668448
10 -0.040401 -336.042092
10 0.180901 -282.235535
10 -0.006366 -98.465473
10 -0.158082 -1446.235416
10 -0.061311 -691.565345
10 -0.008346 -126.240529
10 -0.873364 -5716.735613
10 -0.158625 -3879.663512
10 0.154910 544.704177
10 -0.741165 -7081.477717
10 -0.148108 -3607.171340
10 -0.448726 -4040.101218
10 -0.463180 -4737.243597
10 -0.860141 -8033.638412
10 -0.389439 -3877.388719
10 -0.183510 -2955.690324
10 -0.845293 -5438.862952
10 0.222053 -17.713415
10 0.162539 -55.617039
10 -0.235636 -2767.045877
10 0.004450 -98.440242
10 -0.785301 -7675.352448
10 0.085238 -247.565467
10 0.239633 28.764661
10 -0.145230 -4231.750511
10 0.169222 -83.017840
10 -0.752669 -15952.734692
10 -0.612346 -5819.599355
10 -0.679147 -6322.151447
10 -0.089391 -779.343042
10 0.231527 88.471395
10 -0.055367 -1042.429922
10 -0.501671 -5462.221672
10 -0.005271 -230.962058
10 0.040521 -286.567631
10 -0.641872 -6467.968543
10 0.050460 -225.700758
10 -0.289523 -745.593569
10 -0.378235 -3355.566281
10 0.150231 -603.760668
10 -0.761696 -2098.470618
10 0.071058 -211.928365
10 -0.112738 -2791.124753
11 -0.529597 -6081.800979
11 0.796360 530.906359
11 0.131148 -179.188822
11 -0.971791 -6959.375720
11 0.120376 -139.552036
11 -0.749002 -2506.972332
11 0.201165 43.776542
11 -0.098986 -1502.423451
11 0.269517 -244.433094
11 0.259439 5.960986
11 -0.756658 -9237.064983
11 -0.664003 -8448.042552
11 0.019243 -94.747633
11 -0.275859 -3603.120934
11 0.174874 241.796430
11 0.259262 328.266565
11 0.329153 -163.388015
11 -0.553463 -5336.463139
11 -0.667205 -7319.170526
11 -0.332810 -4858.854518
11 0.714286 2857.142857
11 -0.931848 -5949.681876
11 -0.287042 -4729.935431
11 -0.279788 -5001.329878
11 -0.279801 -1880.031873
11 -0.875680 -6126.204413
11 -0.616037 -4106.604511
11 0.011825 -1703.638708
11 0.117839 -426.185624
11 0.033717 -779.336859
11 -0.564730 -4623.703016
11 -0.218219 -788.108146
11 0.297645 569.813276
11 0.238389 -31.300862
11 0.044044 -62.165834
11 -0.182435 -1370.045925
11 0.188403 653.785171
11 -0.760127 -3615.195322
11 -1.006291 -6580.979024
11 -0.615155 -3300.254013
11 -0.076274 -1815.440451
11 0.152589 -532.676867
11 0.130409 -109.971783
11 -0.582827 -5307.807245
11 -0.631243 -5857.828816
11 -0.623175 -9585.243261
11 -0.617420 -5960.436262
11 -0.457527 -5224.410369
11 0.318971 318.970926
11 0.191640 50.016894
11 -0.004465 -69.590358
11 -0.949494 -6384.632365
11 -0.735105 -6261.324797
11 -0.591092 -5463.719164
11 0.103350 600.975661
11 0.271345 2682.935521
11 0.265655 968.096319
11 -0.032880 -780.405645
11 0.184536 -404.789011
11 0.217506 1524.407363
11 0.277454 480.479000
11 -0.761115 -9715.435435
11 -0.169436 -1949.950394
11 -0.373082 -6547.710014
11 0.023719 42.472482
11 -0.741773 -6508.114048
11 0.727273 727.272727
11 0.003241 -36.859469
11 -0.676074 -6379.570074
11 -0.723184 -4949.949331
11 -0.721648 -8901.763045
11 0.071156 -535.611924
11 -0.136674 -1426.154418
11 0.230394 -13.747790
11 0.070434 80.534623
11 0.281510 657.215472
11 -0.397420 -6389.806489
11 0.170153 -13.032775
11 -0.163957 -2401.706698
11 -0.778575 -8199.087904
11 0.066897 -306.367061
11 0.171099 -812.396565
11 0.191383 -291.184585
11 0.196729 19.589202
11 0.214931 356.204019
11 0.209301 -86.273193
11 -0.423590 -8018.091758
11 0.012973 -23.280977
11 0.291201 1440.215086
11 0.259102 228.157303
11 -0.719440 -5032.171633
11 -0.835102 -5368.292277
11 -0.204483 -1722.017457
11 -0.704891 -5611.079756
11 -0.497029 -5039.767122
11 -0.178913 -1100.639025
11 0.167378 -17.083083
11 0.173955 249.586672
11 0.249797 408.924087
11 0.208209 38.078436
11 -0.050644 -247.811091
11 -0.007720 -85.325305
11 0.154639 29.405150
11 0.320151 47.980056
11 -0.454399 -9516.923357
11 0.140277 -17.448820
11 -0.776722 -5741.850872
11 0.315938 589.356372
11 0.222165 -150.924051
11 0.243198 37.748994
11 0.227175 -1.737028
11 -0.892197 -5797.044573
11 -0.944337 -6224.837326
11 -0.754646 -4365.461082
11 -0.834110 -5350.486906
11 0.229394 -69.961619
11 -0.194382 -3573.663360
11 -0.652694 -5415.842129
11 -0.556753 -3969.933600
11 -0.546465 -7496.660937
11 0.235576 20.801104
11 0.025491 -145.796863
11 -0.226676 -2899.231136
11 -0.974170 -9156.492745
11 0.037189 -20.374656
11 0.174307 97.156980
11 -0.862473 -5661.131330
11 -0.865559 -5988.443590
11 0.034405 -1395.163857
11 -0.017510 -1092.003457
11 0.133735 -245.348002
11 -0.943141 -6164.787727
11 -0.145136 -491.038349
11 -0.837496 -6007.280768
11 -0.681433 -6552.389340
11 0.005233 -32.884952
11 -0.282110 -3764.942009
11 0.014603 40.716812
11 0.092050 -155.095842
11 -0.435356 -4030.845647
11 -0.451085 -4237.338329
11 -1.175745 -6222.742877
11 0.258258 -187.658700
11 0.057392 -838.246822
11 -0.479300 -5913.205532
11 -0.023453 -756.466475
11 0.266802 1898.735225
11 -0.478105 -5749.000553
11 -0.458541 -7385.738809
11 0.144024 -273.855005
11 -0.720740 -11336.789574
11 -0.605239 -9447.521502
11 0.001775 -31.227746
11 -0.876129 -10295.957025
11 0.080414 -143.454431
11 -0.162149 -1380.183198
11 0.001548 -2.909476
11 -0.035456 -1131.559200
11 -0.797894 -6440.406206
11 -0.558136 -9282.852702
11 0.304852 3536.279325
11 -0.908367 -5883.318947
11 0.255319 1694.619374
11 -0.544819 -5295.893972
11 -0.867835 -10624.379438
11 -0.890685 -10869.737638
11 -0.317296 -4741.828123
11 -0.254881 -2182.478564
11 -0.369237 -3626.915421
11 0.274921 -161.662204
11 -0.402479 -4180.473427
11 0.213181 340.523674
11 0.019092 13.835042
11 0.026977 -1330.508558
11 -0.131188 -460.184967
11 0.136862 133.407094
11 0.214747 1.226583
11 0.297635 43.799486
11 0.323785 -48.530902
11 -0.954881 -11286.648845
11 0.215757 540.406224
11 0.163315 -581.580041
11 0.182383 19.778157
11 0.221201 1965.567123
11 -0.055891 -613.561261
11 -0.394282 -4622.058416
11 0.289767 -103.179828
11 -0.312078 -2815.048235
11 0.209851 35.980466
11 0.313251 305.539708
11 -0.631283 -7187.689454
11 -0.986592 -4961.412396
11 0.113122 150.360617
11 -0.220358 -2726.237529
11 -0.730361 -10583.168360
11 -0.010346 -123.617782
11 0.016250 -2141.732327
11 -0.011018 -104.838910
11 -0.659718 -6634.959744
11 -0.721506 -10840.616010
11 -0.740991 -5296.075136
11 -0.633580 -4131.703066
11 0.142322 -1.222578
11 -0.040935 -368.453750
11 0.191514 -384.604755
11 0.135246 787.028610
11 0.046006 -251.922119
11 0.145460 435.617159
11 0.054324 -763.431720
11 -0.770095 -9666.489210
11 -0.685699 -6841.084930
11 0.015169 -843.156020
11 -0.040946 -908.762336
11 -0.045115 -418.909726
11 0.259326 268.479873
11 -0.421606 -5169.707562
11 -0.894567 -5810.380476
11 -0.000381 -119.492185
11 0.014770 -894.840724
11 -0.628616 -5642.587435
11 0.148424 163.692104
11 -0.910710 -4108.609668
11 0.245412 407.259237
11 0.007166 -102.964527
11 0.234426 18.695588
11 -1.004712 -6573.393213
11 0.086377 -40.502327
11 -0.673634 -6126.154102
11 -0.657689 -8764.081517
11 -0.416207 -2827.275988
11 -0.776513 -4043.498183
11 -0.832768 -7826.597334
11 0.701754 4070.175439
11 -0.333012 -3209.962501
11 0.164352 -167.366584
11 0.714286 714.285714
11 -0.280843 -2022.368924
11 0.081466 -386.308341
11 -0.959517 -9772.043860
11 -0.497145 -4413.577552
11 -0.634326 -6396.265391
11 -0.176402 -1081.696546
11 0.150117 114.708139
11 0.156688 -320.906696
11 -0.647569 -4241.674684
11 0.006118 -31.398106
12 0.030947 -12.164408
12 -0.743586 -7432.468080
12 -0.978320 -6408.944477
12 0.231846 -91.013243
12 -0.973381 -5295.413045
12 -0.791105 -5691.199140
12 -1.390738 -15912.542981
12 0.211902 188.902395
12 -0.111270 -844.038568
12 -0.369762 -4875.820743
12 -1.029277 -3691.685932
12 -0.851245 -12723.979752
12 -0.504105 -3736.404629
12 0.068224 -569.043081
12 -0.695378 -7017.023226
12 -1.097952 -11072.643731
12 -0.943276 -5420.181201
12 -0.220376 -4972.354741
12 -0.254478 -5729.966497
12 0.277279 29.239788
12 0.132370 709.015066
12 0.077405 -234.514551
12 -0.873518 -6671.874988
12 -1.021405 -8205.808618
12 -1.015955 -6650.010815
12 -0.475282 -6297.557545
12 0.385205 2154.251608
12 -1.164023 -9000.202933
12 -1.122144 -7238.764774
12 0.345458 967.169683
12 0.300669 -77.433837
12 -0.242711 -2419.720697
12 0.387472 -161.836877
12 -0.324346 -5935.749270
12 -0.342506 -6124.935598
12 0.071599 -752.049803
12 0.414945 622.418227
12 -0.894379 -6693.329001
12 -0.936017 -10496.259163
12 0.224716 -3.688373
12 -0.064230 -2896.675864
12 -0.080904 -1069.964341
12 -0.325473 -6743.315013
12 -1.005162 -6252.819207
12 -1.383763 -14956.170614
12 0.180733 -237.356243
12 -0.033087 -1349.782396
12 -0.116942 -2182.870143
12 -0.618126 -3548.821595
12 -0.499684 -4838.436049
12 -0.446213 -3064.335996
12 0.263037 5198.402802
12 0.217874 3892.790518
12 0.043385 -2421.733327
12 0.033386 -4162.374262
12 0.387097 445.161290
12 0.518155 518.154915
12 0.196948 -473.404651
12 -0.923787 -5328.930127
12 -0.830278 -6776.515088
12 0.122028 680.882711
12 -0.853794 -6932.276826
12 -0.695753 -14462.394896
12 -1.074159 -9588.711169
12 0.176847 6.144906
12 -0.790575 -2418.407699
12 0.798903 798.903476
12 0.058041 -1470.300034
12 -0.350771 -4570.931399
12 -0.034074 -987.849964
12 0.043796 -2097.886781
12 -0.852747 -8499.299236
12 -1.140830 -13648.403360
12 -0.616070 -2880.555593
12 -0.696128 -13809.788519
12 0.163793 -333.867138
12 -0.668874 -3714.500624
12 0.081279 -207.365449
12 -1.087760 -10387.873440
12 -1.023069 -5519.844595
12 -0.477406 -5019.738526
12 -0.743717 -6518.113399
12 0.147509 -749.561770
12 -1.050756 -8506.064626
12 0.240313 373.446027
12 -0.184117 -1735.259750
12 0.221168 1540.934630
12 -0.115601 -730.290974
12 -0.807574 -7353.149703
12 0.311152 67.033516
12 0.300708 1171.836131
12 -0.817001 -11314.642565
12 -0.433126 -3364.438914
12 -0.948120 -6979.847555
12 0.346870 249.438076
12 -0.600089 -5658.082061
12 -0.867418 -3858.142494
12 -1.375787 -15353.019730
12 -0.451483 -5899.628785
12 -0.477767 -6300.302881
12 -1.087417 -6991.372319
12 -0.037619 -218.966077
12 -0.549894 -2903.293243
12 -1.104229 -7163.451247
12 0.303227 2567.030206
12 -0.786836 -6655.035179
12 0.006269 -699.848274
12 -1.256607 -23592.140219
12 -0.008914 -1083.592793
12 0.381671 194.314679
12 -0.499202 -9992.909138
12 -1.090376 -3897.481376
12 0.172614 -26.544269
12 -0.357283 -7693.844516
12 -1.190971 -3692.618976
12 -0.237120 -2107.240214
12 0.191230 9.599897
12 -0.898821 -5906.180559
12 -0.710769 -12067.705813
12 -0.629012 -9155.680892
12 -1.067149 -10760.059573
12 -0.029711 -1402.384666
12 0.250934 172.891698
12 0.185423 242.415842
12 -0.719946 -10436.416133
12 0.137597 -652.881617
12 -0.684756 -6140.696048
12 -0.655277 -6131.756384
12 -0.885823 -6297.678082
12 -0.955060 -6819.215163
12 0.089616 729.102988
12 0.008313 -1408.991497
12 0.239239 -167.768846
12 -0.304282 -1665.567163
12 0.341488 2062.520807
12 -0.877470 -7045.434182
12 -0.764853 -5888.163930
12 -0.885063 -3224.290887
12 -0.838934 -9514.265143
12 -0.446808 -6391.235312
12 -0.947597 -8547.000925
12 -1.166057 -6137.863299
12 -0.116209 -1730.215107
12 -0.760688 -10216.009598
12 0.232235 382.410631
12 -0.041873 -518.194207
12 0.278137 445.396856
12 -0.023084 -197.328402
12 -0.690816 -2086.003862
12 -0.283124 -2747.575132
12 -0.113330 -1138.012691
12 0.657197 657.197315
12 -0.054190 -861.837216
12 -0.180924 -4734.734889
12 -0.179502 -5245.076261
12 0.774194 1548.387097
12 0.101475 -617.539336
12 -0.996099 -7364.641574
12 -0.675348 -5827.643304
12 -0.038722 -291.856546
12 -1.049886 -10466.180899
12 0.254898 632.561727
12 0.234703 -370.532853
12 0.215308 -255.961994
12 -0.808182 -9240.252265
12 0.174058 -1532.086673
12 -0.005435 -192.836706
12 -0.993317 -4570.691175
12 0.216352 -52.510915
12 0.003872 -1301.875493
12 0.688705 596.877597
12 -0.017521 -338.215010
12 0.180037 40.566127
12 -1.180598 -5212.606540
12 -0.685958 -7716.854463
12 -0.392786 -7083.800258
12 0.125358 -1128.782603
12 -0.054158 -560.135511
12 -0.693318 -10496.336280
12 0.069053 -1383.224919
12 -0.924411 -6582.221434
12 -0.115913 -542.586376
12 -0.154519 -1655.516019
12 -0.423543 -10986.952258
12 -1.272367 -11120.830427
12 -0.161676 -636.165526
12 0.314478 341.478910
12 -0.856323 -8603.891532
12 0.297845 1326.301945
12 0.006394 -648.712987
12 -0.943526 -5534.739211
12 -0.015073 -108.308224
12 -1.067371 -5052.829648
12 -0.482805 -13189.336816
12 -0.249373 -860.507523
12 -1.242911 -9530.893904
12 -0.122072 -1436.617422
12 -1.290510 -3572.345817
12 -0.223890 -3192.396808
12 -1.405098 -11880.580503
12 -1.051407 -12434.838988
12 -0.981688 -6399.861951
12 -0.132252 -2072.184198
12 0.180604 -25.997147
12 0.016092 -21.649736
12 -0.218329 -2913.617726
12 -0.993700 -6737.027220
12 -0.243260 -3396.774195
12 -0.801757 -9232.340855
12 -0.238120 -2931.730096
12 -0.093831 -2942.136322
12 0.020515 96.822437
12 -0.046765 -372.244450
12 -0.446188 -2663.441120
12 -0.002910 -109.863514
12 -0.756241 -7405.450355
12 -1.276315 -3755.746284
12 -0.678199 -5039.644151
12 -0.778416 -10842.584001
12 -0.812413 -7136.161295
12 -0.199288 -3161.721130
12 -0.951978 -10752.518529
12 0.022484 -496.968369
12 -0.757243 -10537.644405
12 0.181272 179.833254
12 0.216450 108.097668
12 -0.109295 -1893.359671
12 -1.047478 -10160.914551
12 -1.068790 -10367.171012
12 0.217437 532.650355
12 -0.905226 -5609.394459
12 0.078785 -2793.988673
12 -0.821773 -7292.717423
12 -0.000759 -695.070262
12 -0.839053 -10880.881728
12 -0.559006 -5951.905397
12 -0.665577 -4522.023416
12 -0.059991 -241.176950
12 -0.761400 -4659.669537
12 -1.051073 -6934.899281
12 -0.422561 -4107.160026
12 0.294455 491.125731
12 -0.745489 -6286.135496
12 -0.049332 -314.796592
12 -0.004054 -1749.016215
12 -1.137474 -10048.829011
12 0.166455 271.223069
12 -0.351366 -4763.020396
12 -1.096515 -3808.418405
12 0.262208 529.853754
12 -1.091706 -3498.078283
12 -0.773007 -9355.119666
12 -0.735669 -9875.462063
12 -1.146954 -8008.783235
12 0.829891 1031.435919
12 -0.595988 -4745.520738
12 -1.003424 -13426.874266
12 -0.874056 -9843.914537
12 0.086236 -971.770270
12 -1.021459 -7499.130996
12 -1.053346 -7724.440537
12 -1.066256 -5445.154107
12 -0.431737 -2718.547252
12 -0.202412 -2900.006655
12 -1.102330 -10863.619876
12 -1.302507 -18965.000229
12 -0.723522 -7296.387355
12 -0.663832 -2543.273121
12 0.223094 -224.268957
12 0.195708 -185.897829
12 0.002115 -1198.245598
12 0.342003 3811.867675
12 -0.047512 -1483.004572
12 -0.234134 -3279.946744
