3 0.002378 29.75276 0.002378 29.75276
4 0.0091 92.225217 0.0091 92.225217
10 0.011661 4.595181 -0.112026 -430.220462
11 0.012174 4.79379 -0.127001 -500.996894
5 0.001147 6.453474 -0.025743 -251.686154
6 0.068443 188.513647 0.063056 136.055506
12 0.089262 346.590248 -0.065622 -1140.29537
16 0.295951 129.799454 0.219714 -209.266601
4 0.009543 52.127655 -0.008144 -266.212033
5 0.01995 109.080212 -0.012777 -479.827068
6 0.04696 234.932143 -0.003 -663.796572
12 0.192299 117.048931 0.016392 -807.539806
16 0.192041 327.556481 0.148421 83.027194
9 0.050888 101.088202 0.046179 69.834584
15 0.136125 4.572139 0.110605 -56.289241
9 0.11924 517.227674 -0.045034 -1142.215493
13 0.076871 10.118415 -0.072248 -710.39976
16 0.167212 35.509157 -0.044385 -989.191619
17 0.347606 429.642764 -0.656065 -6005.995769
4 0.005904 28.901742 0.005904 28.901742
8 0.017899 6.584255 0.017899 6.584255
10 0.167357 193.626768 0.163649 176.267293
16 0.378102 106.408561 0.03902 -1909.464058
6 0.029284 126.511017 -0.002623 -77.696232
15 0.124471 64.065957 0.107763 3.671698
17 0.356554 96.316208 0.075983 -699.809231
9 0.076932 156.14083 0.03457 -222.915698
14 0.253987 14.493882 -0.022365 -891.286379
15 0.276594 24.312426 -0.021338 -954.079266
6 0.031998 66.884497 0.015334 -21.150242
9 0.144893 64.655866 0.117057 -54.602696
10 0.012019 26.418911 -0.069314 -513.005478
8 0.043217 9.092055 0.043217 9.092055
5 0.03672 307.056549 0.029537 166.846871
16 0.313463 91.686347 0.313463 91.686347
17 0.282296 459.596386 -0.080973 -1859.195127
15 0.062278 8.382063 0.055692 -8.890509
14 0.226283 738.63036 -0.035765 -1253.808498
3 0.005265 27.524247 -0.000581 -57.745985
7 0.001578 7.436633 -0.033727 -344.324905
9 0.122192 70.333177 0.047035 -657.214106
9 0.021975 37.449395 0.002923 -105.735464
14 0.27647 109.540133 0.099409 -3014.772233
3 0.00398 7.959361 0.00398 7.959361
8 0.077423 28.584447 -0.124006 -717.2366
13 0.283942 672.534221 -0.024428 -2072.812925
5 0.020785 15.930816 0.017675 -5.376048
9 0.018679 68.581243 -0.044193 -516.593412
4 0.006371 29.933613 -0.010294 -130.055476
4 0.015396 33.545654 0.000686 -107.667048
16 0.238386 795.40645 0.179934 399.234268
3 0.005675 21.038783 -0.003536 -66.154573
4 0.015271 43.157986 -0.014657 -240.162341
16 0.350445 2401.058145 0.203878 1094.413156
13 0.130684 1.944058 0.001685 -571.81668
14 0.146648 2.577359 0.002949 -631.812028
16 0.210236 84.451167 0.002382 -849.443238
16 0.036648 12.372248 -0.076191 -454.198007
11 0.024139 25.301515 0.022381 19.192396
14 0.216909 19.796975 0.197971 -21.59998
16 0.322722 302.129848 0.322722 302.129848
4 0.008063 6.756966 -0.003619 -105.184606
4 0.003838 2.401309 -0.006205 -93.791579
8 0.022215 5.664261 -0.071331 -885.005385
8 0.025035 6.485572 -0.067572 -869.103356
13 0.179508 95.343858 0.120803 -99.944205
3 0.005915 58.048385 0.001767 -16.617871
5 0.045986 365.216171 0.014902 -190.555969
9 0.048696 2.385196 0.043076 -10.548593
14 0.142706 437.122976 0.114402 165.241266
15 0.176524 322.41764 0.138462 -42.477241
3 0.003302 9.860245 0.003302 9.860245
15 0.131317 7.828993 -0.084298 -615.297171
4 0.006127 48.311226 0.003056 28.654469
5 0.035151 84.60481 0.035151 84.60481
7 0.046823 104.704276 0.040774 61.445433
13 0.071301 116.709062 0.068752 99.068361
16 0.21421 224.624205 0.156569 -213.597696
13 0.101778 61.974245 -0.07516 -1160.858206
6 0.04026 56.466405 0.020705 -31.986946
6 0.027198 99.346299 -0.016247 -253.157312
8 0.070663 98.224231 0.045046 -106.035701
8 0.035583 186.827253 -0.074846 -758.505142
9 0.084479 10.833524 -0.01231 -884.91463
8 0.037997 87.088269 -0.029218 -550.60988
12 0.184987 493.634678 -0.005695 -1310.936545
4 0.008724 33.237811 -0.012168 -128.274138
7 0.034071 201.307429 -0.0805 -801.499487
8 0.079911 346.834606 -0.086253 -1059.621758
9 0.113602 345.351759 -0.198675 -2242.900579
15 0.121985 227.139657 -0.088576 -2325.3367
3 1806.888763 0.225861 1806.888763 0.225861
16 0.088628 14.547988 0.07797 -29.1901
10 0.145176 23.349109 0.040285 -983.608839
7 0.003856 34.861606 -0.062977 -768.036477
13 0.060015 78.977621 0.05505 46.715816
14 0.094544 125.388982 0.08796 82.871686
15 0.104127 136.249859 0.094534 75.188625
13 0.222375 1161.312399 0.049136 -655.756719
13 0.212461 1061.059832 0.041972 -724.224729
6 757.023471 0.194109 757.023471 0.194109
9 0.13007 62.401935 -0.25837 -1812.1423
10 0.118972 63.312641 0.034997 -345.379944
4 0.017466 19.794476 0.008263 -65.543369
10 0.063598 3.74248 0.063399 2.476378
15 0.237477 395.0453 0.17974 -13.856259
14 0.102705 30.543391 0.102705 30.543391
5 0.01567 43.212094 -0.000892 -120.251242
8 0.048819 97.258884 -0.001621 -71.736445
13 0.181493 882.72927 0.009351 -865.141471
15 0.281948 396.370323 0.157812 -394.435458
7 0.041451 84.127276 0.03516 39.297672
9 0.041473 10.152936 0.040261 2.359036
13 0.246632 292.025606 -0.057111 -1539.055131
12 0.1325 142.896292 -0.007893 -1054.367786
13 0.155023 316.440459 -0.00197 -1018.105174
15 0.235259 249.369855 -0.066566 -742.217682
16 0.179562 97.558806 -0.134373 -937.821073
16 0.370458 114.29684 0.132557 -531.103537
5 0.048763 41.561142 0.048763 41.561142
5 0.002043 1.336393 0.002043 1.336393
15 0.308536 295.960375 0.178821 -699.354918
5 0.035182 58.857122 0.03417 51.666733
6 0.039719 31.709035 0.03703 12.289786
12 0.069221 262.9416 -0.084438 -1258.110808
4 0.021641 113.69836 0.021641 113.69836
6 0.057513 307.798661 0.051477 248.95237
16 0.215189 13.945144 0.173278 -90.470503
17 0.239163 15.54697 0.159553 -182.698999
12 0.153649 22.987899 0.125011 -64.493623
14 0.238109 141.835395 -0.083101 -995.238199
7 0.09257 180.261844 0.027872 -235.64121
15 0.281673 541.409836 0.008884 -1216.386081
5 0.005196 4.556889 -0.020443 -160.861106
6 0.002925 7.787863 0.002191 1.705865
14 0.246159 144.859813 0.135519 -584.14996
15 0.293376 160.467723 0.203317 -227.650313
16 0.317165 390.131524 0.217338 -38.865991
4 0.00398 44.310814 -0.01574 -352.913454
15 0.298488 81.15712 0.140023 -314.970686
4 0.000347 1.354084 0.000173 -0.733873
15 0.165917 19.367129 0.14259 -105.87605
15 0.193796 96.712414 -0.04183 -1411.291947
16 0.252207 319.060481 -0.015228 -1392.523326
5 0.043238 208.277144 0.039562 174.04097
9 0.093129 50.438782 0.072701 2.747263
8 0.005198 2.610382 0.00467 -0.154234
9 0.007209 4.197413 0.006304 -2.466145
10 0.08536 122.754677 0.083506 103.386591
8 0.080703 11.025811 0.078502 -13.84896
17 0.180161 16.062462 0.103246 -333.88574
15 0.379039 330.737634 0.231684 -134.929404
15 0.18395 317.887682 0.143173 99.08773
16 0.253668 379.320416 -0.347559 -2401.035944
4 0.01253 59.510768 -0.012673 -318.735952
6 0.020365 9.336579 0.020365 9.336579
10 0.136789 233.368687 0.130826 161.691055
11 0.15619 61.963989 0.017799 -1567.280322
16 0.185569 96.374925 0.011225 -808.741641
10 0.15396 124.521795 0.121718 -84.944901
13 0.102823 22.928898 -0.116509 -486.216468
15 0.033828 11.198487 -0.262113 -737.971621
16 0.098371 55.930055 0.090171 29.14262
6 0.053463 513.541748 0.001035 -311.580119
16 0.16851 48.780365 0.136613 -89.683404
15 0.321223 180.872307 0.227148 -314.729133
4 0.016403 110.595825 0.002481 -67.172793
9 0.015358 35.682265 -0.000107 -71.013898
11 0.048259 4.36882 0.042168 -19.22159
12 0.064001 10.365604 -0.026168 -365.10907
4 0.019151 50.968739 0.019151 50.968739
14 0.200044 43.939361 -0.04499 -2274.549392
14 0.257865 702.157068 0.026909 -1474.864161
15 0.257763 179.966921 0.000109 -2249.489349
10 0.097387 584.557104 0.025921 -101.519428
15 0.326697 6.38623 0.225579 -509.667725
3 0.007587 96.697162 0.007587 96.697162
5 0.001211 3.161299 0.001128 2.547861
15 0.297637 321.085314 0.208341 -380.950362
2 536.842105 0.067105 536.842105 0.067105
3 0.007634 52.264134 0.007634 52.264134
10 0.074146 41.23787 -0.004589 -244.102117
10 0.146522 686.331256 0.006666 -721.909853
13 0.19372 604.551391 0.008822 -755.793649
6 0.049529 421.100753 -0.13645 -1287.52577
6 0.064649 737.030868 -0.119521 -952.309974
7 0.021739 115.917022 -0.230324 -2195.997635
10 0.105622 25.925665 0.089706 -64.160436
5 0.006206 6.732036 0.006206 6.732036
9 0.154684 92.893171 0.130978 -164.166291
10 0.029088 19.992618 -0.02089 -290.129036
16 0.095332 35.254018 -0.025915 -385.046381
14 0.28573 444.204553 0.249582 285.814532
15 0.01134 5.230498 -0.037089 -221.455776
12 0.131204 11.094363 0.103988 -71.724328
15 0.210145 21.026179 0.177729 -76.650834
15 0.212906 21.254625 0.177974 -81.316708
11 0.05077 25.814342 0.049934 23.166854
6 0.068725 94.093409 0.068725 94.093409
15 0.310497 179.245027 0.166071 -335.855523
5 0.049173 28.999659 0.049173 28.999659
6 0.048865 9.66377 0.048865 9.66377
16 0.359109 366.619943 0.289946 183.459119
4 0.00812 14.939955 -0.001234 -74.91547
8 0.025021 33.713599 -0.037678 -353.529987
6 0.003133 24.473845 -0.008367 -142.616883
11 0.127783 533.577614 0.088951 -14.982752
7 0.025574 14.886159 -0.003242 -169.537397
8 0.00436 7.394559 -0.037733 -263.431068
14 0.297849 34.821011 0.010217 -664.81677
17 0.251482 83.75783 -1.582186 -4434.494504
5 0.001109 14.061499 -0.040034 -361.515021
16 0.206743 236.982818 0.165596 92.076332
9 0.063017 14.421106 0.053114 -31.093142
10 0.137201 122.516242 0.028058 -498.537039
6 0.031229 63.910479 0.005376 -184.376683
17 0.307473 715.298713 -0.645083 -8460.940655
8 0.093913 5.329679 0.008263 -542.830925
16 0.284258 693.306269 0.171787 -187.339186
15 0.224926 35.705686 0.187746 -111.009006
4 0.015858 53.188565 0.015858 53.188565
16 0.131051 20.766871 -0.115938 -695.693304
8 0.005956 50.300011 0.000333 -14.538703
7 0.054653 20.359968 0.045424 -19.340652
9 0.086428 31.328478 0.081539 13.135414
5 0.018489 115.652405 -0.014385 -440.420313
5 0.019275 118.190615 -0.013284 -433.160464
15 0.043865 49.644783 0.041149 40.596688
3 0.000771 0.276175 0.000771 0.276175
7 0.084887 114.463775 0.084703 112.860673
9 0.021574 19.581385 -0.063403 -620.396299
5 0.011371 5.161114 0.011371 5.161114
6 0.028602 13.172003 0.028602 13.172003
12 0.237757 1044.152723 0.041635 -1309.312762
8 0.039889 156.953718 -0.066261 -929.172316
10 0.044062 23.7434 -0.075797 -750.288815
11 0.054825 28.530459 -0.115737 -1069.6686
9 0.044415 296.484493 -0.058493 -551.961572
10 0.028539 208.918124 -0.112779 -982.232869
10 0.049131 97.188867 -0.089227 -1069.424942
11 0.09162 602.715113 -0.073194 -789.142003
12 0.120873 21.357527 0.110005 -25.154134
12 0.255266 61.977895 -0.011507 -515.741481
13 0.120007 20.165402 0.100269 -60.680004
14 0.15543 22.426592 0.132108 -73.314249
16 0.097304 16.632931 0.000902 -184.135763
7 0.049251 51.088452 0.045126 20.157071
16 0.056314 15.317479 -0.115008 -465.077471
17 0.174568 18.562909 -0.264587 -988.644636
10 0.080974 397.045285 0.001418 -680.180176
14 0.276054 315.496603 0.064805 -801.593338
17 0.364358 480.36595 -0.603065 -8581.733463
17 0.361946 98.198637 0.345268 40.470017
11 0.09536 47.222266 0.001226 -1123.170541
14 0.243769 280.044073 -0.004655 -3179.374198
14 0.249785 315.550314 -0.01766 -1161.792554
8 0.056441 339.976864 0.001417 -312.120231
13 0.271328 147.173613 0.117023 -1106.414009
6 0.030569 3.962937 0.02705 -6.426841
13 0.239677 274.964895 -0.003621 -892.048652
14 0.261344 298.944666 -0.039113 -1136.696929
12 0.090025 173.053741 0.083705 125.638761
14 0.001131 2.155632 -0.013558 -108.231537
15 0.001897 3.592935 -0.019166 -154.790987
11 0.153509 189.798823 0.128981 25.87932
13 0.11989 198.136191 0.088645 -26.839751
15 0.019782 6.863299 -0.085737 -315.053784
16 0.119078 24.179211 -0.035504 -452.314551
4 0.031546 77.171976 0.025547 18.578675
10 0.100411 96.157786 0.100139 95.178709
14 0.035371 37.415781 -0.252488 -1189.223724
16 0.026202 2.301571 -0.387651 -1704.903951
3 0.007802 70.201242 -0.000131 -42.008631
14 0.081594 61.623635 0.08018 56.776443
17 0.196817 56.717039 0.1617 -30.459824
15 0.017182 8.423063 0.014914 -5.803858
16 0.363604 117.185126 0.359954 92.281361
9 0.095325 396.986728 -0.002562 -558.912473
10 0.109109 795.27258 -0.042297 -667.960401
14 0.299237 159.384898 0.173285 -482.762984
9 0.042391 4.37141 0.040508 0.152425
10 0.192944 343.130743 0.025538 -1403.204943
12 0.233432 107.966846 0.015761 -2157.628436
13 0.287836 33.696806 0.04411 -2500.92007
4 0.017596 146.676738 0.002759 -90.225668
4 0.010739 18.957313 -0.006128 -142.967015
6 0.057133 108.88418 0.016267 -423.166258
7 0.071359 228.411507 0.008801 -588.403188
4 0.015632 14.246612 -0.001033 -92.412781
10 0.157356 1621.567072 -0.094692 -3032.745865
11 0.199037 2184.975164 -0.085333 -3061.897239
12 243.543107 0.608858 243.543107 0.608858
16 0.247299 66.037438 0.193395 -190.551616
4 0.009105 5.947137 -0.00955 -82.809478
11 0.08121 5.489776 -0.055081 -464.401951
5 0.039141 130.460705 0.020866 -155.859198
8 0.108944 376.211118 0.049413 -552.030714
3 0.004034 8.33743 -0.002196 -31.53762
3 0.007124 47.27321 0.007124 47.27321
6 0.054871 339.406005 0.033854 98.256142
11 0.092555 116.788227 0.062585 -4.448967
16 0.036194 4.500888 -0.054678 -363.82633
16 0.113425 27.204633 0.099424 -11.550222
17 0.131348 29.988039 0.109195 -18.77315
16 0.267249 1651.203326 0.014779 -65.836755
6 0.076795 187.850087 0.028689 -383.455943
7 0.019202 3.458392 -0.046404 -774.199942
11 0.132397 420.392811 0.012341 -778.981998
3 0.002299 5.600973 0.002299 5.600973
4 0.011652 7.038392 0.011652 7.038392
6 0.013337 3.949116 -0.001635 -62.625635
7 0.022673 41.083006 0.019804 15.506773
10 0.209888 82.801957 0.209888 82.801957
15 0.325441 1272.070112 0.217942 46.765763
15 0.232992 44.611608 -0.782518 -6198.003376
7 0.042914 481.223917 -0.005354 -499.830784
8 0.056857 71.793743 -0.184051 -1470.019932
10 0.094865 407.890375 0.049101 -406.854845
13 0.264557 883.0034 0.112906 -1793.332401
13 0.262725 201.39114 0.004888 -1492.874374
3 0.00467 17.282417 -0.006965 -134.030976
7 0.045286 317.780132 -0.056985 -792.840867
7 0.049597 281.912104 -0.051296 -817.513859
7 0.074037 233.704481 0.01972 -357.613497
8 0.041224 46.461832 0.008951 -62.589662
9 0.050702 33.910572 -0.006296 -176.656977
12 0.079086 44.337414 -0.052853 -600.383522
14 0.105968 122.512397 -0.057846 -627.124624
15 0.092703 106.223913 -0.090607 -688.351748
16 0.31239 265.023224 0.190254 -177.454578
14 0.266127 179.336756 -0.120127 -1347.392844
15 0.216102 7.167642 -0.046536 -661.361405
10 0.125024 188.42604 -0.011337 -1418.140283
15 0.295087 68.339355 -0.035047 -634.893649
16 0.306517 1190.697688 0.170875 113.294092
11 0.075697 86.407616 -0.089969 -1838.824907
3 0.00417 16.12775 -0.002396 -44.565792
3 0.003855 14.908616 -0.002351 -42.450755
6 0.004437 1.178459 0.004437 1.178459
7 0.013857 4.040717 0.013727 3.147285
11 0.20877 116.392459 0.207393 109.381831
10 0.029047 35.196284 -0.085491 -590.132803
4 400. 0.102564 400. 0.102564
8 0.065217 98.396016 -0.002166 -1077.847073
8 0.060549 86.847006 -0.0053 -1062.009752
9 0.074364 79.205 0.007418 -741.994146
11 0.060143 30.275093 -0.026993 -926.270236
16 346.026035 0.346026 346.026035 0.346026
3 0.001673 0.336808 -0.000802 -15.50715
14 0.208808 27.851258 -0.030423 -1411.491001
9 0.050527 74.298518 0.04012 -6.822354
13 0.13575 92.325675 -0.05787 -1012.46571
14 0.110305 56.510795 -0.103267 -1131.247133
15 0.150762 78.809427 -0.073933 -1106.937932
16 0.135936 69.578069 -0.115203 -1255.780144
3 1944.664032 0.162055 1944.664032 0.162055
12 0.144481 20.077277 0.129973 -104.884676
3 505.043478 0.105217 505.043478 0.105217
6 854.392666 0.177998 854.392666 0.177998
8 0.019442 28.663982 0.019442 28.663982
6 0.008578 11.025689 -0.167007 -980.378341
15 0.195167 74.740045 -0.411973 -3843.404589
6 0.035709 52.261706 -0.003495 -324.095941
9 0.121113 134.62849 0.011308 -1672.679088
12 0.236191 497.63065 0.029764 -803.834552
13 0.263487 529.032674 0.028804 -913.388575
12 0.127328 36.382262 0.102314 -126.118997
15 0.191241 40.284087 0.145771 -211.961951
15 0.0248 40.551206 -0.234808 -1620.93844
3 380. 0.292308 380. 0.292308
5 0.016923 11.909888 0.016749 11.245494
9 0.123316 111.153373 -0.005782 -457.128897
11 0.196004 182.463147 -0.532299 -3215.694731
15 0.350394 344.175068 0.184652 -710.434645
10 0.125356 637.75348 0.0765 135.298842
4 0.002763 2.216617 0.001998 -1.77658
12 0.271479 858.92633 0.133708 -355.99672
14 0.238034 105.229916 0.155822 -365.156546
9 0.048514 12.003178 0.036887 -40.072808
9 0.048508 11.948574 0.033652 -56.43289
12 0.099538 40.346882 0.088586 13.872477
17 0.325838 719.123547 -0.689703 -4307.053456
5 0.027337 149.162276 -0.041261 -564.762965
6 0.040277 214.055648 -0.079549 -1012.184134
11 0.209566 1043.280956 -0.202988 -3142.752008
5 0.009306 1.035247 -0.011818 -174.741084
6 0.000414 3.01218 0.000414 3.01218
7 0.001349 5.190616 -0.066631 -435.705193
7 0.000935 5.317342 0.000935 5.317342
8 0.002768 12.422222 -0.082882 -544.050146
12 0.042444 53.054277 -0.17002 -1126.544703
13 0.05206 54.71603 -0.199893 -1343.441521
14 0.036145 31.296888 -0.045487 -294.738837
16 0.107081 43.368636 0.093937 -18.079532
8 0.080235 111.710608 -0.016536 -514.733465
15 0.21145 71.973995 0.153332 -224.937047
6 882.639077 0.561679 882.639077 0.561679
13 0.255385 263.680358 0.02788 -1353.46968
14 0.190391 44.232993 -0.243874 -1863.709106
15 0.175485 23.966723 0.141732 -122.2504
5 0.030475 36.255413 -0.004529 -190.898015
4 243.678161 0.121839 243.678161 0.121839
5 0.028582 5.730664 0.028412 5.062946
8 0.111507 870.940243 -0.01319 -625.320075
15 0.180417 246.515888 0.169016 164.947243
15 0.188006 660.370175 -0.083678 -2108.870394
9 0.086305 72.720716 -0.176337 -1430.629454
15 0.1499 26.014786 0.143982 11.043924
17 0.184816 43.22173 0.148693 -70.023972
8 0.074688 21.744888 -8.5e-05 -456.805766
6 0.033866 26.741523 -0.020931 -323.957994
11 0.11165 237.267009 -0.185101 -2003.610081
14 0.310337 400.878134 0.30606 376.897264
15 0.337181 435.566229 0.331155 401.94762
17 0.357305 103.502708 -1.259896 -5393.911849
7 0.054933 24.420064 0.000669 -783.451847
9 0.147763 7.118697 0.078965 -433.190331
3 0.00652 5.072277 0.003028 -10.499265
9 0.130095 37.002041 0.127304 19.013983
5 0.00828 10.656017 -0.011288 -114.575624
6 0.014156 18.321069 -0.022443 -215.909813
7 0.052279 44.396883 0.002503 -274.175419
13 0.19747 581.821666 0.072508 -428.361471
15 0.071797 46.025035 0.065412 25.293191
16 0.000679 0.08848 0.000666 0.050824
17 0.001579 0.196131 -0.004355 -18.139017
4 0.010103 39.266805 0.004649 -33.525819
6 0.017301 55.00363 0.017301 55.00363
13 0.230955 147.017222 -0.163681 -1205.264654
14 0.057948 22.820052 0.05704 19.39252
15 0.080236 32.013512 0.075239 9.174067
3 0.003395 11.114074 0.001059 -16.234483
9 0.062226 3.835512 0.060144 -3.098248
6 0.0222 83.410772 0.010909 -33.993373
10 0.17896 427.438242 0.178279 424.072784
16 0.209138 40.781805 0.172737 -39.206695
3 0.0098 34.052107 0.001985 -88.150182
5 0.049998 290.78443 0.03025 -2.523486
6 0.03658 6.262672 0.03537 2.745687
5 0.011659 12.677502 0.011659 12.677502
3 0.005045 13.521209 0.000208 -41.826437
4 0.000124 0.170358 0.000124 0.170358
14 0.198407 17.127472 0.157368 -276.12107
16 0.312487 606.300067 0.282255 382.414586
4 0.017923 13.482438 -0.007791 -211.320926
6 0.000427 0.033387 -0.054136 -500.90737
6 0.010062 0.334257 -0.042557 -482.672892
10 0.002082 4.219116 -0.132057 -1235.867963
12 0.007637 12.726573 -0.168003 -1120.320797
12 0.022251 0.869161 -0.039679 -238.910817
17 0.045472 19.957864 -0.106869 -443.118354
3 0.007286 23.567008 0.007286 23.567008
3 0.007788 2.977833 0.007788 2.977833
3 0.006389 41.363922 0.006389 41.363922
17 0.307369 309.7608 0.301699 295.707896
5 0.001439 0.454281 -0.025119 -126.518797
6 0.005568 1.641573 -0.039544 -230.158769
5 0.034446 187.716367 0.03302 164.918774
4 0.008685 34.255401 0.000547 -57.44444
4 0.000227 4.161055 -0.011586 -164.757467
13 0.254096 1031.059126 -0.026324 -1768.056915
15 0.031469 1.983359 -0.085665 -377.268644
14 0.291827 188.031203 0.193901 -161.886345
16 0.310269 96.973233 0.146936 -372.914971
9 0.04762 62.35529 0.042691 35.905491
10 0.065024 84.400394 0.059519 54.951097
12 0.088493 114.474758 0.086097 100.845898
15 0.237939 371.08523 0.209646 217.736658
8 0.061519 210.119835 0.053501 132.216155
7 0.089485 93.235592 -0.097194 -846.902532
15 0.286618 161.603675 0.167798 -279.16954
8 0.000505 1.830256 0.000505 1.830256
15 0.144045 41.761257 0.126475 -13.318131
16 0.352196 236.98273 0.326256 157.093168
6 0.063948 548.604836 0.021792 -86.346209
15 0.212131 218.710691 0.118343 -343.097209
15 0.286168 459.366388 0.185621 -142.100483
4 0.00935 18.838607 0.007768 9.136418
6 0.01721 23.532818 -0.035545 -314.102683
10 0.137579 113.387674 -0.018277 -884.092741
11 0.124855 70.822688 -0.002713 -638.987936
14 0.289177 371.156755 -0.021763 -2175.513633
16 0.397525 1031.543945 0.278675 -117.664584
16 0.392592 1173.303571 0.274893 -40.272953
11 0.123347 104.176753 0.123347 104.176753
11 0.04692 26.847882 0.040834 8.283278
6 0.057846 52.650828 0.033577 -115.271212
6 0.042888 7.511556 -0.058272 -329.294585
11 0.035442 1.561724 -0.062992 -273.553197
12 0.043879 2.198389 -0.065441 -296.301196
15 0.061076 2.790926 -0.100748 -448.630247
4 0.027332 118.905659 0.027332 118.905659
7 0.062313 325.723793 0.058629 279.045487
11 0.146885 36.201314 0.10108 -211.159446
4 0.015049 15.241793 0.011306 -8.31545
7 0.00373 3.729612 -0.06337 -524.386026
7 0.044536 24.492977 -0.056287 -400.187644
12 0.175328 303.860677 -0.023664 -2380.81996
4 0.019869 26.531789 0.01639 5.321956
14 0.316787 419.454434 0.256129 -61.935788
4 0.009391 63.938346 -0.003583 -169.786611
5 0.023071 156.114894 -0.001139 -280.50158
13 0.177122 29.320907 0.142797 -69.262169
6 0.046953 327.751393 0.045098 294.463354
14 0.226914 173.575861 0.223783 158.398629
13 0.257868 189.008212 0.101786 -480.632881
14 0.309193 223.163553 0.001228 -1059.400975
2 610.714286 0.090476 610.714286 0.090476
2 1656.536797 0.234416 1656.536797 0.234416
8 0.03133 2.50501 0.030011 -3.815149
6 0.065125 118.44531 0.0171 -736.153212
7 0.001133 0.810463 -0.008263 -53.976938
8 0.11353 413.715149 0.037881 -928.013315
11 0.152857 309.924807 -0.271047 -3030.382235
12 0.117852 90.579273 -0.012805 -615.976185
13 0.131403 95.115033 -0.008733 -657.092104
15 0.1654 107.545876 -0.012902 -837.466681
9 0.067259 70.902188 -0.060644 -751.914466
10 0.12591 116.832955 -0.026322 -862.800681
14 0.136138 7.30866 -0.165223 -968.284108
3 0.007938 41.277973 0.007938 41.277973
16 0.273436 275.118715 0.271174 269.318388
3 0.002209 10.445293 -0.004182 -66.234889
3 0.001999 10.396875 -0.00396 -61.121572
6 0.062222 334.656325 8e-06 -411.913762
7 0.048079 232.50093 -0.037285 -791.668902
8 0.056676 277.114955 -0.053966 -1050.08195
11 0.070154 3.244528 -0.005471 -209.11571
5 0.019551 129.276419 0.019551 129.276419
5 0.03346 177.377388 0.03346 177.377388
15 0.29957 39.685198 0.163142 -332.525466
4 0.007721 57.355941 -0.010124 -156.782377
4 0.003694 22.33785 -0.012923 -177.064631
14 0.067538 14.692957 0.063409 -4.866543
15 0.303049 187.611655 0.225237 -37.334972
14 0.13143 88.110879 0.13143 88.110879
15 0.237046 89.021799 0.237046 89.021799
12 0.185442 9.180782 0.14235 -119.829614
16 0.335523 189.208052 -0.155927 -1542.49812
12 0.101283 326.158941 0.091487 187.537042
15 0.264314 155.980155 0.144041 -308.539257
4 0.007492 12.176921 -0.01021 -153.092763
4 0.021935 17.999814 0.021935 17.999814
11 0.259074 50.409603 -0.316952 -1289.352493
10 0.064259 102.550282 -0.468284 -1693.351411
11 0.084363 137.003486 -0.095766 -524.329685
3 0.00807 31.471795 0.00807 31.471795
7 0.032136 32.101977 0.028565 6.5119
14 0.000976 1.456399 -0.007861 -55.037004
15 0.278766 164.25193 0.268188 97.540365
15 0.282748 166.556247 0.271963 99.86441
3 0.003055 6.08511 0.003055 6.08511
6 0.013558 6.892063 0.013379 6.111648
6 0.000409 0.88388 -0.003745 -36.633279
8 0.002031 0.377569 0.001 -3.991179
17 0.381139 169.944267 -1.091628 -4843.719806
11 0.001784 1.529863 -0.002562 -36.09098
12 0.244863 828.479752 0.059152 -960.843725
16 0.208146 97.94823 -0.085775 -1629.830247
10 0.021245 3.142783 -0.039544 -147.236221
14 0.221316 678.29736 0.156742 396.482742
15 0.020133 45.564951 -0.03668 -275.96946
14 0.157554 41.707202 0.152353 28.133643
15 0.211418 18.087663 0.204948 1.124758
16 0.330085 230.371745 0.195758 -612.779768
16 0.263944 20.971746 0.25454 -3.79937
5 0.026316 297.206433 -0.010419 -289.873956
6 0.021812 91.423729 -0.00562 -313.163739
14 0.201871 350.783324 0.16771 31.204307
8 0.008594 0.523259 -0.03766 -103.540321
9 0.038762 19.103296 0.038762 19.103296
14 0.031563 9.232186 -0.021406 -147.934778
15 0.037228 12.707388 -0.024507 -178.16092
12 0.168073 1079.788201 -0.028256 -184.332938
9 0.039708 0.214605 0.039708 0.214605
3 0.003848 14.039829 0.003848 14.039829
8 0.058162 8.046437 -0.031331 -564.708395
8 0.061836 47.755434 -0.017602 -460.651682
14 0.230103 38.880367 0.136293 -234.947889
8 0.001376 7.825155 -0.088749 -1195.112759
9 0.108884 14.525853 0.103736 -7.506343
13 0.045744 22.884109 -0.0532 -683.133423
11 0.043721 34.778264 0.037282 11.175752
15 0.300058 38.860596 0.191292 -357.109311
15 0.232314 134.399779 0.123764 -277.050139
5 0.003137 0.873232 0.003137 0.873232
16 0.277814 19.295675 -0.003936 -4960.966025
4 0.000155 0.278589 0.000155 0.278589
12 0.022232 6.374137 -0.201664 -462.972097
13 0.225055 73.409494 0.224504 71.61136
16 0.078828 84.930567 -0.188607 -1692.506492
3 0.005959 3.802325 0.004034 -8.522215
6 0.06201 118.280966 0.028936 -204.339063
15 0.164182 34.629966 0.148153 -35.788614
7 0.022313 2.238129 -0.137643 -517.725488
8 0.018414 0.654478 -0.032815 -187.250696
8 0.019935 1.647339 -0.046627 -236.91577
5 0.04953 53.657646 0.049216 51.210331
6 0.042096 38.075596 0.041294 34.822898
7 0.067648 18.167245 -0.102279 -414.248159
11 0.086105 32.082267 0.082577 13.706483
8 0.039727 123.216343 -0.08038 -977.551853
9 0.047632 171.06093 -0.071745 -913.969644
10 0.07536 148.581378 -0.015781 -670.585792
11 0.06354 101.588815 -0.040092 -828.309978
12 0.072359 107.227914 -0.058884 -1046.497888
13 0.079009 111.937396 -0.067498 -1163.347753
14 0.146624 37.117435 0.128193 -17.744659
14 0.147449 378.073614 -0.028993 -1257.460366
10 0.097266 14.268816 0.080786 -24.608033
14 0.237044 140.533073 0.170646 -229.691643
5 0.003702 50.960327 -0.029569 -351.603213
12 0.143397 192.375094 -0.113476 -1324.621632
4 0.017593 1.669137 0.016959 0.075449
11 572.822565 0.440633 572.822565 0.440633
14 0.258794 135.434698 0.005986 -1419.946031
7 0.094654 61.961072 0.094654 61.961072
11 0.000172 0.671979 -0.026044 -158.990952
12 0.020526 22.195405 -0.01758 -208.168378
13 0.007631 13.425798 -0.042698 -291.335193
4 0.013468 43.226316 0.013218 39.778552
11 0.091863 13.626953 -0.018227 -487.685234
14 0.263016 661.150959 -0.017177 -1940.162961
10 0.133342 30.77772 0.122527 -0.981269
16 0.067236 25.83465 -0.037699 -451.578092
16 0.317707 175.772321 0.214639 -293.035754
4 0.011248 24.894111 0.011248 24.894111
10 0.018867 18.310557 -0.088577 -506.494068
16 0.379926 94.982923 0.193111 -454.257668
3 0.003638 27.862638 0.001571 -5.216694
9 0.037852 83.448618 0.000662 -200.381883
8 0.017134 25.006989 -0.075938 -890.484653
9 0.038629 38.662506 -0.082007 -1147.548777
5 0.026813 14.201576 -0.003695 -183.709273
6 0.053577 5.986495 0.009971 -511.741897
9 0.020955 3.99809 0.02068 2.887849
4 0.015928 71.230728 0.009477 -0.770172
13 0.257348 76.521637 0.047252 -627.615847
15 0.315479 54.76534 0.178857 -640.870352
11 0.028235 56.64006 -0.183522 -1339.615798
3 0.007571 17.169009 0.005095 1.325052
14 0.022121 51.754019 -0.029702 -423.035455
11 0.150957 51.850628 0.011784 -1587.240382
4 0.002702 41.180396 0.002702 41.180396
6 0.044177 314.023166 0.041101 276.958144
10 0.071353 45.83879 -0.030017 -436.870952
11 0.111898 73.750529 -0.013703 -511.623174
12 0.090428 45.599962 -0.055357 -596.654139
14 0.277796 230.823768 -0.077779 -2032.77151
16 0.333635 303.468313 0.180217 -306.077046
16 0.273742 357.177031 0.273742 357.177031
3 0.003728 37.673812 0.003728 37.673812
6 0.013024 16.860932 -0.129193 -1088.547947
7 0.067927 542.588084 0.063719 466.71968
11 0.07319 72.461259 0.069199 54.689524
12 0.023691 15.025632 -0.035287 -299.47151
17 0.170987 55.110091 0.144806 -20.161547
4 0.023414 227.595657 0.023414 227.595657
11 0.221175 582.241395 0.034936 -1022.659716
14 0.342713 1307.443617 0.088697 -741.106312
15 0.326443 831.960285 0.013164 -1696.89807
3 0.004505 4.354617 -0.003019 -47.367778
4 0.016712 23.195883 -0.003965 -118.566879
12 0.193457 167.120485 0.012793 -658.349902
16 0.007539 2.229106 -0.011463 -55.882873
17 0.023384 7.520682 -0.141689 -359.537722
8 0.033048 1.45625 0.033048 1.45625
4 0.011994 53.602637 -0.001153 -98.813915
5 0.036241 159.026683 0.009304 -158.171526
6 0.052318 217.190556 0.007907 -307.608287
13 0.253284 0.052885 -0.000412 -1840.260471
14 0.182583 4.88661 0.152579 -65.545456
7 0.001455 2.4052 -0.039856 -403.703244
12 0.030567 5.88392 -0.063671 -302.481589
8 0.034991 14.263855 0.030703 -6.462256
14 0.207167 63.461817 0.135046 -95.85347
15 0.319431 56.102097 0.220355 -171.168266
3 0.00182 1.373511 -0.002457 -30.504027
5 0.036303 54.306938 0.030238 14.721028
6 0.000736 0.528731 -0.015439 -103.384631
7 0.050965 86.983948 0.002806 -225.695671
15 0.105813 12.743498 0.085989 -92.840356
3 0.009862 3.40389 0.009862 3.40389
11 0.058529 76.612922 -0.077986 -797.084711
17 0.364696 516.35556 -0.233534 -3475.893673
6 0.007663 29.020911 -0.019565 -129.694094
12 0.188399 77.795721 0.188399 77.795721
10 0.078934 4.235547 0.031384 -121.006778
11 0.071208 1.779356 0.01161 -156.705023
3 0.004822 19.786307 -0.002089 -44.726242
15 0.004649 0.787761 -0.022457 -123.090854
15 0.202404 46.985139 0.164027 -101.219881
9 0.149229 334.926778 0.040866 -709.52652
16 0.32195 647.246481 0.303098 555.755762
3 0.006875 17.876241 0.001602 -15.872041
14 0.242926 578.725531 0.127083 -329.631309
16 0.055791 4.760084 -0.022403 -359.787032
2 1768.421053 0.221053 1768.421053 0.221053
4 0.01806 19.293939 0.004348 -136.937441
16 0.296981 247.128629 -0.011313 -1076.243412
4 0.011052 7.648544 0.010744 6.296514
15 0.328878 219.618083 -0.083319 -1227.603361
6 0.034118 126.258705 -0.002969 -314.373403
11 0.189798 613.564911 0.014923 -505.638355
13 0.172476 137.496672 -0.06495 -1041.204147
14 0.174514 130.729786 0.174514 130.729786
15 0.161788 93.063613 0.161788 93.063613
6 0.050585 10.532605 -0.035899 -377.499923
15 0.214355 71.674564 0.170647 -90.21177
6 0.018672 13.964146 -0.011652 -182.558602
13 0.176754 21.950885 0.176754 21.950885
16 0.212997 8.383489 0.16023 -136.362435
10 0.091951 97.267286 0.091596 96.225109
12 0.155252 34.432754 -0.241313 -4084.626429
15 0.358975 10.622035 0.116414 -2252.023891
15 0.319608 337.074302 0.27576 -112.012088
14 0.104824 14.348888 0.09487 -13.37803
15 0.305954 97.567307 0.22592 -163.192532
4 257.936508 0.099206 257.936508 0.099206
7 0.059296 156.729375 -0.100303 -1109.100933
6 0.042366 38.143656 0.024695 -53.765495
14 0.1737 26.873097 0.128182 -120.845346
15 0.255941 42.53156 0.20167 -116.578852
3 0.004342 5.868093 0.004342 5.868093
10 0.054197 3.246409 0.042449 -44.145215
7 0.044445 62.510943 -0.033056 -357.418944
7 0.097627 68.32466 0.092445 21.421412
5 0.042499 76.661422 0.042097 72.616689
6 0.030779 9.570243 0.02868 -0.200746
5 0.025038 90.908758 -0.01558 -633.588257
11 0.168332 416.187635 -0.011605 -2759.029896
5 0.028345 21.505192 0.028345 21.505192
7 0.028943 6.431574 -0.028785 -702.27161
16 0.329075 219.798435 -0.550834 -8014.364092
5 0.012534 10.518649 -0.01587 -171.27163
5 0.015542 19.622048 -0.00983 -142.758601
6 0.031562 162.238705 -0.026028 -528.839588
7 0.091797 345.914388 0.016639 -555.983647
3 0.002942 4.707032 -0.00407 -54.097223
4 0.006993 11.541545 -0.010805 -137.172014
16 0.339422 247.246982 0.165078 -459.540756
16 0.01605 1.522199 -0.004331 -51.862782
3 0.003537 1.107421 -0.000503 -20.773062
4 0.012153 17.367479 0.012038 16.446481
5 0.023527 33.53927 0.022557 25.778278
5 0.034804 44.648454 0.033622 35.186566
9 0.056856 233.177994 0.038845 121.153523
4 0.007863 20.674195 0.005716 -0.232517
9 0.019268 46.652621 -0.01828 -339.607589
14 0.070606 34.599642 0.001246 -149.213228
4 0.025155 81.1255 0.025155 81.1255
4 0.00301 1.212726 -0.008366 -47.575572
5 0.036088 167.186513 0.036088 167.186513
8 0.044506 1.832007 0.022064 -107.553821
14 0.070634 102.212059 -0.030717 -697.540205
5 0.027155 7.734647 0.026752 6.780003
15 0.124746 20.178314 0.115266 -17.315157
15 0.258598 439.785934 0.152563 -302.288554
16 0.292969 3422.920463 0.259743 2957.992832
15 0.14991 92.620942 0.131003 9.387841
14 0.293848 3488.263181 0.241007 2765.352096
4 0.011042 60.528974 0.010456 54.203986
5 0.031002 169.407442 0.028651 143.852047
7 0.114211 58.698605 0.112764 44.298293
7 0.057635 65.875912 0.051166 32.029335
13 0.132458 13.265757 0.018306 -923.704784
16 0.187971 38.953561 -0.095743 -2162.854423
17 0.208587 23.733572 -0.638812 -6030.010824
11 0.128353 141.346712 -0.007843 -767.594108
12 0.155071 162.592264 0.000228 -868.401561
13 0.211366 210.585092 0.029989 -1003.153287
17 0.349909 315.649951 -0.414725 -4682.028497
16 0.300415 503.025415 0.24293 141.034855
8 0.102005 218.936133 0.077183 24.947557
9 0.113789 33.460624 0.113544 32.054476
15 0.040516 65.118342 -0.041627 -537.633496
10 0.141795 288.895852 0.049124 -678.072076
11 0.168241 354.844902 0.061022 -770.014155
9 0.145729 666.053474 0.028051 -722.166148
4 0.015269 88.239848 0.003493 -55.011079
5 0.031998 137.597778 0.009053 -106.683544
7 0.00059 1.978457 -0.019725 -266.515895
14 0.082416 16.504307 0.078805 6.160122
9 0.090802 50.415965 0.072011 0.784818
5 0.001199 0.343576 -0.009357 -70.748553
14 0.234882 139.973851 0.146598 -145.9483
15 0.275635 165.662183 0.159853 -214.683602
15 0.172473 108.456184 -0.083954 -1550.295975
6 0.014862 5.50955 0.008364 -42.661985
9 0.09655 88.322619 0.056062 -63.717716
3 0.002633 1.83287 -0.0036 -25.750092
5 0.006268 2.813874 -0.020869 -125.771616
6 0.013564 56.647728 -0.026294 -313.751804
9 0.054568 147.131177 0.008861 -299.100904
9 0.107354 20.010546 -0.027787 -346.193005
5 0.037054 33.74996 0.033979 12.156247
4 0.025474 25.054625 0.010465 -147.116969
5 0.022721 76.779504 0.002611 -162.851619
6 0.047074 158.162598 0.0162 -208.946359
12 0.190122 43.770695 0.134941 -297.830906
15 0.350869 122.999888 0.219293 -353.441342
5 0.003315 22.205273 -0.02135 -224.972911
15 0.155229 12.683064 0.116883 -77.857716
12 0.176283 69.381077 0.102626 -191.672689
9 0.107687 187.300422 0.006972 -457.274609
4 0.01196 89.994687 0.011106 77.929064
4 0.02258 194.25474 0.016767 77.035473
12 0.063894 26.265434 0.06075 15.828336
15 0.0928 36.68986 0.085345 12.414624
16 0.100183 38.740414 0.077628 -28.747249
10 0.142782 210.305028 0.06163 -604.799624
6 0.026575 3.443089 0.026575 3.443089
9 0.097414 127.733273 0.053256 -136.737106
7 0.04693 11.790159 0.031489 -53.683967
10 0.093259 21.354118 0.05844 -115.88407
16 0.144018 71.769795 -1.221848 -5969.790076
4 0.013137 12.234585 0.005747 -35.057619
8 0.058218 96.693171 0.03325 -145.672541
10 0.081635 136.627459 -0.042542 -1065.495335
11 0.168315 253.097753 0.026379 -1121.634222
6 0.019928 14.821767 0.014469 -19.315446
7 0.065539 25.355816 0.056147 -42.376889
10 0.049487 12.596277 -0.093399 -895.007239
9 0.028959 42.329009 -0.041191 -406.635671
9 0.099235 61.643211 0.022868 -242.428096
11 0.020224 22.40339 -0.019865 -356.939801
16 0.074854 97.889457 -0.084795 -1269.970054
11 0.090817 21.986448 -0.442157 -1210.457228
5 0.042184 35.883009 0.042184 35.883009
7 0.109351 308.048504 -0.337843 -3415.838305
8 0.109504 54.796009 0.078118 -156.771826
11 0.172156 86.873179 -0.066341 -874.034359
10 0.114358 78.419996 -0.322592 -1809.227101
16 0.271442 94.480975 0.195331 -249.258935
3 0.005183 22.271737 -9.1e-05 -41.006292
4 0.023461 2.009377 0.009623 -163.379335
5 0.042453 84.253736 0.016719 -222.194035
10 0.158443 199.85556 0.028842 -1328.547811
14 0.008999 9.650362 -0.376785 -3152.714094
3 1358.769231 0.212308 1358.769231 0.212308
5 1238.264739 0.386958 1238.264739 0.386958
12 0.217364 111.947015 0.109141 -1163.871396
4 0.006788 6.942924 0.002715 -36.757464
4 0.001395 7.115202 -0.037351 -639.383598
13 0.09602 41.575309 0.004155 -285.121744
14 0.169021 70.203075 -0.00637 -564.720202
17 0.19674 5.433419 0.14879 -100.781652
11 0.154841 48.08537 0.090693 -143.293973
14 0.253175 495.866703 0.017157 -2271.889153
6 0.013039 83.671629 0.013039 83.671629
8 0.110122 99.18827 -0.000692 -610.021818
14 0.244639 115.576278 0.160356 -391.881077
15 0.052908 81.810432 -0.02338 -577.55961
16 0.352731 2139.637786 0.265797 1387.915581
3 0.000442 0.574122 -0.004832 -33.17416
4 0.004908 6.55989 -0.009843 -87.847348
4 0.006388 6.316819 -0.008173 -144.274009
5 0.012796 61.067545 -0.013933 -214.948975
10 0.082331 126.219229 -0.063975 -1401.787276
11 0.116013 182.074141 -0.052335 -1571.457917
11 0.01016 11.618277 -0.153476 -1690.428626
12 0.186468 276.312408 -0.004759 -1704.287146
12 0.017213 20.067313 -0.168965 -1907.822152
2 1902.857143 0.288312 1902.857143 0.288312
5 0.007159 23.885102 0.007159 23.885102
6 0.047594 144.331139 -0.063835 -981.998795
10 0.151452 1634.466476 0.01008 -946.087235
17 0.043178 7.431067 -0.016615 -207.845895
8 0.071632 11.625587 0.009688 -214.993037
15 0.181876 134.277006 -0.111059 -602.839814
16 0.159446 44.327023 -0.254205 -959.513284
11 0.132901 40.695117 0.10772 -29.351526
12 0.171285 80.962778 0.007904 -1487.497637
12 0.000383 0.059731 -0.107967 -693.38103
13 0.117548 44.25705 -0.055601 -1005.254802
4 0.006259 45.462338 0.001153 3.583069
11 0.063919 48.447687 -0.000778 -373.159882
12 0.205012 183.795608 0.073705 -665.434924
5 0.035274 220.623928 -0.052644 -1211.520588
5 0.029346 25.125746 0.028289 18.579043
9 0.003376 1.300643 -0.003769 -32.985071
15 0.331966 1145.506593 -0.077236 -2832.422474
15 0.16462 82.339216 0.117955 -89.001639
8 0.009536 4.596206 -0.051606 -575.790602
3 0.000903 5.965039 -0.006029 -99.383904
10 0.077906 61.450461 0.069756 8.025623
3 0.001852 8.176205 -0.003696 -58.39886
9 0.078392 66.584936 0.053276 -123.127297
12 0.016828 2.586573 -0.053379 -206.778796
17 0.135361 30.803577 -0.088675 -757.975409
15 0.351595 257.111378 0.216962 -461.734277
16 0.416883 299.090242 0.257048 -1027.482
15 0.065025 17.012778 -0.030298 -291.356208
12 0.213254 132.494289 0.002648 -773.25365
9 493.956213 0.493956 493.956213 0.493956
13 0.206266 259.640948 -0.019409 -663.687964
14 0.027648 5.366621 -0.268877 -1902.134267
15 0.003746 0.998289 -0.017575 -104.572148
7 0.084964 46.5282 0.031558 -295.269353
10 0.170706 93.513875 0.0244 -842.842755
12 0.229439 124.910915 0.039746 -1089.120012
7 0.060534 172.25211 0.037301 -9.386898
8 0.095911 357.078223 0.064973 111.726362
10 0.114127 25.499493 0.104849 -4.403614
14 0.290519 184.569587 -0.047773 -1097.620909
13 0.13161 156.248418 0.116772 93.522766
13 0.255502 204.931263 -0.005312 -1973.700075
4 0.011218 24.221347 -0.021355 -217.324431
10 0.061437 23.252668 0.061437 23.252668
16 0.36481 373.490601 0.215551 -62.945139
5 0.023421 2.637475 0.004552 -64.033246
5 1838.709677 0.229839 1838.709677 0.229839
8 0.050177 212.54082 -0.064225 -488.945686
15 0.21921 23.148243 0.156386 -285.039243
4 0.014607 114.399248 0.014607 114.399248
5 0.000496 0.059051 -0.006963 -26.854553
11 0.118671 115.778725 0.010129 -516.650909
16 0.24211 96.851002 -0.020659 -1090.650161
4 0.003747 2.02827 0.003747 2.02827
15 0.246217 45.717303 0.196727 -113.283879
4 0.019015 157.391004 0.019015 157.391004
8 0.012992 13.973976 0.012992 13.973976
4 0.015562 90.234196 -0.016906 -203.885757
5 0.029483 12.609815 0.003516 -296.511099
6 0.039446 64.407438 -0.068356 -647.5616
10 0.142671 449.871383 0.022937 -814.35279
5 0.0041 3.713271 -0.023286 -235.135111
11 0.063676 15.33314 0.053131 -6.508372
15 0.319435 134.519009 0.287412 40.420812
17 0.149943 282.995761 -0.546511 -4225.118527
3 0.005675 90.803549 0.000508 -11.942106
4 0.028839 329.796227 0.012111 -3.161923
9 0.044878 35.248104 0.035138 -31.298222
11 0.077522 127.836566 0.062483 42.804452
15 0.324152 837.640434 0.224436 -47.287816
3 0.001234 0.822881 -0.001432 -24.777558
4 0.021285 96.271674 -0.024343 -396.41717
5 0.033751 152.590982 -0.054165 -781.487663
4 0.026209 177.66473 0.015886 53.796177
6 3.6e-05 0.289644 -0.044105 -278.553602
7 0.006082 4.874884 -0.046102 -339.887821
10 0.033001 243.006014 -0.096799 -634.491923
14 0.0732 35.46461 -0.232959 -1406.315364
