7 0.163721 -54017.639014 0.174636 55676.680877
13 0.495074 -330.049587 0.330050 4290.644628
13 1.069959 -16905.349794 1.283951 25379.423868
11 0.103970 706.994329 0.623819 1455.576560
11 0.325926 -564.938272 0.651852 2824.691358
6 0.075628 -60172.683029 0.113441 60369.314800
10
15 0.598927 -838212.336081 0.598927 841326.758569
15 0.255534 -91605.843083 0.255534 93573.453140
13 0.588477 1551.440329 0.855967 1444.444444
5 0.305745 -418894.386455 0.315608 425285.444234
4 0.419753 -3555.555556 0.172840 6962.962963
13 0.208778 -70733.075715 0.156584 71343.751794
10 0.056250 -6930.000000 0.303750 9360.000000
8 0.523583 -59035.278404 0.373988 62027.180900
7 0.366805 -6667.924064 0.232482 10387.633769
9 0.009950 -41790.219730 0.268651 43939.431031
2 0.080000 -1408.000000 0.240000 3328.000000
22
14 0.298495 7754.905900 1.432777 2596.908442
11 0.091539 -37104.627270 0.274616 40400.016438
11 0.209194 -15244.059917 0.313791 19009.555785
7 0.160714 -1157.142857 0.482143 5014.285714
8 0.654479 -52106.586526 0.168295 54574.906086
8 0.501527 -756.849176 0.273560 1550.173010
32
15 0.829764 -119922.734526 0.917108 122307.214244
10 0.281250 -5816.250000 0.450000 9348.750000
7 0.218522 -323.413111 0.349636 3068.054110
7 0.888597 -2829.734716 0.309976 3635.671819
13 0.748971 -128.395062 0.213992 962.962963
11 0.386364 -556.818182 0.113636 1000.000000
14 1.201822 -45469.744444 0.499618 46768.750456
9 0.966399 423.374726 0.736304 3405.405405
13 0.332876 1332.693187 0.523091 1701.234568
5 0.022298 -38906.893557 0.096055 39245.828881
4 0.006896 -9042.880234 0.032184 9156.442092
11 0.086914 -260.740741 0.130370 434.567901
7 1.178571 -6225.000000 0.321429 6642.857143
6 1.085571 760.923987 0.245790 1131.656805
6 0.729167 -2500.000000 0.625000 3437.500000
45
16 0.160280 156.273479 0.280491 573.002755
16 0.120601 129.514793 0.220228 443.076923
15 0.486389 2816.823873 0.824746 1966.701353
13 0.760860 1108.001829 0.523091 1925.925926
11 0.154513 -15322.096022 0.154513 16125.563786
9 0.272916 -243.918425 0.358202 1640.905771
5 0.641507 -19550.459011 0.226414 20003.287581
11 0.054321 -82368.000000 0.293333 83306.666667
16 1.353358 -3919.631072 0.357491 6672.310091
5 0.097500 372.000000 0.202500 600.000000
54
