3 0.234866 -887.027765 0.049158 1476.923077
15 0.424667 -17378.977778 0.182000 18665.111111
12 0.356790 -53.855111 0.302935 659.725115
12 0.229167 -4938.541667 1.145833 16225.000000
9 0.146960 -40142.528065 0.734801 47064.353404
5 0.120000 -117048.000000 0.090000 118128.000000
9
3 0.157434 -586.005831 0.026239 795.918367
13 0.169751 2236.939218 0.829893 999.644001
14 1.520773 -223546.465015 0.469023 229174.744898
10 0.562500 -35100.000000 1.012500 44550.000000
9 0.333333 -18222.222222 0.833333 26222.222222
8 0.164062 -4593.750000 0.820312 12468.750000
18
11 0.004520 1838.004438 0.203419 603.024575
15 0.322499 1624.590577 0.524061 1100.529101
15 0.925556 342.222222 0.707778 6533.333333
13 0.195266 -127306.508876 0.683432 133945.562130
12 0.190972 -69878.472222 0.668403 76371.527778
3 0.010933 -15848.396501 0.059038 16793.002915
5 0.044426 -14007.496876 0.033319 14180.758017
16 0.568419 -6694205.298667 0.315552 6697991.925263
13 0.399408 -7732.544379 0.292899 10661.538462
11 0.228733 4647.448015 0.727788 956.521739
30
14 0.253721 -259.690844 0.179097 1298.454221
11 0.873346 6570.888469 1.039698 1434.782609
10 1.088435 4857.142857 0.816327 1428.571429
3 0.016000 464.533333 0.064000 120.000000
14 0.247655 -39851.251397 0.318414 44945.871604
15 0.518105 1091.166221 0.384878 1930.126310
17 0.299694 -416658.716914 0.335333 418804.849897
13 0.216595 -4010.102479 0.278479 5792.370248
16 0.881195 -16074.279785 1.374664 21922.851562
13 0.213992 5649.382716 1.711934 14893.827160
9 0.002843 1352.638541 0.417902 820.452885
15 0.317460 2063.492063 0.634921 1238.095238
13 0.489917 2202.049587 0.928264 1418.181818
42
5 0.515864 -123975.428904 0.046312 126198.405523
7 0.285035 -2738437.876883 0.114014 2740262.102333
2 0.098765 434.567901 0.148148 1343.209877
7 0.030016 -622.686436 0.054574 998.153805
50
13 0.084875 2238.825339 0.414947 499.822001
13 0.079882 2380.473373 0.439349 519.230769
7 0.038265 163.010204 0.229592 514.285714
6 0.293760 635.136000 0.138240 249.600000
3 0.327988 -3468.804665 0.039359 4334.693878
15 0.473211 -550036.869555 0.681423 555488.256726
14 0.754759 -748421.882037 0.377379 751440.916233
13 0.666429 3021.146315 0.666429 2310.288359
12 0.219908 3562.515618 0.659725 1715.285298
59
9 0.368152 809.934259 0.368152 1104.455807
2 0.074074 1037.037037 0.222222 385.185185
8 0.044781 -41788.072303 0.026869 42003.022741
7 0.029106 -9297.462646 0.021829 9472.098631
5 0.090158 -102441.773103 0.270473 106769.346356
14 0.626840 -12250.243962 0.805937 19745.459018
15 0.325666 3542.358171 0.577317 902.983069
67
11 0.162963 2574.814815 0.651852 814.814815
13 0.559417 -8772.671849 0.127140 10298.353909
12 0.162202 -11063.669760 0.091238 11962.368000
11 0.094949 -2967.759573 0.019477 3318.339867
6 1.166667 1600.000000 0.833333 3900.000000
6 0.252617 -38696.404188 0.184342 42014.565316
4 0.421875 -393.750000 0.140625 1125.000000
16 0.234909 -54945.313792 0.822183 57082.989531
9 0.232347 -1165944.977833 0.116174 1167339.060838
7 0.093333 -298.666667 0.186667 933.333333
5 0.021870 -1592.618666 0.007719 1716.117367
76
16 0.201874 -73943.237305 0.874786 84440.673828
11 0.339039 1869.797636 0.457702 2310.547759
8 0.478730 -593.853043 0.102585 1530.795848
5 0.518303 -30011.199037 0.207321 31906.705539
4 0.450569 -17672.432083 0.096551 18555.180134
12 0.343750 -366.666667 0.458333 4950.000000
13 0.252491 -7856.321662 0.058719 8271.268228
12 0.250906 -7399.941120 0.034214 7577.856000
11 0.114106 -69026.483847 0.038035 69224.267468
10 0.106313 -48095.775000 0.035438 48280.050000
9 0.097222 -41287.037037 0.032407 41455.555556
8 0.057678 -36441.101074 0.028839 36591.064453
8 0.558518 1345.003053 0.410340 1937.716263
8 0.149595 2070.590200 0.448785 1519.692796
7 0.842101 -1555.389725 0.206651 4035.196195
6 0.027435 685.871056 0.219479 1069.958848
9 0.007251 -4846513.599497 0.247995 4849489.543512
6 0.036580 -1571068.129858 0.073160 1571946.044810
84
14 0.530612 1326.530612 0.397959 1857.142857
4 0.082758 -483188.697453 0.010345 483312.833898
13 0.223471 4613.818182 0.721983 945.454545
12 0.049755 -4903.815275 0.268675 6623.334916
11 1.068182 22.727273 0.681818 3500.000000
16 0.237122 -25993.652344 0.583191 31992.187500
4 0.781600 -15832.281702 0.381030 19349.480969
10 0.325000 4200.000000 0.675000 3900.000000
94
8 0.056098 243.092078 0.149595 534.802571
13 0.337278 2886.390533 0.585799 1800.000000
104
12 0.520599 -359.034076 0.359034 1759.266972
2 1.209877 -7703.703704 0.345679 12444.444444
13 0.166438 1792.775492 0.261545 1241.152263
9 0.719247 772.408347 0.437802 1504.163623
8 0.719927 668.503214 0.411387 1470.707071
6 0.256031 -5441.169777 0.409650 9652.366864
112
12 0.119358 -30392.361111 0.644531 38986.111111
7 0.512755 -8595.918367 0.344388 12728.571429
14 0.729592 11328.571429 1.591837 928.571429
3 0.244898 2583.673469 0.612245 2485.714286
2 0.560000 560.000000 0.240000 2320.000000
12 0.633600 6006.528000 0.633600 2787.840000
11 0.714227 2509.513438 0.325471 2510.869565
6 0.109739 1477.823503 0.219479 658.436214
125
11 0.065006 -8146256.726141 0.274616 8151199.809892
11 1.159091 1431.818182 0.340909 1500.000000
7 0.536667 -128915.111111 0.210000 132695.111111
7 0.234204 -4367.214728 0.464964 11186.682521
3 0.085333 -187.733333 0.021333 352.000000
14 0.310249 787.688520 0.672207 982.456140
14 0.635586 -16992.991494 0.873931 19265.211968
17 0.629758 67.820069 0.311419 2776.470588
3 0.133333 -405.333333 0.240000 1941.333333
135
15 0.433359 5126.732174 1.048123 952.380952
15 0.423280 -2428.571429 0.687831 5111.111111
13 0.641281 1863.487308 0.691578 1732.716269
11 0.199185 159.348121 0.398370 1394.296062
10 0.202500 4725.000000 0.810000 1755.000000
16 0.322266 2862.304688 0.615234 1875.000000
13 0.359467 3115.384615 1.025148 692.307692
13 0.249657 1883.127572 0.392318 2824.691358
146
14 0.246259 3537.168396 0.402969 1298.454221
12 1.224960 1875.456000 0.887040 3801.600000
16 0.447447 7483.543013 1.370305 3635.502959
5 0.721262 -16940.646131 0.270473 22214.876033
10 0.340136 5442.176871 0.612245 1904.761905
15 0.458893 7123.204145 1.347073 1805.966138
7 0.093333 1110.666667 0.373333 466.666667
15 0.326667 1432.666667 0.606667 933.333333
158
10 0.204082 591.836735 0.408163 1775.510204
7 0.270783 -19104.782965 0.142518 20005.494280
6 0.130208 -1153.645833 0.078125 1458.333333
15 1.505637 -2274.388415 1.464045 14093.222474
13 0.670621 -365.488289 1.106524 8885.724457
12 0.337920 2213.376000 0.506880 1689.600000
9 0.043508 -780750.117019 0.139225 781822.152991
6 0.042541 -407350.232835 0.056721 408711.529708
169
15 0.113571 -654537.893653 0.681423 659887.067315
13 0.047554 6085.688157 0.915409 962.962963
6 0.034722 -9694.444444 0.104167 10944.444444
5 0.233591 -23997.677754 0.036883 24440.270473
5 0.066000 -8808.000000 0.054000 9456.000000
4 0.054870 -2927.846365 0.010974 3055.144033
16 1.034720 1708.686391 0.783031 2363.076923
10 0.544218 3306.122449 0.408163 1428.571429
15 0.432988 -2309.268177 0.288659 2886.585221
11 0.099593 139.429606 0.597555 1593.481213
10 0.459184 428.571429 0.306122 459.183673
12 1.083333 2766.666667 0.916667 2000.000000
14 0.389913 4359.230496 1.701440 2718.758977
13 0.300826 7163.107438 2.062810 1418.181818
9 0.172840 -3063256.790124 0.172840 3066022.222222
179
16 0.439453 3714.843750 1.435547 12937.500000
15 0.648518 11444.933033 1.099661 1311.134235
13 0.578790 -9039077.918339 0.196159 9042608.782537
8 0.030762 -9185.449219 0.276855 10625.097656
3 0.393264 -3526.263086 0.032772 3919.526627
15 0.364000 -128813.200000 0.364000 131616.000000
16 0.319188 380.472332 0.536236 1710.848741
12 0.870658 -1780.360224 0.448793 5343.773428
3 0.002731 -771.233500 0.008193 836.777424
188
7 0.074667 -93109.333333 0.149333 94901.333333
6 0.014180 -66181.716326 0.085081 67202.688981
5 0.018441 -523768.321836 0.036883 524432.210915
13 0.320988 3017.283951 0.641975 1925.925926
10 0.765306 -2642.857143 0.306122 5000.000000
9 0.313272 -3975.308642 0.291667 5841.975309
6 0.080640 952.704000 0.207360 374.400000
5 0.097182 765.792031 0.174927 353.741497
14 0.471724 5972.027020 1.320827 896.275777
15 1.031746 -44.973545 0.634921 2500.000000
8 0.883546 -1977.460556 0.504884 6016.528926
8 0.211914 2439.062500 0.553711 1990.625000
7 0.233418 2182.653061 0.516582 1950.000000
10 0.146025 204.434830 0.438075 671.714440
5 0.116618 25.915128 0.155491 580.498866
197
197
