16 0.133567 7354.203189 0.747976 1322.314050
13 0.441629 -5391709.588580 0.278479 5394382.990233
14 0.559630 3551.785714 1.007334 522.321429
9
12 0.463596 -25624.214269 0.252871 28658.660696
11 0.219113 -2834014.942780 0.175290 2836118.424545
11 1.289225 3747.069943 0.623819 1243.478261
17 0.238754 -2723.875433 0.467128 8329.411765
15 0.028196 7911.919707 1.282938 1966.701353
14 0.149822 7825.683710 1.298454 2172.413793
11 0.253197 -14326.642254 0.051938 14726.563478
19
16 0.302959 810.414201 0.681657 984.615385
10 0.166568 703.747769 0.321237 243.902439
3 0.286755 -383.431953 0.032772 553.846154
16 0.644531 3861.328125 1.230469 937.500000
16 0.179443 -41200.195312 0.230713 43968.750000
11 0.158045 -5097306.299735 0.257457 5100395.788577
6 0.151255 -200643.534890 0.151255 202458.597388
4 0.136463 -420.935997 0.062983 1176.731302
10 0.393750 -2047.500000 0.506250 4021.875000
13 0.582533 7772.656607 0.915409 962.962963
11 0.217284 2042.469136 0.434568 1303.703704
29
10 0.048591 -2228880.466472 0.262391 2233603.498542
16 0.497934 746.900383 0.357491 1112.051682
12 0.253440 -0.000000 0.380160 5068.800000
10 0.692266 2695.511087 1.168199 1860.465116
14 1.014884 -298.495223 0.716389 1731.272295
13 0.079256 1049.352233 0.348727 641.975309
7 0.565993 1112.009512 0.399524 965.517241
11 0.454545 -340.909091 0.454545 1250.000000
40
16 0.974121 -292810.546875 0.666504 298142.578125
5 0.211023 -735.989634 0.022213 808.551992
3 0.037333 -10555.733333 0.048000 11131.733333
50
14 0.672207 -2240.689443 0.448138 5825.792552
12 0.219908 87.963349 0.439817 3430.570596
7 0.497778 -389541.333333 0.497778 393523.555556
5 0.236706 -75214.103723 0.078902 75845.319306
5 0.336897 -1679.300292 0.025915 1886.621315
5 0.503000 -4929.727953 0.177529 7296.786389
14 0.649227 -98196.498421 0.335807 102226.183935
13 0.314703 2780.491278 0.666429 2550.943396
11 0.155660 -2740813.626309 0.311320 2742619.280234
10 0.113575 2858.842618 0.584100 1813.953488
15 0.212793 2558.328671 0.577317 790.110185
10 0.157500 -7830.000000 0.202500 10260.000000
13 0.121103 -1227629.836140 0.329512 1231583.978152
16 0.134583 -42472.320557 0.583191 46962.890625
11 0.443182 -618.181818 0.056818 1300.000000
14 0.173693 -28741.698420 0.229275 31493.000943
60
13 0.158323 160.063246 0.487149 1106.524178
7 0.149822 1967.657551 0.449465 908.917955
2 0.060000 1068.000000 0.180000 1092.000000
10 0.154408 -1252022.684155 0.188041 1254279.180723
5 0.177529 -1234.815485 0.355059 3116.626942
14 0.165816 -142.602041 0.298469 928.571429
3 0.972222 -47588.888889 0.194444 50366.666667
70
12 0.534722 794.444444 0.381944 1191.666667
11 0.537190 752.066116 0.371901 1181.818182
6 0.191170 -158.397815 0.163860 1420.118343
5 0.150263 -207.362885 0.180316 991.735537
13 0.019374 -57664.001084 0.678081 63398.628258
12 0.167270 -1150082.462720 0.106445 1151317.222400
12 0.184923 1654.310704 0.549771 489.795918
10 0.410470 765.020821 0.321237 487.804878
6 0.391680 -4331.520000 0.184320 6912.000000
6 0.912000 -3110.400000 0.432000 8294.400000
4 0.207612 -1735.640138 0.373702 6220.069204
79
14 0.744380 -518.939132 0.510432 2509.623671
13 0.577587 99.014876 0.660099 2475.371901
3 0.145833 -791.666667 0.104167 1625.000000
5 0.108000 -3837.600000 0.027000 3978.000000
2 0.540000 -1620.000000 0.060000 2340.000000
88
16 0.478818 -1023952.416729 0.331489 1025875.054072
13 0.081575 -609599.634561 0.278479 611381.902329
16 0.936412 -952930.112821 0.832367 955094.265972
11 0.068182 3525.000000 0.681818 975.000000
15 0.470312 7889.140842 1.222810 2539.682540
14 0.620499 3278.301016 1.344414 1964.912281
17 0.121714 1483.415066 0.335333 662.717916
15 0.199642 -760676.552808 0.798570 762752.834467
3 0.150205 49.704142 0.098316 248.520710
97
15 1.010979 2713.679494 0.638513 4948.474371
5 0.399563 -34473.191722 0.073765 35358.377160
5 0.432000 -30788.000000 0.108000 32084.000000
15 0.163333 633.888889 0.303333 933.333333
15 0.614864 -109717.483414 0.851350 125041.791145
13 0.106346 -368209.901272 0.311210 371944.420372
11 0.171776 168.159776 0.244103 1247.637051
16 0.560982 13912.346607 1.495951 13014.775858
17 1.128937 -463195.599300 0.645107 466937.220302
14 1.037793 -7453.240673 0.754759 8962.757772
13 0.142012 2861.538462 0.781065 1200.000000
11 0.244444 1042.962963 0.488889 244.444444
9 0.543210 1609.876543 0.345679 1155.555556
13 0.079636 11355.285235 1.475366 1332.858669
6 0.932785 -362.139918 0.219479 2995.884774
6 0.105826 2.730997 0.027310 266.272189
111
12 0.295680 5495.424000 0.760320 2175.360000
4 0.216797 -9168.750000 0.158203 11700.000000
9 0.784633 4468.994926 0.477603 1262.235208
14 1.459184 5415.561224 1.094388 3250.000000
15 0.486389 1761.572287 0.824746 4588.969823
12 0.079834 -609562.122240 0.285120 612299.274240
10 0.371250 216.000000 0.303750 2700.000000
120
16 0.392173 -7182.363304 0.546241 9866.745577
16 1.307373 -22676.513672 0.333252 24609.375000
10 0.540000 -223560.000000 0.540000 230040.000000
15 0.777158 -1554.315119 0.577317 2708.949207
5 0.144654 -2344.374127 0.157804 3606.805293
5 0.596048 -741.172660 0.310982 2358.276644
4 0.073480 -1399.271031 0.125966 2054.293629
3 0.117333 -2050.133333 0.042667 2272.000000
8 0.382002 219.651056 0.102847 315.151515
16 0.110114 1859.699590 0.685152 6362.130178
15 0.925926 -4444.444444 0.740741 13333.333333
15 0.425675 -1420311.553284 0.425675 1427973.707149
12 0.435850 -585.114323 0.477644 1826.989619
10 0.315000 -205386.900000 0.063000 205872.000000
132
14 0.486920 -21343.341260 1.136147 34977.110583
14 0.504155 -18345.644814 1.008310 30445.367805
11 0.099593 2071.525577 0.497963 298.777727
17 0.333554 -1243844.087116 0.350346 1247207.408915
13 0.440095 1697.508682 0.726156 999.644001
11 0.077479 -59293.388430 0.340909 63384.297521
142
16 0.783031 -61037.298134 1.174547 67144.943104
10 0.195750 -2869.425000 0.141750 3422.250000
9 0.058821 -1753.664087 0.094114 2120.710059
14 0.330207 2028.413601 0.566069 2330.317021
13 0.335310 1949.829725 0.553262 2310.288359
16 0.530993 -5508278.940373 0.330341 5510921.671370
10 0.630000 -2520.000000 0.270000 4680.000000
5 0.360000 -2760.000000 0.090000 4200.000000
14 0.009310 -1094754.905196 0.318414 1098575.870351
5 0.560000 -12160.000000 0.240000 16000.000000
16 0.220993 -1001889.038140 0.589314 1005307.060082
15 0.780437 7780.957336 1.638918 4838.709677
14 0.649227 -584.304400 0.973841 12270.392390
13 0.165025 907.636364 0.247537 1072.661157
153
11 0.108642 1477.530864 1.086420 5084.444444
16 0.576782 -22532.348633 0.807495 32222.290039
15 0.037008 5947.685543 0.618559 1475.026015
5 0.179803 -457571.135851 0.041493 458069.052660
161
14 0.449286 4210.531749 1.276080 1097.960356
11 0.253961 946.129470 0.448167 234.042553
11 0.351517 -1780731.786008 0.865273 1791115.061728
9 0.550296 143.195266 0.142012 230.769231
3 0.733333 197.333333 0.266667 1280.000000
12 0.286587 549.290997 0.119411 405.997693
12 0.159933 724.698042 0.329863 979.591837
11 0.552739 303.757356 0.149389 468.085106
8 0.038249 -55366.117979 0.038249 55672.108007
16 0.139477 -90579.947201 0.330341 92694.131998
12 0.802083 -229.166667 0.572917 1375.000000
16 1.307373 -14673.339844 0.333252 16406.250000
15 0.080889 -7255.733333 0.323556 8938.222222
170
12 0.326400 4120.320000 0.633600 1392.000000
15 0.062222 259.777778 0.404444 933.333333
9 0.461219 12939.058172 1.196676 1421.052632
9 0.615385 -42.603550 0.142012 1136.094675
8 0.629758 5615.916955 1.017301 705.882353
7 0.032066 -148275.825308 0.053444 148470.361851
16 0.469819 -287424.943832 0.626425 288677.794083
180
13 0.054152 -316704.297697 0.311210 318696.041217
9 0.062327 10864.819945 1.595568 1421.052632
8 0.056098 314.149762 0.149595 411.386593
7 0.092993 475.296240 0.206651 599.286564
5 0.023156 -32086.191802 0.046312 32456.687905
11 0.941374 -104327.479339 0.313791 107339.876033
8 0.615234 -2455.468750 0.369141 4375.000000
14 0.377379 -24199.445983 0.566069 28727.997279
13 0.519731 -603.558642 0.368841 3554.289783
9 0.261544 407.099283 0.159201 420.745069
8 0.336589 -22.439269 0.074798 411.386593
5 0.029588 -11823.456892 0.088765 13421.221336
5 0.033809 -13510.142750 0.101427 15335.837716
192
13 0.266272 415.384615 0.195266 600.000000
12 0.080566 -1019951.904297 0.161133 1022207.763672
14 0.211416 -842411.516035 0.335778 844560.495627
16 0.294657 -1374750.783568 0.883971 1385358.437872
13 0.249657 1736.899863 0.392318 1283.950617
13 0.106509 1456.508876 0.585799 1384.615385
16 0.520229 -62248.697033 0.728321 64953.888471
12 0.403200 1713.600000 0.316800 2088.000000
203
203
