13 0.346154 -346.153846 0.692308 1038.461538
13 0.660099 4323.649587 0.990149 3300.495868
14 0.216409 2272.294887 1.082045 1947.681332
15 0.786092 -79406.567565 0.786092 81450.407323
10 0.748299 -1108.843537 0.204082 1904.761905
14 0.898961 -5152695.809038 0.820791 5154829.865161
8 0.220993 -1737867.586458 0.050998 1738275.573162
7 0.128266 -446785.088246 0.042755 447127.130518
7 0.360787 -18131.195335 0.098397 18826.530612
5 0.306000 -12488.400000 0.054000 12870.000000
4 0.186557 -7596.159122 0.010974 7683.950617
14
4 0.099723 2273.684211 0.299169 3111.357341
2 0.120000 -24.000000 0.120000 2184.000000
11 0.528305 -92416.211634 0.272674 94683.297535
11 0.705776 -101645.863187 0.148584 102881.236131
7 0.413265 -238.775510 0.229592 835.714286
4 0.006630 -79549.444832 0.019889 79708.559634
12 0.824656 3958.350687 0.824656 329.862557
12 0.501527 -680.643192 0.716467 2435.986159
22
15 1.132444 -3675185.777778 1.132444 3678130.133333
14 1.019586 -3238246.637377 1.019586 3239572.099320
9 0.679012 -3224.691358 0.432099 5955.555556
8 0.752290 -2685.446774 0.410340 3875.432526
14 1.094388 2273.341837 0.820791 1218.750000
7 0.397570 -2960.625692 0.126884 5244.536941
7 0.056000 -1008592.800000 0.130667 1008859.733333
6 0.420668 -3621.399177 0.073160 4938.271605
15 0.202222 -10313.333333 0.808889 11931.111111
14 0.310249 1639.150508 0.672207 982.456140
13 0.536846 751.584194 0.444286 981.132075
16 0.022666 13202.984010 1.473285 5227.815344
33
12 0.246783 -227.677138 0.159215 1055.594002
9 0.313154 503.231680 0.254893 1107.692308
9 0.129630 -10602.469136 0.129630 11639.506173
8 0.261791 172.034394 0.149595 411.386593
8 0.207642 -10233.007812 0.038452 10540.625000
11 0.334511 -329.086874 0.081368 540.642722
10 0.079238 -50.259726 0.018112 97.349919
2 0.080000 792.000000 0.240000 2088.000000
43
11 0.238796 -10003.973685 0.127358 10984.630558
15 0.110859 944.318468 0.524061 1269.841270
15 0.692222 3213.777778 0.707778 466.666667
15 0.324259 1308.314592 0.549830 5069.719043
15 1.282938 -44623.325837 0.549830 45173.156322
11 0.748582 -361.814745 0.207940 2773.913043
12 0.059679 -16748.263889 0.322266 19326.388889
53
17 1.318950 -103982.088337 0.341950 105965.397924
14 0.992507 -3490.787276 0.680576 4851.939098
13 0.087182 -8981.908246 0.108977 9406.919677
12 0.057024 -124400.136960 0.102643 124800.445440
6 0.143770 -13352.140800 0.132710 14413.824000
63
13 0.264057 -1041.557796 1.290945 2332.502670
11 0.501767 -5605.325881 0.122051 7069.943289
13 0.371306 -742.611570 0.247537 1237.685950
16 0.888221 1954.086318 0.654479 3085.399449
15 0.888188 -1179.315901 0.641469 6118.626431
16 1.172962 -54894.611024 0.883971 58342.098673
11 1.012575 -4115.394099 0.650941 6654.064272
9 0.267678 212.567430 0.330660 2333.518006
5 0.185950 -568.181818 0.041322 886.363636
4 0.087891 -91.406250 0.052734 365.625000
71
15 1.015072 -496.257259 0.733107 2622.268470
14 0.022387 -129.845422 0.626840 1947.681332
13 0.330050 -1798.770248 1.320198 11964.297521
11 0.681818 170.454545 0.852273 681.818182
2 0.370370 -562.962963 0.074074 1155.555556
7 0.054665 -3709.548105 0.098397 3880.102041
5 0.098354 -466012.977256 0.012294 466160.508162
13 0.433190 680.727273 0.185653 804.495868
11 0.243864 -1103616.720847 0.171638 1104165.963308
11 0.318182 1122.727273 0.681818 650.000000
11 0.340909 454.545455 0.681818 227.272727
10 0.187885 -1128511.175899 0.174927 1129070.942663
80
14 0.287302 -2363.709049 0.470130 5983.709869
13 0.507240 -3027.587258 0.348727 5050.205761
9 0.238801 -23498.043551 0.238801 24739.810080
3 0.073737 -110212.653619 0.098316 111392.444242
8 1.093750 -568.750000 0.656250 2275.000000
10 0.843750 -354.375000 0.168750 1012.500000
4 0.345679 -1708.641975 0.098765 2696.296296
4 0.381030 -795.766334 0.117240 1968.166090
3 0.360492 -1027.401001 0.065544 1682.840237
4 0.153635 -5440.877915 0.043896 5728.395062
16 0.499878 -77097.290039 1.166382 78413.635254
91
15 0.070946 -11915.358720 0.478885 12921.016414
9 0.257180 -31428.721388 0.330660 35264.382563
6 0.398313 -9729.512778 0.113804 10194.482548
4 0.029297 -6771.875000 0.158203 8037.500000
16 0.092080 -199246.560268 0.386737 202224.438221
15 0.054590 -9942609.917336 0.294785 9944968.193980
13 0.165025 -1270.690909 0.660099 6353.454545
9 0.138889 197.222222 0.194444 1300.000000
7 0.008459 449.169212 0.253768 1022.684703
16 0.441986 -2607509.459736 1.178628 2612106.109935
15 0.425675 -1775140.102932 1.135134 1779567.125166
5 0.473328 -93927.873779 0.338092 97984.973704
10 0.502975 109.248242 0.194700 465.116279
12 0.314155 -3138.845209 0.942464 5589.252777
4 0.187500 431.250000 0.281250 468.750000
7 0.237245 168.367347 0.191327 428.571429
5 0.100000 -282.000000 0.150000 750.000000
3 0.068275 51.342740 0.073737 184.615385
2 0.375000 975.000000 0.375000 975.000000
103
7 0.051663 199.106154 0.154988 1660.748698
15 0.529101 2793.650794 1.587302 3809.523810
10 0.349854 -8912.536443 0.262391 12061.224490
17 0.983106 -2401660.289029 0.897619 2402827.193161
16 0.847139 -2045806.767904 0.773475 2046812.285135
3 0.072157 -47576.676385 0.059038 48285.131195
10 0.550000 -845.000000 0.450000 2600.000000
113
8 0.427437 -1649.053531 0.153877 2833.910035
3 0.019679 -766.180758 0.059038 955.102041
3 0.031250 -1216.666667 0.093750 1516.666667
15 0.777158 448.530934 0.577317 677.237302
122
14 0.331633 689.795918 0.596939 2414.285714
4 0.033241 -1941.274238 0.099723 3137.950139
10 0.263250 -960.862500 0.141750 1194.750000
11 0.247934 -278.925620 0.092975 1022.727273
10 0.086030 -216.886563 0.108670 564.629529
9 0.512783 433.893353 0.946676 1459.459459
8 0.028049 869.521663 0.897571 925.619835
4 0.043678 -158668.445062 0.006896 158751.202692
3 0.117333 -730.666667 0.042667 1242.666667
15 0.246719 12860.394079 1.282938 2534.859521
12 0.489600 6054.720000 0.950400 2784.000000
8 0.016999 -124156.227944 0.050998 124564.214648
9 0.559354 -42229.312850 0.077449 42848.905297
7 0.131195 -7983312.682216 0.393586 7988035.714285
6 0.100837 -34593.746718 0.226883 37316.340464
5 0.378000 -52566.000000 0.162000 54510.000000
134
14 0.512974 -5562191.949169 0.302226 5564126.198216
13 0.226334 3088.208387 1.106524 2665.717337
12 0.604748 1825.239484 1.154519 4178.259059
12 0.770833 -808.333333 0.229167 2000.000000
16 0.320561 -1947.407964 0.560982 5201.101928
12 0.343750 401.041667 0.572917 1833.333333
14 0.574603 6066.169175 0.940260 3484.185493
10 0.506250 4927.500000 1.012500 1350.000000
144
13 0.166607 -216.589534 0.166607 433.179067
6 0.429813 -3145.861911 0.146319 4609.053498
2 1.037037 -296.296296 0.296296 2666.666667
11 0.814815 1075.555556 0.651852 1466.666667
13 0.326612 379.900826 0.618843 1229.090909
11 0.169307 168.311453 0.298778 608.510638
5 0.207118 -96.161749 0.133147 442.344045
16 0.541857 -11230.471507 0.580106 14305.033809
156
14 0.331633 470.918367 0.596939 1857.142857
7 0.560000 1474.666667 0.373333 933.333333
5 0.200000 1110.000000 0.300000 825.000000
16 0.875052 -92232.088130 0.554911 93841.330217
14 0.064635 1010.895660 0.672207 736.842105
11 0.054321 1488.395062 0.434568 488.888889
15 0.429996 4407.102816 1.099661 1311.134235
164
15 0.395055 1027.143241 1.185165 2054.286482
11 0.651852 -8050.370370 0.869136 10310.123457
6 0.368685 79.881657 0.163860 346.153846
13 0.335310 -1396.567636 0.553262 3554.289783
12 0.464640 2264.064000 1.013760 1689.600000
10 0.266392 -1693.939438 0.376083 4176.085663
11 0.615950 -110314.698030 0.642731 113656.896834
8 0.130896 -706.836965 0.074798 1604.407713
7 0.130879 307.220468 0.068884 519.381688
12 1.167243 -6206.689735 0.456747 9723.644752
9 0.710059 1320.710059 0.426036 1959.763314
8 0.274286 -672.000000 0.411429 3840.000000
5 0.275000 -6500.000000 0.225000 9200.000000
175
15 0.458893 5198.813998 1.347073 1805.966138
13 0.577587 808.621488 0.866380 1443.966942
11 0.876415 1653.236759 0.995926 936.170213
10 0.292050 934.559221 0.730124 2190.373175
15 0.227141 -5075513.355671 0.454282 5077875.623445
185
14 1.029809 -491.024642 0.268646 3159.571938
14 0.436345 -22138.011696 0.318414 23156.935737
13 0.106346 -580470.237847 0.311210 581466.109607
15 0.127765 -14173.995502 0.309280 17143.080125
14 0.671614 77.235639 0.302226 2824.137931
6 0.781250 -9822.916667 0.625000 14729.166667
13 0.588018 1828.402367 0.219675 807.692308
10 0.540833 -1081.665765 0.389400 1860.465116
10 0.553936 -205230.320700 0.262391 208379.008746
13 1.364198 -192.592593 0.320988 1444.444444
11 0.092708 -11748.543210 0.278123 13542.439506
194
14 0.189249 -1040786.140415 0.191412 1042317.436214
13 0.239645 4544.378698 0.683432 923.076923
12 0.324403 -4530.493440 0.182477 5068.800000
9 0.087016 -51281.558613 0.104419 51485.175835
3 0.483386 -4394.720073 0.049158 4984.615385
11 0.318395 -82037.571335 0.169811 83345.113832
11 0.263430 268.078512 0.418388 1363.636364
7 0.311070 -33517.513949 0.196465 34312.107684
5 0.025729 -92728.685218 0.005146 92748.753757
202
202
