7 0.030998 27.553405 0.068884 799.048751
11 0.336066 -19247.249383 0.185416 19970.370370
15 0.124155 -18773.775041 0.425675 23711.607532
13 0.130773 -1216.186557 0.915409 6277.091907
12 0.608997 4648.673587 0.811995 1847.289504
14 0.459931 -5144.151237 0.212276 7125.392428
7 0.285867 1159.309525 0.413301 5453.507729
10
15 0.925556 -693.000000 0.707778 3453.333333
8 0.051270 -20704.687500 0.276855 23362.500000
7 0.380047 -1459539.979160 0.228028 1462276.317334
6 0.235930 -28291.891200 0.132710 29884.416000
16 0.548122 -2019267.175239 2.192488 2045577.030496
9 0.411357 882.548476 0.299169 1421.052632
20
9 0.392316 -176.258070 0.238801 1640.905771
8 0.512925 -400.081417 0.068390 755.709343
3 0.376093 -629.737609 0.052478 2204.081633
6 0.080354 -6464.129407 0.042541 7229.858898
10 0.168750 1856.250000 1.181250 506.250000
4 0.162061 -5653.584610 0.061878 6494.241143
11 0.325926 2053.333333 0.651852 488.888889
10 0.774271 -84.219000 0.978027 2920.497566
30
14 0.290179 -2321.428571 0.522321 6500.000000
12 0.043276 -376036.765536 0.302935 377975.549546
11 0.123852 -237949.274074 0.293333 239826.607407
13 0.772189 -118.491124 0.439349 1817.307692
14 0.424552 -11094.950673 0.424552 14491.364144
11 0.103970 249.527410 0.311909 3493.383743
13 0.879744 3927.937814 1.046182 2139.917695
5 0.192512 -5862.742376 0.118469 6561.710398
41
15 0.855556 7155.555556 1.011111 933.333333
11 0.061026 -22555.108079 0.183077 24752.034191
8 0.131248 -3870191.568588 0.230816 3874346.260222
15 1.141956 3863.616528 0.824746 5703.433923
13 0.075445 -2460.339744 0.368841 6886.436454
12 0.520599 -10674.083078 0.359034 13546.355685
9 0.083657 -37360.932740 0.167314 38013.458913
17 0.875433 11474.048443 1.712803 2352.941176
15 0.400000 1945.000000 0.350000 750.000000
11 0.162963 325.925926 0.488889 651.851852
10 0.056250 -2952.000000 0.303750 4896.000000
15 0.202222 -45377.333333 1.617778 58319.555556
14 0.389172 4237.261668 2.075586 4593.413358
13 0.380430 2070.964792 0.261545 962.962963
6 0.815923 -924.057600 0.044237 1277.952000
4 0.126435 -120.458328 0.010345 203.215958
52
13 0.701183 4082.840237 0.683432 1384.615385
8 0.147079 -79017.102051 0.129776 80574.414062
15 0.325666 445.570334 0.577317 1805.966138
14 0.245171 -991.877733 0.351767 2029.591837
11 0.249527 17092.627599 1.663516 2869.565217
3 0.104167 -14438.888889 0.062500 15188.888889
62
13 1.310700 -1423.045267 0.374486 3370.370370
13 0.692308 3392.307692 1.384615 692.307692
9 0.245255 -35276.754132 0.232347 38064.920143
9 0.361429 -11178.480397 0.116174 12417.665291
8 0.171981 -22067.839226 0.135774 23697.130063
5 0.038873 -43319.727891 0.233236 47051.506317
7 0.093333 392.000000 0.093333 728.000000
70
15 0.728000 -2284849.600000 0.728000 2289072.000000
9 0.177772 -5235.895102 0.094114 6729.176149
6 0.072476 -5431.322433 0.009453 5571.233500
14 0.292435 3707.720848 1.276080 2927.894283
6 0.396281 -894.985520 0.097546 1646.090535
12 1.203125 -2348.958333 0.687500 3723.958333
16 0.856377 -63808.903137 1.109822 66028.547394
16 0.367309 -29234.159780 2.056933 53917.355372
15 0.387701 -17392.266121 2.016045 41584.807492
12 0.114583 -6519.791667 1.718750 25082.291667
7 0.065488 -321007.695548 0.130977 323103.327374
4 0.099723 -718.005540 0.199446 3111.357341
3 0.493333 -1840.000000 0.106667 3120.000000
79
9 0.083657 -8274.388152 0.501943 9278.274570
6 0.061447 -61289.030496 0.184342 64607.191625
17 1.051903 -57757.785467 0.830450 72705.882353
17 0.311034 -184958.333615 0.483830 191409.404309
14 0.253774 -194678.543191 1.015096 199957.043815
13 0.252959 1384.615385 0.439349 900.000000
10 0.978027 2593.582955 0.579572 3115.197404
9 0.971021 2326.566530 0.543772 3029.585799
11 0.000000 4262.562245 1.195111 398.370303
89
13 0.145303 -6149433.961625 0.290606 6154664.871547
12 0.443520 -5892.480000 0.190080 10074.240000
5 0.033000 -602.700000 0.027000 708.000000
14 0.241241 -613613.691305 0.302226 616031.502614
12 0.248264 -2413.888889 0.095486 3941.666667
12 0.312500 3300.000000 0.687500 7700.000000
8 0.072413 -10100.219107 0.201147 11693.303481
10 0.157500 -12783.750000 0.472500 14626.500000
9 0.151235 -1208966.666667 0.194444 1212466.666667
99
13 0.198339 -6066.049053 0.078292 6473.166439
11 0.189858 387.852388 0.122051 1809.073724
9 0.137775 -114090.800408 0.110220 116074.763085
6 0.176947 -1064485.329920 0.176947 1066254.801920
16 0.233742 14385.174055 1.308957 1322.314050
15 1.325232 6714.276124 0.641469 983.350676
14 0.268646 1074.582804 0.626840 6447.496822
8 0.113145 -200973.024748 0.067887 201787.670167
9 0.092817 -4715.682047 0.017403 4849.686543
5 0.050000 2100.000000 0.450000 6000.000000
7 0.018667 -1.244444 0.074667 217.777778
4 0.167955 -19090.829567 0.125966 20602.420178
107
12 1.267200 -1224.960000 0.633600 4899.840000
12 0.059679 -19784.722222 0.322266 21847.222222
7 0.480749 1101.352758 0.393340 2045.369407
9 0.398892 114.681440 0.199446 1421.052632
8 0.022797 51.862406 0.025646 96.885813
15 0.485333 -269057.244444 1.132444 273263.466667
3 0.042667 -14714.311111 0.042667 15396.977778
117
13 0.270369 -4832.840237 0.168980 5711.538462
4 0.190515 -1750.783635 0.058620 2125.951557
12 0.129142 -1826056.797451 0.134638 1827672.450792
11 0.113208 -5253.835240 0.058430 5721.275633
13 0.175939 -501193.459258 0.311210 503185.202778
12 0.068486 -494934.687085 0.268675 496654.206726
9 0.042482 -5247.397967 0.229404 6715.581854
9 0.172840 -8477.777778 0.345679 10154.320988
126
4 0.193101 -7557.840543 0.041379 7773.010381
7 0.024109 190.118496 0.275534 3116.290131
4 0.066482 -2659.279778 0.199446 5850.415512
5 0.400000 2800.000000 0.600000 2000.000000
3 0.147474 -4432.954028 0.349568 7753.846154
134
14 0.463448 -7317.185514 0.291310 8453.295751
15 0.121333 -24234.666667 0.970667 26758.400000
3 0.003556 -3768.888889 0.032000 4152.888889
4 0.272926 -562.647616 0.125966 2074.238227
11 0.467440 -1140.271669 0.623254 5939.326362
15 0.323556 -12723.822222 0.485333 15247.555556
11 0.506287 -2484.425084 0.325471 4990.548204
143
6 0.022118 -1515.965440 0.066355 2312.227840
4 0.622837 -4017.993080 0.083045 4682.352941
15 0.295624 -920.131015 1.397497 6370.370370
14 0.000000 -43080.455159 0.510432 51247.366089
6 0.572917 -6736.111111 0.156250 9027.777778
5 0.661157 1000.000000 0.247934 909.090909
5 0.796890 -1254.940071 0.155491 2063.492063
151
9 0.211757 -14984.307272 0.141172 15626.637723
15 0.628863 5806.100511 0.846547 4352.459016
16 0.499878 -4967603.507996 0.499878 4970202.873230
14 1.061764 1364.205688 0.836541 1898.305085
16 0.193109 524.904992 0.983100 4587.213188
10 0.151433 4508.382910 0.778799 4837.209302
6 0.143770 -3263.569920 0.132710 3953.664000
5 0.261002 -3017.631542 0.049979 3234.207969
3 0.034985 233.527697 0.026239 238.775510
2 0.413223 -2267.768595 0.132231 3854.545455
161
4 0.102585 -9136.902096 0.146550 10895.501730
14 0.070759 1853.875686 0.377379 1165.158510
9 0.074074 1329.629630 0.259259 666.666667
16 0.320435 -10191.101074 0.499878 12140.625000
3 0.750000 -4700.000000 0.250000 7700.000000
16 0.320435 -17790.527344 0.499878 23789.062500
3 0.647111 -938.666667 0.099556 2474.666667
3 0.349854 -693.586006 0.078717 1953.061224
172
15 0.147812 1031.997984 0.698749 1693.121693
7 0.084184 -12378.061224 0.344388 16510.714286
6 0.291667 1300.000000 0.208333 1200.000000
5 0.371901 -3371.900826 0.082645 4363.636364
12 0.811995 4059.976932 1.217993 10555.940023
11 1.075600 3386.147578 0.796741 1872.340426
8 0.130896 7479.756240 0.897571 3291.092746
5 0.077745 207.321024 0.103661 1451.247166
17 1.017454 -27568692.652146 0.350346 27572896.804395
16 0.678915 -4491668.844721 0.315552 4495455.471317
183
16 0.208092 -3068722.764158 0.624275 3073716.963736
16 0.321602 1381.491124 0.587274 908.875740
15 0.234131 765.608741 0.491675 725.806452
4 0.234375 3093.750000 0.421875 1968.750000
11 1.081285 4100.567108 0.831758 5547.826087
15 0.012639 -50884.166667 0.341250 57026.666667
9 0.188229 -21393.760723 0.094114 21671.398060
9 0.098612 532.505478 0.631118 729.729730
8 0.188082 -18402.444315 0.053738 18560.970262
16 0.322266 1461.914062 0.615234 937.500000
194
194
