16 0.153809 -7198.242188 0.666504 10664.062500
14 0.761163 1495.461069 0.537291 1298.454221
3 0.458807 -25.125171 0.038234 213.017751
2 0.296296 -1777.777778 0.148148 3555.555556
9
8 0.154122 1588.244898 0.211592 950.857143
15 0.221718 5549.676661 1.048123 4232.804233
9 0.537037 -192.592593 0.129630 866.666667
17
13 0.133076 836.599340 0.311210 1155.144179
9 0.267678 2100.481120 0.330660 1735.180055
28
13 0.169751 74.816123 0.829893 6564.328943
5 0.428249 -155.522164 0.067618 966.942149
13 0.665752 -602.347203 1.046182 5135.802469
8 0.261791 -41516.387011 0.785374 44579.347191
12 0.250651 -963917.968750 0.322266 965980.468750
6 0.034137 -62749.203459 0.184342 67173.418298
5 0.056349 -20429.752066 0.101427 22864.012021
13 0.188612 3351.007879 0.922103 1443.930224
13 0.240036 -14754.716754 0.420063 18103.219835
13 0.044802 -6996804.023777 0.294239 6999628.715135
14 1.037793 -12604.467771 0.754759 18642.536165
37
14 0.265306 3243.367347 0.895408 696.428571
13 0.665680 1862.130178 0.488166 461.538462
9 0.232042 -2499.861112 0.208838 5005.919230
14 0.247655 -226.427565 0.424552 1344.413666
11 0.205188 -40517.683256 0.283018 43670.502178
10 0.275070 278.239652 0.163005 632.774473
9 0.349568 -188.013958 0.076468 615.384615
5 0.113422 -15069.121394 0.044382 15601.709542
10 0.366760 -2454.123536 0.217339 5062.195782
7 0.063138 624.489796 0.258291 1028.571429
47
6 0.191170 390.532544 0.163860 461.538462
6 0.261120 139.776000 0.122880 499.200000
5 0.429673 -7121.758427 0.102916 8521.410372
5 0.058309 -2721.088435 0.174927 3840.621963
13 0.621171 -21741.197988 0.294239 25272.062186
11 0.276528 -16840.873410 0.257457 19930.362251
11 0.058110 -59694.731405 0.313791 63460.227273
6 0.046080 -52826.112000 0.138240 53710.848000
10 0.334125 -2882.587500 0.070875 3159.000000
8 0.084595 -649.841309 0.038452 799.804688
16 0.357491 -74474.985287 1.072472 83054.764050
11 0.069927 445.623802 0.228851 2300.588502
11 0.260741 3487.407407 0.391111 423.703704
9 0.048406 -4030.255245 0.309796 7128.217480
8 0.064598 -10238.766326 0.271991 12958.677686
58
12 0.193359 300.781250 0.322266 343.750000
11 0.054170 -208089.291493 0.257457 209737.018875
10 0.003159 -146623.605761 0.244507 148188.449108
3 0.640000 1120.000000 0.160000 800.000000
2 0.060000 -792.000000 0.120000 2232.000000
15 0.425675 -72427.559308 0.425675 74087.692646
9 0.299169 129.639889 0.299169 1795.013850
68
11 1.081285 3534.971645 0.831758 2869.565217
16 1.307373 -118586.425781 0.333252 122452.148438
77
7 0.004100 -2879408.345481 0.258291 2884057.580175
4 0.074074 -444.444444 0.222222 4444.444444
12 0.083333 2204.166667 0.916667 500.000000
15 0.399285 -1402162.313485 0.931665 1407006.970690
11 0.423268 2250.792214 0.746944 468.085106
3 0.163860 405.279927 0.049158 184.615385
12 0.635417 -117.708333 0.114583 1000.000000
13 0.192308 2650.000000 0.807692 500.000000
87
15 0.528889 3372.444444 0.404444 1400.000000
15 0.478710 1133.282943 0.262031 962.962963
10 0.100421 -383232.264334 0.262391 384911.564626
10 0.137250 -481003.850000 0.303750 482947.850000
6 0.047792 97.633136 0.040965 115.384615
6 0.065280 34.944000 0.030720 124.800000
5 0.045000 -485746.800000 0.009000 485854.800000
10 0.034014 1482.993197 0.272109 612.244898
9 0.690285 3056.975895 0.525931 1897.297297
12 0.332180 3036.678201 0.608997 1835.294118
8 0.548571 1142.857143 0.365714 1782.857143
4 0.454877 419.886281 0.209943 398.891967
96
14 0.358194 -128625.101480 1.074583 141520.095125
9 0.308486 -698.537633 0.167314 1359.429525
16 0.312137 -48360.499250 0.416183 49192.865846
12 1.348958 -2604.166667 0.401042 6500.000000
15 1.085563 11884.797422 1.099661 1311.134235
5 0.037566 181.818182 0.045079 165.289256
7 0.185985 -2950.969699 0.413301 7910.582640
7 0.200893 -337660.714286 0.258291 343859.693878
6 0.143377 -240988.620847 0.184342 245412.835685
6 0.303360 -20305.920000 0.368640 24729.600000
107
6 0.260417 -76541.666667 0.364583 80916.666667
5 0.330000 -240.000000 0.270000 3480.000000
4 0.011719 -50503.125000 0.175781 52612.500000
13 0.674556 1988.165680 1.171598 7384.615385
8 0.322426 -7381.756268 0.053738 7661.191837
16 0.480652 -15788.452148 0.749817 19687.500000
14 0.070759 160.386192 0.377379 2330.317021
15 1.294222 -165196.011111 0.323556 167687.388889
12 0.879267 -57711.429414 0.197835 58759.955461
4 0.082305 -7856.790123 0.016461 8047.736626
119
3 0.122895 -130758.488848 0.073737 131643.331816
13 0.146450 -4979.289941 0.439349 5857.988166
7 0.233373 -15287.864371 0.128266 15788.101193
9 0.355030 2144.378698 0.568047 2400.000000
3 0.160000 1840.000000 0.240000 1040.000000
130
14 0.165103 889.199916 0.283034 582.579255
10 0.087464 -1546077.745384 0.262391 1547757.045675
9 0.041145 -1337741.254887 0.268651 1339460.623927
3 0.327720 -4266.363223 0.098316 5446.153846
11 0.149389 1464.010865 1.195111 1643.277501
8 0.273560 913.006310 0.307755 871.972318
4 0.188581 -29251.337850 0.035359 29887.797055
11 0.373728 -28846.617284 0.278123 32184.098765
140
9 0.000000 2953.846154 1.704142 3692.307692
16 0.851041 -9254.609309 0.936412 16954.000326
13 0.347737 213.991770 0.294239 1669.135802
15 0.161778 -11453.866667 0.647111 16177.777778
3 0.895767 -21660.081930 0.098316 23233.136095
7 0.213776 -2519972.209065 0.128266 2522024.462696
4 0.024425 -1281.823733 0.131895 2125.951557
148
14 0.474204 -7407268.015998 0.287118 7410713.431546
14 0.701172 -6378451.129476 0.318414 6382272.094631
9 1.205378 -4665.721675 0.477603 8414.901388
13 0.071006 -475.739645 0.390533 3600.000000
12 0.280967 1607.835155 0.674321 1898.636271
11 0.084523 -452945.905334 0.152141 454163.035312
10 0.086625 -423529.350000 0.126000 424537.350000
15 0.266190 -439864.809416 0.798570 441941.091075
14 0.635586 -40357.237556 0.873931 45710.064635
7 0.062222 -181868.444444 0.373333 185601.777778
12 0.633600 2479.488000 0.422400 950.400000
8 0.140245 402.036898 0.168295 473.094582
5 1.141998 -9965.815177 0.676183 26194.214876
4 0.740741 -17855.555556 0.370370 26744.444444
12 0.253440 5544.000000 0.380160 158.400000
157
7 0.028196 -31044.275117 0.063442 31805.578866
3 0.048000 -18304.000000 0.016000 18645.333333
16 0.906637 -232048.023435 0.589314 239119.792971
7 0.107143 1757.142857 0.535714 1028.571429
3 0.131088 -22756.850250 0.032772 23150.113792
9 0.432099 -33889.506173 0.216049 35894.444444
165
9 0.658951 -13075542.592593 0.291667 13080792.592593
4 0.210938 -1406.250000 0.210938 3937.500000
15 0.299464 -6268.773471 0.399285 7825.984715
11 0.380353 -5528718.726521 0.228212 5533282.963937
176
16 1.230478 1971.561220 0.587274 2726.627219
10 0.023625 -184073.625000 0.779625 186837.750000
7 0.124837 -8351.010968 0.065488 8742.304723
16 1.034720 -9125.112426 0.783031 12178.934911
16 1.017941 -1712626.497952 0.704728 1716291.084934
4 0.571545 -1184.123753 0.175860 2591.003460
3 0.124260 3912.426036 0.568047 1200.000000
16 0.703125 7171.875000 1.406250 3656.250000
10 0.274412 -4872467.876896 0.244507 4875401.958172
8 0.057327 -5658.667880 0.045258 5833.665785
6 0.208333 708.333333 0.208333 958.333333
15 0.324259 3359.605250 0.549830 874.089490
15 1.011111 -52759.777778 0.606667 57431.111111
14 0.537291 -3950.436672 0.716389 6744.351962
14 1.037793 -1452.910207 0.754759 5377.654663
15 0.199642 -235932.764640 0.399285 237489.975885
13 0.243100 4719.493273 0.645472 444.286223
12 0.323131 2854.320904 1.436136 879.633486
192
5 0.155491 -209607.385811 0.414642 214583.090379
15 0.054590 -16446.796002 0.294785 19984.210968
3 0.035503 3763.313609 0.319527 71.005917
13 0.060024 -54.282318 0.078292 359.620358
16 0.308540 5121.763085 0.661157 2812.121212
15 0.234131 3795.265349 0.491675 2104.838710
14 0.266350 1196.908442 0.216409 1400.000000
200
200
