16 0.624275 -2434109.834386 0.312137 2436606.934175
15 0.174687 -170368.354749 0.524061 176657.092467
14 0.104568 -5939.442689 0.627406 13468.313703
9 0.952663 -49.112426 0.662722 2700.000000
14 0.596939 761.096939 0.447704 1566.964286
10 0.199017 -13101.843600 0.371499 14731.130592
9 0.225309 29.320988 0.108025 111.111111
14 1.568483 -224.068944 0.672207 1568.482610
12 0.625000 4287.500000 1.375000 3000.000000
11 0.977778 0.000000 0.488889 977.777778
12 0.045619 -327267.578880 0.136858 327801.323520
