14 0.015022 63.538514 -0.206622 -1206.197128 
13 0.015162 65.043784 -0.163476 -974.111779 
13 0.034969 141.234182 -0.092195 -788.150734 
12 0.032819 135.928219 -0.075494 -680.394524 
11 0.040133 160.220526 -0.058767 -589.853296 
6 0.048214 349.105916 0.031998 155.974413 
12 0.057706 130.864495 -0.003217 -231.530069 
11 0.049685 439.208686 -0.076983 -881.898452 
10 0.144781 736.973193 0.050762 -406.699331 
2 0.006144 53.014434 0.000000 -45.702098 
15 0.073268 138.058670 0.003424 -423.405535 
14 0.069122 132.855712 -0.018186 -498.106187 
14 0.014856 31.461649 -0.053039 -267.155957 
13 0.166674 289.427926 0.068424 -260.395353 
12 0.006863 18.012762 -0.035850 -175.622209 
11 0.353920 733.369742 0.003641 -2420.087304 
11 0.052921 101.381860 -0.014881 -232.522970 
13 0.027034 480.845938 -0.140794 -2237.628887 
12 0.076664 161.687183 0.021555 -138.010040 
10 0.000965 5.753778 -0.028867 -230.434446 
7 0.004464 71.836888 -0.098979 -1460.799416 
6 0.017559 207.837827 -0.244203 -3738.855138 
10 0.009461 26.187891 -0.033633 -183.771661 
9 0.001791 5.260434 -0.034974 -181.217975 
8 0.010248 69.586244 -0.004388 -119.541646 
3 0.057637 749.401831 0.054897 687.030609 
15 0.004525 15.881426 -0.120157 -692.388242 
14 0.055425 221.795684 -0.031531 -363.683127 
14 0.008219 28.196204 -0.068309 -465.658749 
13 0.004317 8.468786 -0.050326 -274.718849 
12 0.057336 206.152488 -0.195590 -1342.817878 
11 0.055829 122.094978 -0.026147 -342.189494 
10 0.052379 203.079167 -0.165752 -1160.212882 
9 0.035072 186.606209 -0.013490 -224.356290 
8 0.017080 74.391755 0.117080 74.491755 
5 0.001235 6.743054 0.000457 -4.596756 
14 0.125483 531.518277 -0.098178 -518.874763 
12 0.129060 337.945648 -0.193081 -1101.113053 
16 0.012180 38.628744 -0.474033 -3169.532037 
15 0.124071 447.210634 -0.362756 -2795.172894 
17 0.018195 30.922677 -0.333131 -1583.913698 
16 0.143075 378.436238 -0.045886 -902.831878 
14 0.183238 379.863354 -0.025941 -916.188859 
14 0.069217 242.021115 -0.397106 -1779.197109 
14 0.021386 38.763030 -0.149717 -1098.365487 
16 0.006864 13.050386 -0.100399 -446.659400 
15 0.008316 40.618351 -0.071692 -343.451623 
11 0.022333 136.862865 -0.004090 -48.632706 
7 0.004524 26.162656 -0.010682 -90.745576 
15 0.008811 36.778113 -0.160526 -1117.540330 
14 0.005743 23.123536 -0.129813 -898.932913 
12 0.015018 51.208756 -0.067824 -508.784354 
11 0.025264 92.554445 -0.069114 -547.096531 
7 0.571868 1373.985015 0.417091 274.158739 
7 0.025472 59.633060 0.013793 -22.140434 
6 0.534109 1350.685175 0.433140 606.053393 
4 0.005623 31.271044 0.005213 27.505661 
13 0.094507 387.101957 -0.316357 -2594.706681 
12 0.072981 389.358263 -0.324320 -2511.551877 
11 0.274080 1061.264051 -0.102966 -1679.661044 
10 0.018162 116.326218 -0.335893 -2469.434197 
12 0.096107 178.293296 -0.072699 -718.665828 
11 0.238097 413.668868 -0.026047 -778.833891 
15 0.069584 204.576156 -0.093925 -981.266148 
13 0.074481 204.489472 -0.055903 -784.795974 
17 0.043141 300.845997 -0.097578 -770.023551 
14 0.025257 151.712426 -0.073719 -538.510835 
13 0.011401 22.372916 -0.169582 -1106.162325 
11 0.005826 35.699253 -0.259055 -2491.481320 
16 0.082661 661.015245 -0.062156 -779.628729 
15 0.013253 47.366424 -0.170365 -804.672763 
14 0.207357 598.869875 0.092603 -180.114490 
13 0.121850 591.118171 -0.171587 -2117.660133 
12 0.104323 211.889516 -0.127611 -848.307751 
12 0.063613 292.478244 -0.192126 -2100.048672 
12 0.291915 594.681916 0.107616 -637.171631 
10 0.258905 677.271534 0.142222 -144.362454 
14 0.220537 589.537075 -0.036344 -1164.057208 
13 0.157297 426.835498 -0.053103 -1085.009734 
13 0.006531 27.230102 -0.040977 -294.402459 
12 0.005699 20.771584 -0.032956 -246.001874 
12 0.187874 516.535809 0.018023 -733.140565 
12 0.052865 187.380408 -0.224568 -1594.253397 
2 0.011475 148.326785 0.111475 148.426785 
12 0.022342 82.114357 -0.017955 -181.739805 
7 0.031192 216.213638 0.025211 150.961700 
17 0.207925 510.485937 0.103834 -192.650802 
16 0.387670 1254.686575 0.261110 178.618356 
15 0.224110 713.366089 0.126056 -129.895125 
14 0.228580 734.974187 0.065993 -752.392715 
13 0.007958 14.057899 -0.168416 -1404.031114 
12 0.339021 1155.935638 0.126004 -887.283266 
10 0.272734 867.073307 -0.046661 -1760.265758 
15 0.000619 2.465148 -0.133766 -1161.327007 
15 0.142363 308.387612 -0.286166 -1732.423943 
15 0.107267 198.844262 -0.015541 -363.071420 
14 0.040931 79.913099 -0.062012 -396.297363 
14 0.071875 148.746326 -0.046198 -432.645331 
14 0.012257 31.565075 -0.043361 -223.878114 
13 0.006841 18.477674 -0.029277 -153.855500 
11 0.106317 186.443757 -0.013324 -415.334584 
10 0.034114 72.924087 -0.062543 -409.347362 
9 0.014223 33.188219 -0.001568 -53.262593 
7 0.050699 340.086634 0.031819 108.438228 
6 0.040008 265.414286 0.030731 147.703480 
5 0.023771 186.100878 0.020651 142.652703 
5 0.028230 66.434541 0.017912 -2.793029 
11 0.056023 212.304614 -0.004641 -417.932642 
10 0.249425 604.869049 0.181833 121.148216 
9 0.179320 445.356601 0.138222 145.524924 
17 0.010745 25.241619 -0.118927 -661.261806 
15 0.129391 240.488181 0.011347 -461.256002 
13 0.342646 582.191116 -0.114681 -2011.977363 
12 0.147953 2722.398463 0.051512 625.412640 
12 0.241416 414.616219 -0.198985 -2070.882012 
11 0.308313 521.103032 -0.117058 -1858.728616 
10 0.167118 2365.479903 0.112182 1097.555474 
9 0.152447 2177.879188 0.116944 1254.577830 
14 0.014761 52.770429 -0.081260 -680.466215 
13 0.255695 571.693620 -0.001372 -1088.954110 
13 0.151713 1277.304304 0.036934 -351.885689 
12 0.178720 332.143225 0.079371 -715.284524 
12 0.011245 94.498319 -0.093768 -576.173816 
15 0.263401 517.023051 0.134854 -78.918471 
14 0.118597 243.842709 0.014160 -252.305718 
12 0.126967 252.696288 -0.119703 -875.265139 
12 0.137629 554.051892 0.013099 -452.283585 
11 0.124397 246.420644 -0.081509 -710.236726 
11 0.060992 272.749073 -0.014095 -442.270530 
11 0.076880 364.057374 -0.139569 -629.853831 
10 0.030433 111.983904 -0.023497 -432.155850 
9 0.044462 131.418151 -0.132432 -710.238854 
15 0.106715 223.173975 -0.042382 -633.742512 
14 0.024100 54.964076 -0.076190 -470.696482 
14 0.184728 613.652125 -0.038978 -1051.002722 
13 0.017669 161.932374 -0.103087 -1386.527755 
12 0.019120 52.174362 -0.028640 -223.613742 
15 0.052131 143.780982 -0.058377 -455.917247 
14 0.067061 157.971532 -0.062933 -454.118098 
13 0.023905 44.516247 -0.135445 -645.381048 
12 0.060313 182.067965 -0.090600 -478.610451 
8 0.008557 19.027628 -0.012797 -95.302148 
17 0.039531 81.464620 -0.124339 -742.137967 
13 0.191559 409.246136 0.082689 -227.596775 
9 0.026468 104.024944 0.014270 2.538662 
15 0.016502 40.030294 -0.087226 -428.914311 
12 0.046762 153.984511 -0.139087 -892.758524 
12 0.029387 339.732845 -0.306248 -2153.855783 
12 0.031266 361.527883 -0.308562 -2140.717833 
11 0.016946 112.693252 -0.152503 -868.386430 
10 0.015322 102.662289 -0.146443 -814.504658 
9 0.121307 233.101554 -0.013749 -510.640894 
9 0.025742 295.317613 -0.264207 -2088.380726 
8 0.028803 78.553962 0.003042 -81.194503 
7 0.003832 12.147880 -0.006196 -60.112094 
7 0.023922 150.540011 -0.060707 -821.105987 
6 0.019127 226.387061 -0.041360 -521.655190 
15 0.077445 139.821302 -0.305470 -1362.220798 
15 0.311087 532.984000 0.022411 -1504.757301 
14 0.639820 1564.654057 0.220038 -1793.995659 
11 0.605499 1010.321632 0.239426 -1829.414804 
10 0.308984 679.759518 -0.037537 -2030.187307 
14 0.018474 36.252491 -0.083531 -424.905188 
10 0.000423 1.069281 -0.010714 -56.216060 
10 0.234093 562.733207 0.094096 -382.628817 
17 0.083295 166.767100 -0.023136 -345.473524 
16 0.018899 98.538790 -0.127647 -1376.388363 
15 0.093771 170.973798 -0.098027 -838.993470 
14 0.025501 86.583783 -0.210050 -2325.611497 
13 0.058497 365.826614 -0.322778 -1809.807210 
15 0.070698 278.552309 0.033756 -80.560902 
15 0.008880 23.290838 -0.044686 -235.283118 
15 0.017708 38.477936 -0.021958 -153.215879 
12 0.001238 8.626393 -0.009444 -106.415592 
10 0.136908 488.734660 0.093848 21.848441 
16 0.009501 81.247761 -0.043608 -240.327582 
15 0.069641 185.270169 -0.039287 -525.072922 
15 0.003761 14.257394 -0.098754 -642.305798 
14 0.003601 45.944513 -0.083770 -552.230808 
13 0.095261 799.596501 0.013402 -86.744116 
12 0.033099 204.573827 -0.082751 -553.975572 
11 0.010510 77.193474 -0.140223 -957.596723 
11 0.354901 2956.310950 0.099152 769.753860 
10 0.063194 169.832071 -0.072662 -717.987577 
9 0.030428 258.446957 -0.176723 -1531.211189 
8 0.007339 25.835726 -0.098568 -853.709524 
7 0.001160 10.365310 -0.004461 -29.000631 
6 0.008201 76.076081 -0.001623 -39.119103 
4 0.000009 0.096251 0.100009 0.196251 
16 0.236304 785.551285 0.023229 -1126.542151 
17 0.104055 224.100639 0.010614 -245.000991 
16 0.053409 102.529572 -0.012323 -348.069027 
15 0.034498 68.500352 -0.018460 -301.458571 
14 0.174686 377.098522 -0.121856 -1133.438477 
11 0.194163 396.781617 -0.039126 -1100.809808 
8 0.002585 23.205069 -0.002448 -38.916741 
16 0.137158 317.780073 0.087085 40.211428 
15 0.022661 59.470050 -0.015494 -153.574880 
12 0.029755 84.193720 -0.061328 -470.675238 
12 0.030575 86.555321 -0.058420 -459.067264 
11 0.016560 197.623532 -0.045516 -756.755100 
5 0.001131 7.875956 0.001071 7.133754 
3 0.096583 874.612064 0.096583 874.612064 
15 0.170564 421.334912 0.069915 -261.269304 
13 0.108365 291.252259 -0.221668 -1558.524879 
12 0.058116 155.693168 -0.115339 -871.393018 
11 0.111783 328.272650 -0.060954 -695.688771 
11 0.118925 309.569715 -0.159089 -1309.294735 
9 0.089510 596.366086 0.001580 -552.165617 
9 0.118276 368.563701 -0.063186 -884.800903 
8 0.218123 2154.600980 0.178357 1495.167380 
8 0.032299 135.280620 -0.040220 -272.399735 
7 0.151067 2028.012420 0.089206 1023.331348 
15 0.142957 429.745248 -0.026387 -637.560591 
12 0.245130 802.766013 -0.001669 -954.313819 
9 0.002166 4.071899 -0.228635 -2292.990857 
3 0.001355 6.405445 -0.006935 -66.067067 
14 0.276848 1412.873119 0.093017 -467.298862 
12 0.029135 68.111953 0.019479 8.167527 
10 0.009879 27.980699 -0.122294 -501.590700 
10 0.004597 12.425814 -0.000793 -20.263233 
9 0.008404 24.484515 -0.111354 -463.689664 
9 0.082222 516.306531 -0.068611 -1080.284134 
9 0.006570 31.324686 -0.078366 -494.248132 
16 0.014633 51.543918 -0.202141 -1154.072523 
13 0.176588 707.773590 0.016244 -645.163004 
10 0.338973 1354.881955 0.228863 414.279514 
15 0.048427 105.211438 -0.014719 -195.496114 
15 0.023283 344.645809 -0.055310 -921.669099 
12 0.086281 1307.907398 -0.076251 -1521.294611 
5 0.055367 204.721482 -0.000844 -401.863176 
15 0.134898 248.974621 -0.057495 -866.535814 
14 0.309655 722.910735 0.038572 -2620.746492 
13 0.079674 207.015373 -0.184402 -3060.813222 
13 0.014552 108.525663 -0.063674 -507.188661 
12 0.030925 94.281762 -0.050370 -328.033677 
11 0.221720 569.723849 -0.013556 -2377.825174 
11 0.090952 220.691522 -0.022415 -540.357894 
11 0.043935 327.045193 -0.013387 -172.490121 
10 0.176206 308.812392 -0.033169 -821.511249 
15 0.202320 363.128033 -0.065588 -1009.349001 
15 0.129073 249.218000 -0.067329 -664.270910 
17 0.032167 62.968634 -0.076437 -431.777613 
15 0.019685 37.132358 -0.049921 -261.359227 
14 0.011176 21.753316 -0.292619 -1332.145348 
14 0.023113 86.520009 -0.095507 -426.706481 
13 0.120439 219.745915 -0.146896 -984.184599 
13 0.007356 13.935769 -0.150877 -617.487677 
11 0.020523 40.552878 -0.046242 -272.016076 
9 0.070711 153.068993 -0.236232 -1239.115102 
14 0.114977 1100.906906 -0.045560 -1685.911132 
12 0.007462 13.094812 -0.308884 -1372.301918 
12 0.015570 40.098804 -0.111651 -631.274809 
10 0.168643 1558.514032 -0.077666 -2916.161415 
10 0.182870 452.177784 -0.001178 -740.911503 
9 0.065875 160.609081 -0.004395 -305.506170 
8 0.033925 148.185945 -0.007311 -155.896583 
7 0.001626 3.902195 -0.003600 -22.791832 
5 0.000015 0.054354 0.000007 -0.011707 
5 0.004885 36.479183 -0.002488 -43.689873 
15 0.021801 52.475676 -0.101331 -534.936531 
15 0.069729 254.201037 -0.050392 -1185.704567 
14 0.041792 80.806869 -0.060350 -408.626925 
14 0.058295 186.016756 -0.028329 -431.600775 
10 0.197654 1039.163553 0.044657 -844.192172 
9 0.000767 2.040030 -0.032783 -166.468553 
9 0.187660 1017.187985 0.065046 -513.036154 
9 0.378753 3118.159427 0.294933 1861.397519 
7 0.000690 4.926473 -0.007125 -59.945751 
6 0.000309 1.729750 -0.004225 -35.180545 
4 0.001150 8.595810 -0.006284 -79.620812 
13 0.036415 104.651058 -0.164534 -1772.665264 
12 0.039317 210.310347 -0.219059 -2634.152938 
12 0.090350 368.251902 -0.128956 -1228.963556 
8 0.043570 240.146526 -0.238788 -1544.668002 
7 0.188010 782.499272 -0.081141 -927.705684 
6 0.041405 197.234437 -0.200985 -1398.753975 
15 0.410539 2457.852164 0.085724 -1776.712012 
15 0.040107 129.864118 -0.122749 -937.045961 
14 0.048191 177.702539 -0.102791 -760.753259 
13 0.087731 311.031684 -0.059845 -723.022113 
10 0.201782 630.257373 -0.150879 -2170.639795 
9 0.556975 3477.582517 0.314038 311.905718 
9 0.058067 192.338115 -0.147409 -1381.903124 
8 0.004455 23.332209 -0.016780 -151.534361 
16 0.178095 315.190036 -0.029779 -1052.611417 
15 0.087296 665.674927 -0.179998 -3013.892245 
14 0.078719 158.965647 -0.217251 -1131.499328 
14 0.195430 1446.752745 -0.049256 -1827.963707 
8 0.006389 38.795480 -0.006179 -116.711773 
13 0.016463 68.148653 -0.235231 -1142.726154 
12 0.231939 435.624741 -0.162344 -1720.612491 
12 0.348379 627.886004 -0.029313 -1857.364235 
15 0.159284 408.972511 -0.001896 -849.650104 
10 0.006607 21.603982 -0.075106 -574.049819 
16 0.027653 88.695741 -0.133615 -963.432128 
15 0.025266 82.295147 -0.107564 -807.035791 
15 0.028272 84.609236 -0.107329 -818.139630 
14 0.031248 64.462607 -0.128869 -674.744568 
13 0.016437 34.945294 -0.141751 -759.736315 
12 0.026371 120.132959 -0.143611 -854.328145 
3 0.000146 0.502514 -0.000728 -7.079986 
16 0.313643 990.501651 0.204321 84.095790 
14 0.069218 144.705205 -0.214220 -1757.357726 
14 0.033531 61.562973 -0.214207 -1450.168984 
13 0.033171 91.811964 -0.267203 -2077.016578 
12 0.021310 38.578526 -0.195335 -1292.003876 
11 0.004639 17.960779 -0.201684 -1418.567714 
11 0.030831 58.845521 -0.173911 -1210.300834 
10 0.125735 352.735220 -0.149180 -1601.120994 
15 0.218689 542.912251 -0.030298 -1384.996805 
13 0.230085 1032.077428 0.009515 -799.108111 
12 0.241779 780.755721 -0.051523 -1116.528841 
11 0.416805 714.618304 0.156883 -925.847111 
8 0.083469 380.087689 -0.078290 -986.961285 
7 0.072845 344.738307 0.061761 220.889724 
16 0.112239 738.076097 -0.023860 -627.867524 
15 0.180614 1320.685500 0.012771 -373.708716 
14 0.031701 278.176463 -0.261532 -2775.240539 
12 0.006626 34.373920 -0.040231 -297.798686 
14 0.027610 161.637234 0.004503 -34.357532 
13 0.033817 130.511282 -0.098750 -1239.143681 
9 0.069202 205.896948 -0.063810 -1275.153373 
8 0.010476 45.902682 -0.032319 -484.809527 
8 0.029503 196.293891 0.018902 109.688281 
7 0.013866 114.011175 -0.021792 -381.850035 
6 0.039227 289.099736 0.021330 22.727823 
5 0.001753 12.158714 0.001299 7.870605 
2 0.006144 64.186058 0.106144 64.286058 
13 0.011923 22.387253 -0.278269 -1217.430087 
16 0.043233 110.570177 -0.093729 -639.813867 
12 0.075762 156.128147 -0.123825 -691.283314 
10 0.022712 52.646570 -0.112008 -769.947492 
9 0.003130 8.091971 -0.116919 -744.214715 
14 0.074221 365.698770 -0.055854 -536.213219 
13 0.004620 11.792992 -0.014502 -72.975476 
12 0.011498 66.512380 -0.116113 -892.463797 
12 0.011390 27.357067 -0.141050 -924.575387 
10 0.352903 643.590789 0.244337 -77.311850 
9 0.141760 283.261872 0.060500 -232.355154 
15 0.045657 96.227973 -0.079491 -489.750420 
15 0.055131 152.383504 -0.077858 -662.827676 
15 0.035434 70.814444 -0.106582 -557.415880 
15 0.016405 40.632394 -0.117426 -557.918017 
13 0.043642 172.612568 -0.047243 -400.426200 
11 0.153014 421.327400 0.063388 -330.445165 
8 0.478391 1374.541671 0.381292 404.026396 
7 0.187765 538.052935 0.115745 -207.582566 
14 0.076238 441.992913 -0.013524 -494.823014 
15 0.236623 445.723120 0.108095 -111.801129 
13 0.213488 448.393234 0.111717 -320.413473 
4 0.080989 1179.488403 0.072235 972.064316 
4 0.016118 122.510137 0.014727 102.780982 
2 0.010576 88.281595 0.110576 88.381595 
16 0.106373 576.792760 0.017627 -214.668266 
15 0.183835 672.416925 0.057878 -240.469620 
13 0.117029 335.228588 -0.013435 -904.924410 
12 0.110515 325.946243 -0.000294 -773.853387 
12 0.062711 202.992356 -0.057160 -506.354505 
11 0.024277 131.905447 -0.049998 -597.127932 
10 0.189902 441.279078 0.042344 -579.374877 
10 0.048147 156.594793 -0.007724 -391.631747 
9 0.136711 324.735161 0.001763 -619.431012 
9 0.033476 109.395952 -0.027675 -264.477661 
9 0.034175 154.563800 -0.014377 -221.854126 
14 0.084357 197.169948 -0.063193 -636.957987 
13 0.039095 82.946185 -0.140462 -633.712701 
12 0.098501 212.702523 -0.282878 -1194.554022 
10 0.123956 176.401481 -0.075026 -861.028339 
9 0.052785 159.882354 -0.247360 -1450.353699 
8 0.029728 68.234000 -0.051217 -315.377775 
8 0.012588 30.621866 -0.070576 -363.583503 
7 0.021222 53.308437 -0.036410 -238.415267 
13 0.097655 187.263361 -0.023365 -320.239867 
12 0.012946 24.225443 -0.088088 -411.952836 
11 0.011898 22.999067 -0.074516 -364.408730 
9 0.018014 40.937333 -0.024482 -165.628064 
8 0.006435 15.205175 -0.013970 -93.355161 
3 0.083971 1035.195236 0.078981 926.692857 
17 0.017258 39.214803 -0.117891 -688.485787 
15 0.037974 116.940106 -0.075722 -567.131486 
14 0.090349 172.444174 -0.045108 -461.830484 
13 0.404368 692.462873 0.090333 -1369.309077 
13 0.083567 163.701247 -0.027929 -373.773918 
12 0.016344 30.052882 -0.271093 -1912.202922 
11 0.015221 28.849905 -0.235203 -1699.018613 
16 0.216110 1123.715931 0.115643 365.971569 
15 0.228040 495.792712 0.107721 -84.554195 
15 0.130106 349.072560 0.085809 38.325237 
14 0.221038 404.143930 0.114335 -20.387398 
9 0.025530 55.349624 -0.161894 -869.399693 
8 0.023389 54.444541 -0.152089 -840.902716 
6 0.000449 5.124844 -0.005268 -93.554752 
15 0.086317 431.826121 -0.035080 -812.379391 
8 0.015020 41.270546 0.014155 34.866269 
5 0.006042 28.473430 -0.017351 -217.353733 
5 0.026721 117.586012 0.005926 -101.311495 
4 0.000028 0.235695 -0.000043 -0.667308 
17 0.063885 485.768273 -0.028578 -524.489213 
16 0.060494 459.214847 -0.029799 -521.083326 
8 0.009213 62.312201 -0.005353 -92.721094 
5 0.001011 8.501903 0.000001 -3.764585 
3 0.000204 0.904467 0.100204 1.004467 
15 0.066345 396.615748 0.001673 -224.340096 
15 0.048235 478.046777 -0.016769 -136.896949 
8 0.130324 984.176273 0.071716 233.405179 
7 0.047140 365.014764 0.001094 -236.448969 
6 0.124869 992.819510 0.101192 650.314195 
2 0.004960 27.223944 0.000000 -16.525236 
2 0.111501 1178.955177 0.106741 1097.140929 
12 0.003230 12.041133 -0.144854 -1137.377491 
4 0.003232 12.588184 0.002901 9.064014 
4 0.000995 5.924204 0.000589 1.536038 
3 0.001136 8.039791 0.101136 8.139791 
15 0.054246 572.626238 -0.015433 -475.213804 
15 0.173650 494.871021 0.112025 -20.422176 
15 0.040257 81.703900 -0.021323 -290.703702 
14 0.433628 2749.608889 0.227757 339.472233 
13 0.001706 5.698025 -0.076864 -758.220926 
12 0.001853 5.681974 -0.124177 -1310.772391 
12 0.047488 123.677883 -0.065464 -1040.528432 
13 0.061273 171.089072 -0.358285 -2546.143277 
13 0.053909 189.371748 -0.015566 -326.239012 
11 0.021749 89.625036 0.007478 -18.612192 
8 0.006122 27.312446 -0.021493 -194.213503 
6 0.018624 99.407556 0.013300 31.559173 
15 0.004973 16.259458 -0.105712 -737.058337 
15 0.021393 40.750354 -0.271030 -1501.919869 
13 0.189857 1222.638226 0.000352 -1025.226432 
12 0.243940 1783.202336 0.079485 -187.528169 
12 0.009032 38.067463 -0.092343 -638.673340 
12 0.170211 1034.040695 -0.026571 -1355.614524 
11 0.031441 86.176581 -0.203691 -1141.570542 
10 0.015028 28.822148 -0.349220 -1913.247601 
9 0.218455 1333.619364 0.016945 -1256.118269 
7 0.004092 25.582046 -0.025194 -191.139393 
9 0.007658 26.665263 -0.007003 -81.947238 
15 0.579440 1017.157571 0.190446 -1497.588237 
10 0.565678 1195.139894 0.352065 -209.523450 
7 0.004915 21.518652 -0.002179 -34.871129 
7 0.082391 225.132314 0.024723 -220.230434 
6 0.003341 15.748754 -0.000495 -17.442053 
15 0.278802 590.637436 0.127882 -195.874219 
13 0.060430 169.376998 -0.074577 -603.949058 
13 0.378022 975.952118 0.222779 -602.935097 
10 0.101367 233.206222 -0.166334 -952.963716 
4 0.000025 0.143286 -0.004576 -38.725603 
15 0.118322 472.355766 -0.167556 -1527.691134 
13 0.093080 391.224265 -0.053518 -535.953870 
12 0.067416 295.937593 -0.199423 -1651.369094 
11 0.142342 693.475752 -0.119517 -1224.909191 
9 0.063913 293.928525 -0.005419 -213.443533 
14 0.023332 150.149290 -0.047997 -411.574064 
12 0.657242 1202.111725 0.332174 -478.835412 
8 0.074293 190.378310 -0.170100 -1384.273090 
7 0.091650 196.799027 -0.089568 -1071.021980 
6 0.065503 132.424990 0.036526 -58.941413 
5 0.000262 0.883137 -0.002081 -18.864139 
4 0.000861 3.594550 0.000830 3.342353 
15 0.067873 234.429763 -0.240701 -1883.032123 
15 0.133183 492.789775 -0.012352 -513.214945 
14 0.101503 387.204290 -0.029368 -521.348142 
13 0.079285 192.161637 -0.020142 -371.851392 
12 0.125402 375.497317 -0.256232 -1969.842325 
12 0.168051 417.073338 -0.211944 -1895.357034 
11 0.086546 228.730824 -0.250291 -1833.860901 
10 0.073601 198.199856 -0.173301 -1778.023520 
14 0.062541 261.264173 -0.174072 -1335.058881 
11 0.031816 145.420555 -0.140270 -964.347097 
10 0.305865 788.164145 -0.133428 -2032.094450 
9 0.089772 273.263615 -0.300861 -2279.907720 
8 0.117185 435.490624 0.028024 -298.962434 
8 0.050779 175.739215 -0.054622 -826.038749 
4 0.000455 3.868033 0.100455 3.968033 
16 0.183086 975.164080 0.000116 -1354.297701 
16 0.158282 337.240609 -0.051418 -792.471372 
15 0.064536 143.670979 -0.193797 -1247.644870 
15 0.107116 574.356845 -0.207135 -1782.229160 
11 0.116618 400.985949 -0.031793 -561.876216 
11 0.195457 1291.539073 -0.150353 -1611.484537 
9 0.010596 56.572148 -0.060960 -450.941212 
8 0.115257 742.314069 0.059701 251.271182 
3 0.055747 281.899468 0.155747 281.999468 
3 0.003743 22.666018 0.103743 22.766018 
15 0.058376 326.941842 0.010692 -178.353361 
14 0.016430 89.435128 -0.056929 -255.656118 
15 0.076340 138.641648 -0.119002 -714.901169 
14 0.057915 306.102126 -0.047159 -668.504646 
14 0.094101 192.658086 -0.091759 -703.936817 
11 0.028749 103.995827 -0.269275 -1535.157225 
10 0.015159 57.763960 -0.265908 -1484.415543 
4 0.001828 10.146266 -0.007853 -75.168667 
15 0.058553 228.427141 -0.061842 -865.012973 
14 0.010100 91.463397 -0.054870 -479.374543 
14 0.168387 554.764857 -0.032399 -1156.272278 
13 0.010566 29.128822 -0.253180 -1583.034769 
9 0.009079 33.971662 -0.190154 -1322.079750 
9 0.011309 39.231509 -0.044874 -336.222218 
15 0.083550 290.754319 -0.055927 -683.574353 
12 0.064880 182.624947 -0.038657 -692.893194 
12 0.112941 387.515763 0.048008 -135.580171 
15 0.025974 51.113725 -0.021914 -178.061972 
14 0.101226 219.781534 0.055950 -1.530110 
12 0.159159 812.938774 -0.014793 -1089.233288 
12 0.002596 27.788765 -0.174672 -1911.076662 
12 0.043567 164.148031 0.028547 -5.131240 
9 0.035205 205.283396 -0.198794 -2060.809594 
16 0.085835 296.934671 -0.100539 -913.903281 
6 0.004253 19.418259 0.003917 15.807109 
3 0.006414 68.547062 0.005795 60.748955 
3 0.061146 477.649618 0.161146 477.749618 
2 0.006144 138.731259 0.106144 138.831259 
16 0.309523 812.269973 -0.077004 -1695.823616 
15 0.275750 872.896690 -0.099260 -1568.051454 
14 0.349195 746.854912 -0.006799 -1585.227031 
13 0.200060 1082.467969 -0.109674 -2076.313452 
13 0.190192 390.065293 0.032587 -663.514506 
12 0.166018 536.296046 0.039176 -301.597932 
11 0.126537 240.332587 0.026811 -366.194094 
9 0.000529 2.581331 -0.002803 -22.040210 
16 0.017569 44.363892 -0.112519 -672.236314 
15 0.062577 120.956486 -0.059430 -575.918017 
15 0.069246 135.108636 -0.001921 -216.104902 
14 0.035703 88.555718 -0.127201 -672.602636 
13 0.026800 56.446238 -0.011714 -184.823196 
12 0.060396 118.467574 0.020268 -198.695997 
8 0.067720 241.281270 0.045867 26.102877 
7 0.035948 121.760759 0.000717 -188.633723 
6 0.010896 89.792260 0.003669 -5.675305 
5 0.010068 83.373703 0.007167 43.719966 
4 0.000793 6.886814 0.000492 2.422403 
16 0.117914 216.797749 -0.080056 -729.117491 
15 0.071906 162.142003 -0.069501 -644.463536 
9 0.208640 538.820182 -0.001388 -869.084926 
16 0.215631 750.355790 0.016656 -1073.322774 
15 0.268931 704.336944 -0.023943 -1654.116722 
13 0.169791 458.717282 -0.091378 -2469.999476 
10 0.233594 807.415606 0.081382 -1141.270365 
9 0.243331 890.205836 -0.129635 -3758.676791 
14 0.067145 147.277340 -0.106970 -707.001195 
12 0.220501 1028.430668 -0.032067 -675.564697 
10 0.576679 1837.922175 0.405998 405.349062 
16 0.079796 150.328532 -0.112842 -772.460836 
14 0.211796 1000.893490 0.049896 282.910721 
13 0.048241 222.028311 -0.110010 -480.342738 
13 0.231747 402.669292 0.026315 -603.701259 
12 0.067850 156.000066 -0.059224 -423.579870 
11 0.119052 579.266457 -0.281005 -2541.010718 
10 0.164450 749.632108 -0.204438 -2146.135769 
10 0.029641 181.257044 -0.063376 -266.312602 
9 0.100689 511.378155 -0.224795 -2147.433475 
16 0.019560 61.902032 -0.168428 -777.373011 
14 0.057967 408.321682 -0.050464 -617.731932 
14 0.054441 119.424219 -0.091401 -573.995752 
13 0.044293 96.333336 -0.090742 -537.749759 
12 0.041033 92.286132 -0.079986 -475.561291 
11 0.106734 222.999282 -0.087246 -1031.653503 
9 0.032811 62.636481 -0.093171 -796.013919 
8 0.008394 67.809529 -0.036195 -359.728884 
6 0.017306 73.119712 0.014272 49.738310 
16 0.084423 179.564532 -0.117068 -822.308225 
7 0.041072 96.508505 -0.056631 -486.562112 
4 0.002504 11.164782 0.001473 1.300733 
16 0.045442 184.658220 -0.000781 -153.648227 
16 0.089403 327.134186 0.044763 18.481398 
15 0.021728 88.340473 -0.009550 -131.352599 
14 0.203787 1044.167453 0.108504 161.058406 
12 0.026880 158.223144 -0.051524 -578.585079 
11 0.106831 497.601388 0.060020 60.615164 
11 0.027904 169.455526 -0.115867 -1061.022798 
10 0.039645 185.895013 -0.003311 -99.945122 
7 0.020892 140.212472 -0.079946 -928.555607 
16 0.040454 72.776208 -0.272955 -1160.560437 
15 0.002925 8.186335 -0.199777 -1180.936877 
15 0.017818 40.456027 -0.285797 -1159.834102 
14 0.033226 113.971027 -0.255292 -1390.550457 
12 0.015871 46.645392 -0.207247 -1599.191791 
11 0.026193 98.047932 -0.192918 -1077.652324 
10 0.000993 3.479525 -0.177693 -1427.020477 
9 0.027307 116.878543 -0.021886 -279.621894 
8 0.047176 140.042008 -0.031795 -393.326879 
7 0.076750 868.027894 0.038599 348.858484 
7 0.000817 2.572780 -0.047418 -496.420035 
6 0.004477 27.558014 -0.056787 -781.684626 
5 0.003456 22.971221 -0.038699 -580.107598 
15 0.006367 13.622997 -0.094586 -429.917814 
13 0.017524 35.916643 -0.224777 -838.353770 
9 0.014256 32.635715 -0.210008 -895.413639 
6 0.006556 66.015473 -0.010196 -73.737407 
13 0.237299 389.247714 -0.071388 -1783.709075 
11 0.102820 183.540715 -0.181795 -1790.219175 
10 0.012932 87.721809 -0.025150 -331.148905 
10 0.236151 382.341077 0.001040 -1283.372309 
9 0.199590 339.596273 0.092200 -467.510642 
8 0.372415 602.239272 0.221953 -457.489155 
7 0.034301 240.644450 0.027612 136.983128 
6 0.016882 42.782356 -0.003238 -129.708350 
3 0.002562 12.072582 -0.000429 -15.063918 
17 0.065370 122.479421 -0.095292 -646.780677 
12 0.012781 32.624271 -0.095453 -421.462888 
6 0.002719 11.735929 -0.003435 -54.104123 
2 0.121243 1608.636796 0.115610 1497.326796 
17 0.192284 763.975442 0.088200 -137.261043 
15 0.039419 150.064028 -0.185328 -1172.257550 
14 0.109841 1091.104483 -0.136503 -1738.296546 
14 0.183609 751.348856 0.063562 -251.353268 
14 0.020585 53.615530 -0.233358 -2356.579164 
10 0.101272 381.685767 0.027597 -239.508518 
10 0.011720 34.986393 -0.107574 -1103.704980 
7 0.022901 61.650590 0.019610 37.617107 
5 0.019333 158.120835 0.014395 86.517598 
2 0.002976 25.482094 0.102976 25.582094 
15 0.041414 263.798328 -0.002060 -242.923337 
15 0.051542 234.620319 -0.035395 -297.774873 
14 0.064979 218.432951 0.011954 -389.642089 
9 0.289047 483.873220 0.159820 -616.685146 
8 0.002290 5.851590 -0.093061 -432.744330 
13 0.000726 2.248981 -0.088451 -831.367561 
11 0.004532 46.648813 -0.106561 -1028.765757 
11 0.095889 310.683431 -0.098980 -816.273658 
4 0.000598 3.453325 -0.007276 -89.261692 
16 0.019431 76.223641 -0.051371 -398.315905 
15 0.104752 576.335247 -0.008705 -788.056407 
13 0.243252 1043.558397 0.089539 -207.859789 
13 0.159846 303.699413 -0.263067 -3547.741132 
12 0.019877 80.580106 -0.127704 -1115.429211 
11 0.369020 572.116605 0.026469 -2659.637622 
17 0.017847 60.690432 -0.082419 -611.941499 
15 0.059936 241.430879 -0.082267 -715.861125 
14 0.098313 317.844924 -0.020855 -717.048188 
14 0.021570 46.906561 -0.264112 -1152.961906 
12 0.177880 478.538976 -0.019823 -939.689233 
12 0.101464 186.033620 -0.130167 -969.569431 
11 0.039932 93.661900 0.021235 -26.781158 
11 0.016661 113.588412 -0.318796 -2056.092725 
15 0.020159 105.942677 -0.101224 -1207.632452 
14 0.143401 250.182113 -0.136718 -1125.478031 
11 0.131943 666.893414 0.062116 -110.161240 
10 0.008583 56.162949 -0.052943 -640.631923 
10 0.007105 34.198258 -0.039944 -305.795139 
10 0.046943 283.399679 -0.017207 -438.453043 
13 0.092308 174.683954 -0.041250 -487.414939 
12 0.095453 182.199596 -0.029492 -515.401338 
11 0.005607 19.173574 -0.017002 -142.710121 
13 0.102045 203.206412 -0.210979 -1758.199220 
12 0.074206 166.457889 -0.223644 -1724.743155 
11 0.152592 293.028496 -0.125052 -1507.933170 
8 0.003529 18.462704 -0.054055 -405.153695 
7 0.005673 27.300514 -0.015495 -136.592283 
17 0.020005 152.869058 -0.128575 -1396.371724 
15 0.098065 369.653137 -0.192475 -1404.167943 
14 0.100762 361.074925 0.024430 -201.503317 
13 0.125345 471.123950 0.055860 -34.624889 
12 0.033583 124.774095 -0.016814 -231.678280 
9 0.061393 229.747313 -0.056932 -503.786184 
8 0.050994 213.713007 0.015640 -28.631638 
14 0.022544 81.680428 -0.081590 -519.878489 
13 0.015563 56.728225 -0.072230 -440.443454 
10 0.004235 10.464584 -0.069951 -565.847178 
9 0.054758 224.510227 -0.001875 -173.044016 
8 0.041486 176.292833 -0.003974 -141.999066 
17 0.148396 296.621743 -0.095893 -944.193642 
15 0.020432 88.536176 -0.104284 -871.335766 
14 0.287414 496.169386 0.026333 -1116.288305 
13 0.185005 335.705774 -0.046692 -1088.033319 
9 0.000743 8.200993 -0.096744 -718.646369 
5 0.000700 6.446843 0.000470 3.163292 
15 0.095609 538.256250 -0.025678 -831.365355 
13 0.046836 97.313340 -0.073729 -619.063960 
13 0.118084 395.209353 -0.027292 -874.837109 
11 0.033245 58.133408 -0.111680 -1068.355833 
9 0.008372 22.383890 -0.104513 -879.648978 
15 0.049432 87.236563 -0.067668 -616.613717 
15 0.365680 1325.900145 0.011058 -1171.746997 
16 0.079873 161.693458 -0.138816 -999.461736 
15 0.020514 114.270084 -0.110008 -1199.792903 
14 0.155794 259.666471 0.027561 -442.394619 
13 0.058315 117.249623 -0.054398 -511.815639 
12 0.092992 856.380142 -0.121632 -1687.135314 
11 0.045681 458.068884 -0.383746 -4386.533342 
16 0.182680 471.411802 0.065052 -313.190530 
13 0.065270 529.227837 -0.111880 -581.497308 
16 0.009071 23.444042 -0.073663 -346.769133 
15 0.050615 216.064362 -0.190201 -819.701468 
13 0.129208 240.918886 -0.084683 -789.896793 
13 0.244211 436.582130 0.033666 -884.436034 
12 0.116544 325.875580 -0.080427 -908.919900 
11 0.001248 4.224687 -0.140786 -587.706418 
11 0.001675 3.120972 -0.245821 -981.399508 
10 0.196129 456.157601 -0.047428 -705.874745 
9 0.022923 71.712721 -0.038673 -402.430723 
8 0.035191 118.533944 0.026171 26.005275 
8 0.182997 370.341347 0.062602 -523.615169 
7 0.001718 4.142378 -0.004801 -33.012028 
6 0.001610 5.033421 0.000484 -2.147680 
16 0.046413 88.206348 -0.053283 -356.530628 
16 0.020870 44.256325 -0.078173 -397.564878 
15 0.066869 127.891835 -0.012340 -231.012303 
14 0.004859 17.420429 -0.027503 -196.573614 
14 0.065906 139.777871 -0.018197 -289.124276 
13 0.043658 100.857678 -0.027737 -270.605742 
13 0.177447 360.453641 0.065028 -320.498755 
12 0.020234 55.055628 -0.022015 -154.382601 
11 0.258873 593.598330 0.170767 -27.129391 
10 0.199428 404.057208 0.167272 191.374622 
10 0.107717 293.756437 0.034109 -234.355647 
15 0.232284 547.922375 0.055967 -779.201849 
14 0.125917 339.244483 -0.092700 -1006.654001 
14 0.077850 193.274601 -0.130896 -1202.889006 
13 0.150274 410.795055 -0.045212 -880.928332 
12 0.120031 333.937920 -0.059933 -863.057744 
12 0.250851 1270.311896 0.124005 -156.244468 
11 0.317794 978.724887 0.189592 -15.318730 
11 0.271139 698.844589 0.073506 -689.744413 
10 0.102595 797.681112 0.046070 188.657078 
10 0.042380 162.944158 -0.135890 -889.392291 
9 0.080719 288.290103 -0.149166 -799.697724 
8 0.018653 44.047091 -0.065424 -582.239911 
7 0.026748 83.071278 0.020715 34.747293 
2 0.012897 44.365735 0.112897 44.465735 
15 0.124558 555.192594 0.055093 -200.049674 
12 0.012123 26.367936 -0.030554 -190.355744 
4 0.098126 602.914635 0.080897 367.481392 
3 0.005951 50.027849 0.001278 -16.197661 
16 0.007116 32.417507 -0.110033 -477.651062 
15 0.004608 21.015092 -0.092996 -403.925336 
14 0.025644 58.873839 -0.058038 -332.882718 
11 0.319511 874.733688 0.220956 14.612023 
9 0.000884 4.658180 -0.032248 -148.751900 
17 0.005213 11.329767 -0.151806 -598.195958 
15 0.117956 212.860688 -0.365839 -1914.031912 
14 0.177894 299.128673 -0.258170 -1621.590637 
13 0.170401 289.904717 -0.212368 -1411.407928 
16 0.055366 255.059959 -0.073041 -751.482271 
15 0.002003 5.012826 -0.105193 -463.831047 
14 0.034982 161.634587 -0.158823 -802.030588 
13 0.080875 223.863424 -0.106213 -706.268883 
12 0.077337 210.144355 -0.093428 -666.199930 
11 0.011760 28.267644 -0.044424 -221.811086 
3 0.000692 5.713554 0.100692 5.813554 
16 0.170337 519.579991 -0.062398 -1485.465828 
15 0.258386 707.196217 0.058269 -995.130764 
14 0.157861 462.093192 -0.013108 -1091.518857 
14 0.025350 52.256440 -0.123509 -611.171556 
14 0.442201 1077.296558 0.236319 -662.975751 
13 0.337040 840.827132 0.181951 -304.477991 
12 0.241431 557.389660 0.125498 -323.159274 
12 0.232609 572.851415 0.132725 -155.899155 
11 0.213079 546.871421 0.126566 -90.014591 
9 0.045590 133.226689 -0.026920 -411.119303 
14 0.023173 130.005871 -0.059035 -742.442250 
12 0.045500 293.825455 -0.127112 -1238.081664 
11 0.033586 224.034868 -0.108239 -1024.987126 
10 0.001560 3.982977 -0.038210 -195.040906 
13 0.031377 112.886311 -0.028463 -423.022506 
17 0.073577 153.581521 -0.268007 -1177.113856 
16 0.066267 181.581346 -0.207243 -926.514849 
15 0.062245 164.692771 -0.200769 -914.444421 
12 0.136210 325.204085 -0.095980 -789.390608 
12 0.072026 233.105038 -0.036469 -430.959530 
11 0.174331 297.692297 -0.060706 -721.289039 
9 0.102253 179.692477 -0.279179 -1611.575022 
8 0.055248 718.102470 0.026963 204.814638 
8 0.002755 5.607926 -0.145977 -770.048760 
8 0.005646 11.033205 -0.137071 -728.209337 
4 0.004665 8.684795 -0.008811 -103.823050 
14 0.072385 235.285840 -0.119373 -1055.257642 
13 0.014081 47.273748 -0.218337 -1511.323121 
11 0.024313 83.326636 -0.161341 -1164.695730 
10 0.038465 77.333341 -0.134302 -782.114973 
15 0.132594 414.158113 -0.139390 -1454.318124 
17 0.037024 107.810798 -0.228131 -972.351240 
16 0.021023 52.758675 -0.286578 -1097.495667 
16 0.057336 109.168912 -0.142528 -895.704207 
15 0.020622 52.440272 -0.249320 -960.972822 
15 0.069862 127.595216 -0.160710 -925.660410 
14 0.084843 169.054357 -0.061059 -511.227887 
13 0.089147 174.592378 -0.048348 -570.503320 
12 0.009151 31.054855 -0.030634 -308.774438 
13 0.047012 99.229002 -0.044583 -312.650159 
13 0.261736 876.675345 -0.013042 -1237.268424 
11 0.029044 78.922433 -0.055275 -403.938277 
11 0.189076 649.804687 -0.011692 -874.455277 
10 0.027946 77.898250 -0.037520 -325.741013 
10 0.107747 369.598375 0.046539 -154.903195 
9 0.037698 104.327067 -0.013491 -224.542543 
8 0.004463 24.170327 -0.000383 -11.811013 
8 0.153021 567.494266 0.118788 314.908219 
4 0.000651 5.153604 0.000420 3.143251 
15 0.169600 1490.825983 -0.059223 -1687.215451 
13 0.228521 2480.597560 -0.194156 -2745.905966 
13 0.045158 110.396357 -0.077525 -624.878235 
10 0.317208 2484.515912 0.030676 -1140.410560 
9 0.069571 257.424827 -0.057518 -600.379929 
8 0.005072 55.966425 -0.038800 -713.461740 
7 0.207083 1099.885909 0.163325 604.235908 
16 0.225108 435.774453 0.097708 -187.573901 
16 0.008580 18.440416 -0.061111 -299.675215 
15 0.201742 368.376044 -0.194802 -1534.967834 
15 0.054090 113.909539 -0.120703 -694.758132 
13 0.070799 167.306818 0.023173 -144.640969 
12 0.045513 98.936346 -0.062589 -604.042518 
11 0.016033 32.090529 -0.231017 -878.518374 
16 0.018086 85.609209 -0.177939 -1804.055669 
13 0.011245 31.568581 -0.126162 -902.936614 
12 0.113391 219.631208 -0.046352 -785.034822 
10 0.137547 359.740342 -0.003992 -525.925214 
4 0.052336 190.440052 0.049409 161.095847 
3 0.010867 60.002237 0.010548 57.152650 
17 0.384939 1070.936928 0.240446 127.521940 
16 0.376144 1049.926301 0.241719 234.657902 
15 0.060569 258.777692 -0.209193 -1773.670674 
15 0.105877 291.232018 -0.105366 -995.372761 
11 0.144365 947.217676 -0.099241 -1869.393436 
9 0.357829 571.951526 0.007173 -1682.846419 
9 0.319359 1502.692336 0.151549 184.266235 
8 0.205632 517.119719 0.104342 -275.708477 
5 0.001709 6.923168 -0.004459 -36.959898 
4 0.001536 8.037726 0.001510 7.819545 
3 0.014752 85.082282 0.014168 77.741307 
3 0.000175 0.950558 0.000000 -0.485429 
14 0.068906 130.980219 -0.088235 -592.499294 
13 0.044089 128.165826 -0.085172 -678.514532 
12 0.749787 1243.895085 0.333063 -1579.136572 
11 0.421355 666.513974 0.061637 -1768.138455 
10 0.399752 647.901184 0.097021 -1567.719369 
10 0.181995 2343.431095 0.130912 1548.227603 
8 0.185260 338.736457 0.018589 -1155.653934 
16 0.074870 217.955951 -0.001894 -440.572932 
11 0.010358 43.467901 -0.118209 -904.077086 
16 0.035007 224.745593 -0.087160 -799.826507 
16 0.262561 1447.187799 0.064442 -217.024957 
15 0.021868 143.722339 -0.149853 -1271.451110 
16 0.006041 16.730064 -0.081603 -712.936029 
15 0.138875 430.074974 0.065398 -253.579967 
14 0.009424 25.399199 -0.061688 -320.705694 
12 0.010785 20.988732 -0.108448 -724.508310 
10 0.122642 226.621372 0.016309 -332.996776 
9 0.048374 234.576873 0.018291 -49.185766 
4 0.005057 30.236423 0.004762 26.071050 
15 0.146194 510.458172 -0.121640 -1738.277030 
14 0.142595 502.740853 -0.095807 -1520.807938 
12 0.662402 3052.786105 0.287942 -522.467235 
10 0.069987 341.322957 -0.154202 -658.643959 
16 0.075194 415.966068 -0.003950 -548.748493 
15 0.097755 511.491182 0.005357 -849.731955 
15 0.055160 99.948400 -0.173520 -986.548285 
16 0.191210 389.686303 0.050994 -466.298536 
14 0.266649 1300.375181 0.079721 -59.621627 
11 0.044636 233.406900 -0.064735 -677.745908 
15 0.024821 131.321964 -0.024907 -390.029899 
12 0.378401 2033.589582 0.095436 -277.684416 
7 0.048742 266.285304 -0.060321 -849.852727 
15 0.067725 250.257656 -0.023887 -431.860926 
15 0.323859 1016.202576 0.184406 69.702206 
13 0.042056 134.314915 -0.071626 -657.854744 
11 0.167283 969.493150 -0.067711 -1957.958360 
11 0.014612 51.208770 -0.172430 -1237.978698 
9 0.014580 56.850786 -0.060980 -532.081636 
8 0.144723 899.907013 0.074492 48.489733 
7 0.210119 692.957983 0.133483 75.411390 
6 0.262241 918.722939 0.200642 374.603050 
16 0.006302 12.250010 -0.044553 -220.090089 
10 0.071455 452.501082 0.052559 208.253549 
4 0.446193 2344.263379 0.386626 1722.650220 
2 0.003173 39.123993 0.103173 39.223993 
16 0.069233 126.465139 -0.082564 -685.537073 
16 0.058196 178.424968 -0.086388 -1041.198133 
15 0.125790 248.141514 -0.021153 -706.256110 
14 0.087374 172.516723 -0.062974 -792.104006 
13 0.097383 281.305244 -0.008887 -664.365674 
12 0.243042 648.733181 0.065307 -417.067999 
10 0.223323 1116.789054 0.065045 -731.912195 
8 0.048700 294.665678 -0.009043 -403.468745 
7 0.016873 88.745501 0.001798 -74.603145 
4 0.002115 14.137052 0.001224 2.806343 
15 0.026033 61.899906 -0.031549 -201.365123 
4 0.015606 126.225168 0.005013 14.395396 
4 0.002816 26.660985 -0.006134 -57.306722 
3 0.003330 28.868538 -0.005038 -71.732008 
2 0.011905 151.318379 0.006944 103.436967 
14 0.027879 216.608913 -0.119307 -959.063545 
13 0.027896 220.729791 -0.060435 -526.186891 
16 0.217654 836.003044 0.086438 123.322854 
13 0.185339 857.975751 0.098327 -110.872304 
11 0.403242 1149.212185 0.162628 -786.562605 
10 0.182275 628.089038 0.032438 -822.018213 
10 0.020484 80.611252 -0.283412 -1826.933514 
10 0.390258 1057.102570 0.190590 -641.938987 
8 0.046564 123.836080 0.024646 -39.118622 
7 0.011859 42.667713 0.005554 4.619471 
2 0.002115 11.738946 0.102115 11.838946 
16 0.159018 563.916244 -0.058417 -940.723627 
14 0.022750 60.618398 -0.070026 -862.068780 
9 0.116673 650.225299 0.017323 -656.361393 
9 0.163548 394.705642 -0.051629 -675.812636 
8 0.126283 758.050231 0.098922 371.943788 
8 0.063736 358.862866 0.044016 75.940543 
14 0.011764 37.849090 -0.103296 -705.696288 
12 0.201627 698.327194 0.004756 -1261.931579 
7 0.250838 1538.689216 0.191988 761.887768 
17 0.049101 107.139682 -0.059321 -384.289829 
15 0.010821 32.945701 -0.072164 -342.601607 
13 0.008102 18.243444 -0.050447 -300.838800 
12 0.032286 79.759202 -0.098714 -512.442412 
11 0.045681 89.478277 0.013042 -129.258663 
10 0.025631 50.673795 -0.008400 -164.265132 
8 0.000409 2.082764 -0.036472 -194.806468 
6 0.075382 154.861096 0.064572 76.904282 
13 0.138090 478.005863 -0.037583 -825.416194 
13 0.018142 158.932924 -0.183824 -2040.222937 
11 0.052323 200.399703 -0.055214 -609.972122 
17 0.291115 492.413889 -0.058616 -1328.345110 
15 0.022454 62.775548 -0.105972 -775.191847 
13 0.022626 44.324662 -0.116744 -494.469070 
10 0.015906 53.801624 -0.093517 -581.952143 
9 0.016378 44.304188 -0.061019 -496.697937 
8 0.015086 41.849866 -0.039488 -356.113100 
6 0.001860 4.142368 -0.032408 -247.794978 
5 0.001870 11.691388 0.000837 -0.151706 
4 0.001163 7.217114 0.001084 6.281438 
16 0.096744 169.342618 -0.165338 -958.934483 
15 0.150427 265.180708 -0.052882 -620.281304 
14 0.055868 121.060184 -0.089861 -701.081767 
13 0.058279 278.364693 -0.081176 -757.291209 
10 0.132783 442.025035 -0.037406 -1270.233432 
9 0.080413 181.020676 0.023063 -209.465609 
16 0.075699 169.777370 0.019137 -140.461552 
15 0.102569 219.438248 0.043446 -106.475891 
12 0.059748 107.623484 -0.070907 -618.067467 
16 0.222510 1404.208541 0.141132 595.204731 
16 0.060355 509.604860 -0.003031 -104.552221 
15 0.020853 130.674607 -0.279764 -1058.108512 
11 0.050293 293.531875 -0.020835 -277.991289 
7 0.001484 8.558562 -0.025239 -134.274098 
7 0.001095 6.435866 -0.026595 -140.463653 
5 0.000357 1.545967 -0.001124 -8.767532 
4 0.000268 1.164162 -0.000005 -1.049497 
2 0.006144 50.444961 0.106144 50.544961 
15 0.020578 100.795842 -0.144931 -1690.874667 
17 0.028168 232.823221 -0.108053 -1013.055089 
15 0.169768 1019.825652 -0.037287 -1147.156643 
15 0.044088 290.919288 -0.293371 -2014.774905 
14 0.030645 59.214256 -0.091921 -437.246029 
14 0.432084 2452.937251 0.162683 -343.535307 
13 0.132995 964.411850 -0.124715 -1712.555915 
12 0.127975 930.473270 -0.110031 -1544.663430 
12 0.123302 1021.421569 -0.122100 -1531.662780 
11 0.066940 301.547105 -0.233456 -1654.264646 
11 0.011131 20.690482 -0.056338 -281.114750 
9 0.019841 42.297686 -0.018558 -143.994668 
9 0.089510 752.649042 -0.133065 -1399.666702 
16 0.047402 105.455122 -0.106228 -956.227970 
14 0.009502 44.413092 -0.275242 -1483.839127 
16 0.039440 110.389652 -0.121701 -1165.518450 
14 0.237131 616.392811 -0.100859 -2289.129482 
13 0.101082 262.175469 -0.215030 -2382.787204 
13 0.017855 130.605660 -0.024268 -183.890875 
15 0.114643 208.048940 -0.144824 -2542.352608 
14 0.010908 70.710342 -0.204216 -2248.837586 
13 0.011091 93.373723 -0.184054 -2029.089468 
12 0.001900 4.468576 -0.052532 -238.833333 
10 0.038612 79.210985 -0.095415 -1399.754558 
15 0.099236 504.595973 0.025122 -195.923988 
15 0.013397 26.291371 -0.069451 -334.028229 
14 0.034065 206.809681 -0.009117 -212.734128 
12 0.019203 39.908365 -0.035543 -208.092467 
11 0.012104 74.726728 0.006482 23.229648 
15 0.041332 252.286308 -0.320189 -2854.936850 
13 0.119858 876.731716 -0.364373 -3425.346539 
12 0.019305 242.187960 -0.370371 -3243.348782 
12 0.005433 46.728265 -0.041026 -166.590393 
13 0.065647 178.999328 -0.025218 -293.488247 
10 0.226441 804.643406 -0.207824 -2446.767846 
16 0.003376 21.690473 -0.092669 -655.860503 
15 0.016956 41.663079 -0.113455 -750.169482 
12 0.057277 198.388170 -0.025867 -448.655316 
10 0.336803 858.049300 0.141665 -584.706193 
9 0.043410 126.210401 -0.020977 -497.488201 
8 0.048913 183.725097 0.043268 122.413903 
7 0.041577 161.729333 0.040793 149.029409 
12 0.257302 640.637913 0.049625 -734.644051 
11 0.298831 642.941317 0.127125 -509.322943 
10 0.031102 177.653488 -0.072057 -1462.512686 
16 0.401349 2010.294039 0.154314 -1148.942466 
14 0.297928 2301.159344 -0.018268 -1722.636547 
14 0.123772 345.853827 0.050459 -234.236667 
14 0.107011 933.683881 -0.025602 -833.624604 
12 0.283708 2660.508829 -0.059859 -3043.949035 
8 0.255098 2517.436639 0.029513 -1748.299886 
8 0.005269 14.886310 -0.005260 -48.072993 
7 0.175168 1736.491122 0.123481 948.997274 
7 0.001052 3.438787 -0.003115 -23.941453 
7 0.412897 4167.760381 0.186378 452.836605 
5 0.237063 2527.541707 0.080769 -114.045177 
4 0.006630 50.468350 0.006089 44.344553 
3 0.000675 4.355211 -0.001929 -27.886207 
12 0.147368 271.304318 0.044729 -336.914471 
11 0.010416 19.340211 -0.309256 -1377.056317 
9 0.024952 65.327912 -0.264637 -1044.570512 
7 0.004405 16.581969 -0.039946 -309.989682 
7 0.008730 26.563009 -0.013495 -103.455310 
6 0.003960 21.036898 -0.010972 -100.954700 
6 0.005268 20.120088 -0.010382 -83.057502 
16 0.022477 119.059749 -0.127428 -1319.045303 
16 0.023656 74.030793 -0.195309 -1440.982253 
15 0.170870 553.923435 -0.105585 -1496.949829 
14 0.173212 569.322550 -0.059116 -1167.751633 
13 0.175037 764.183919 -0.159602 -1701.650801 
12 0.010225 39.195570 -0.005664 -77.430284 
7 0.003483 24.599663 -0.029412 -327.988612 
6 0.000518 2.207340 -0.002901 -24.632679 
14 0.108293 288.912592 -0.196628 -1458.870428 
13 0.062039 108.629458 -0.249203 -1937.029645 
15 0.007411 29.861519 -0.173701 -1107.835355 
14 0.146176 257.092182 -0.005328 -729.549974 
13 0.140987 264.263433 0.021737 -518.180653 
13 0.149827 296.700998 0.025634 -518.608615 
12 0.129424 242.177818 0.042473 -330.845123 
12 0.061586 170.521304 -0.200517 -1448.582556 
11 0.117664 301.376887 -0.108421 -1128.800011 
11 0.097827 249.188294 -0.129363 -1189.336389 
9 0.100530 269.150644 -0.057120 -680.875818 
8 0.006932 23.666091 -0.034139 -287.762120 
7 0.017046 44.336911 0.005252 -27.758105 
4 0.014739 154.928138 0.008114 62.845517 
16 0.079160 316.781938 -0.141825 -1195.728492 
15 0.241169 993.230261 -0.019137 -1199.415501 
11 0.248730 1063.090462 -0.010347 -1176.306782 
9 0.026057 126.116499 -0.083549 -410.520552 
7 0.028833 107.962017 -0.151149 -773.997553 
13 0.379039 877.261508 0.104998 -887.474625 
12 0.332182 779.893773 0.092770 -777.260867 
12 0.080844 370.221243 -0.068145 -1212.359871 
11 0.307001 872.758446 0.104740 -1571.905654 
11 0.268431 2436.291940 0.083362 98.049775 
10 0.259138 738.094823 0.093097 -1273.438273 
10 0.259717 3030.463199 0.061850 337.697567 
9 0.166001 739.581058 0.002151 -1101.708927 
9 0.378753 3140.752917 0.249887 1503.818207 
7 0.011449 93.689962 -0.009123 -204.992070 
14 0.015963 44.963267 -0.161763 -1672.611722 
13 0.000378 0.783811 -0.078785 -415.904535 
7 0.013525 59.212969 -0.043946 -422.926613 
6 0.004402 32.916613 -0.029012 -298.398576 
5 0.006795 36.438911 -0.022214 -237.551341 
3 0.000626 4.285548 0.100626 4.385548 
15 0.212737 378.694965 0.009132 -799.986879 
13 0.035445 72.407246 -0.049539 -466.814817 
12 0.014867 53.818942 -0.034924 -377.086937 
12 0.101288 179.189992 -0.341308 -1964.347649 
14 0.345605 570.513585 0.054989 -1396.900896 
13 0.035207 72.333818 0.001135 -87.499808 
15 0.126317 409.445016 -0.006353 -633.773707 
14 0.162262 373.872320 0.024582 -933.448619 
13 0.035515 72.825805 -0.147185 -1185.445243 
12 0.096045 302.774544 -0.195964 -2479.482060 
10 0.271580 792.278650 -0.000325 -1804.413589 
10 0.089901 166.531275 -0.049102 -715.881320 
9 0.120304 355.657263 0.004206 -383.136517 
9 0.088586 177.226889 -0.052894 -505.916436 
8 0.074022 228.288014 -0.013405 -318.712621 
8 0.048218 97.096059 -0.089352 -946.910163 
7 0.143411 553.520186 0.078796 18.202419 
6 0.072280 356.593680 0.067696 293.962221 
6 0.024227 154.094334 -0.017846 -202.972042 
4 0.008710 76.655327 0.108710 76.755327 
4 0.264943 2540.421229 0.228316 1879.756941 
3 0.042333 611.543598 0.022566 244.018923 
16 0.204917 762.039658 0.040219 -345.336969 
15 0.381911 2230.830861 0.248748 977.400769 
9 0.021744 87.860284 -0.178650 -1189.396989 
11 0.087136 206.655295 0.033332 -115.761325 
10 0.017569 43.644591 -0.031620 -258.069782 
8 0.067498 150.051837 0.047802 35.204930 
2 0.006557 34.626744 0.106557 34.726744 
14 0.118935 199.827541 -0.109932 -972.229410 
12 0.010678 18.819958 -0.220582 -1155.763362 
11 0.062411 408.023115 -0.009799 -393.879936 
11 0.010488 18.576771 -0.207179 -1085.943053 
10 0.116974 261.291154 -0.069108 -691.265394 
10 0.045724 256.985458 -0.049235 -902.667949 
9 0.105342 358.880259 -0.041257 -407.399055 
15 0.191127 1625.522231 -0.006039 -747.192045 
14 0.300712 2913.235471 -0.004072 -1323.365343 
13 0.628414 6042.758988 0.407097 2963.764179 
13 0.127064 293.590259 0.060930 -129.165259 
12 0.123636 290.706410 0.079610 -5.581356 
11 0.034250 87.962495 -0.001993 -160.199302 
10 0.287072 2682.439775 0.007774 -1015.278468 
9 0.118378 1176.605548 -0.141006 -2275.415766 
8 0.052291 170.083883 -0.001753 -262.515698 
7 0.051330 559.135159 -0.067391 -1087.808005 
17 0.467122 1143.600466 0.258410 -254.999989 
15 0.082596 236.634600 -0.072099 -596.255788 
15 0.236349 1517.531475 -0.147443 -1225.290803 
14 0.014253 32.644309 -0.174566 -1101.477074 
14 0.020351 69.040754 -0.104511 -620.111887 
12 0.159681 537.992968 -0.290798 -3115.101359 
12 0.560259 1817.233592 0.057805 -2221.347890 
11 0.076751 593.461862 -0.078606 -1362.130043 
16 0.055214 107.489506 -0.118636 -580.279781 
15 0.005295 9.504841 -0.168936 -941.678893 
14 0.004914 8.997125 -0.161882 -916.050004 
12 0.016809 29.226860 -0.224140 -1838.201944 
11 0.337630 954.367215 -0.048092 -1413.353947 
11 0.200677 368.918390 0.101034 -432.297647 
9 0.004722 46.154615 -0.267035 -3719.576753 
8 0.285552 536.974009 0.172474 -184.063063 
3 0.333356 2718.806476 0.274890 1891.126166 
16 0.267685 795.312696 0.118052 -100.704461 
12 0.042666 149.960575 -0.177795 -1282.290498 
9 0.135368 248.838875 -0.074493 -672.107005 
7 0.000168 0.559027 -0.045638 -261.905413 
5 0.005271 40.909045 0.002310 7.554052 
4 0.002602 41.030605 -0.000572 -24.859606 
16 0.058910 107.544499 -0.284721 -1238.063537 
14 0.241023 2990.988905 0.103409 690.886808 
13 0.029685 69.198314 0.007076 -45.033081 
12 0.074627 151.998181 -0.305460 -1857.475572 
8 0.011379 21.163526 -0.126435 -572.170198 
15 0.006881 23.687705 -0.344218 -2498.350905 
14 0.003630 12.575562 -0.284523 -2073.943538 
13 0.003542 12.583224 -0.246234 -1797.234363 
11 0.003093 14.124041 -0.159053 -1180.630492 
9 0.000526 2.142511 -0.006607 -48.640859 
7 0.000346 1.315491 -0.049975 -495.537612 
12 0.328470 1120.519659 0.110580 -999.202643 
11 0.318563 1101.903004 0.155308 -497.057131 
10 0.454338 1226.850417 0.332734 28.041301 
3 0.001753 16.883001 0.000292 -2.908235 
17 0.012259 31.388166 -0.044231 -213.447159 
16 0.451426 3797.229787 0.112340 636.264214 
16 0.007578 19.481226 -0.038615 -183.471413 
15 0.053362 487.716367 -0.280177 -2609.618317 
15 0.043280 135.128693 -0.001506 -87.202052 
12 0.128119 913.933761 -0.111139 -1347.580333 
7 0.009614 105.271460 -0.022252 -314.184209 
4 0.000175 1.452020 0.000058 0.067696 
4 0.010190 78.475273 0.004954 10.333930 
3 0.007862 66.438678 0.007296 59.378424 
2 0.007440 60.355175 0.107440 60.455175 
15 0.010901 49.943557 -0.290246 -2156.000083 
15 0.166218 941.287200 -0.225007 -1705.566208 
14 0.023319 58.600824 -0.001704 -83.087156 
16 0.132610 673.585607 -0.201544 -2737.845931 
16 0.050345 104.460615 -0.104404 -603.454286 
14 0.105067 514.970981 -0.181113 -2330.814657 
13 0.030915 152.540372 -0.223855 -2278.754628 
13 0.059448 150.260276 0.015185 -135.504364 
13 0.036360 89.214301 -0.072312 -430.638870 
12 0.070937 173.106805 0.041526 -21.034910 
12 0.031033 151.601044 -0.185355 -2045.787734 
11 0.019837 87.496020 -0.019105 -192.129732 
17 0.015980 38.516363 -0.137019 -697.247354 
15 0.017367 40.360899 -0.142264 -667.857309 
13 0.081261 708.045263 -0.053754 -1365.959909 
13 0.026325 47.447177 -0.267110 -962.094266 
13 0.417887 969.617057 0.118711 -1242.865244 
13 0.676910 1694.706566 0.426938 -190.939359 
12 0.374314 942.901200 0.098797 -1142.099614 
8 0.087011 367.283579 0.027978 -198.018633 
16 0.153717 317.069340 -0.018331 -592.145711 
11 0.154066 280.581989 -0.112291 -1024.916591 
6 0.083612 244.318964 0.039104 -100.875162 
5 0.062489 200.014924 0.037093 -11.789293 
17 0.115571 262.602676 -0.016228 -503.591952 
16 0.063657 300.209301 -0.084805 -507.012650 
13 0.340363 715.848754 0.217523 81.087957 
13 0.177797 600.852487 -0.108175 -1228.104161 
9 0.054684 116.777524 0.000417 -233.765687 
3 0.030519 603.108991 0.000118 35.040146 
13 0.135467 256.767688 -0.065502 -1076.173552 
12 0.085319 164.718064 -0.095303 -1041.217327 
16 0.232378 579.043491 -0.001811 -1731.654364 
15 0.289076 1003.021007 0.070147 -1162.281017 
15 0.296125 1027.562131 0.072831 -1180.342561 
14 0.020220 75.929271 -0.047324 -387.495264 
12 0.010215 41.574908 -0.044754 -366.475643 
10 0.099854 344.869779 0.027518 -297.825892 
17 0.004308 11.000346 -0.087097 -388.992811 
16 0.021063 40.132294 -0.074343 -524.877623 
10 0.039418 75.729277 0.006792 -126.816820 
17 0.145621 1038.847656 -0.059291 -1110.047915 
15 0.086690 467.680648 -0.079509 -1136.332592 
14 0.236041 1187.779372 0.065521 -283.464935 
13 0.229290 1024.516199 0.016822 -992.399718 
10 0.043963 268.602551 -0.104502 -1297.206332 
4 0.014183 138.882292 0.013431 127.586317 
4 0.088511 348.453946 0.046263 -28.511746 
3 0.001783 21.829391 0.001417 15.040077 
2 0.012295 79.138328 0.009016 39.089554 
13 0.176480 602.568490 -0.154374 -1447.274628 
11 0.073189 255.652901 -0.228667 -1646.172837 
11 0.062594 114.810252 -0.039830 -508.110370 
15 0.286956 1078.733488 0.102189 -1085.156599 
14 0.139020 352.048204 -0.059412 -1776.366489 
13 0.093862 285.588279 -0.046886 -1102.620337 
12 0.218309 762.203178 0.113462 -170.035858 
10 0.096227 321.852023 0.015996 -264.348151 
9 0.035548 161.362095 -0.007224 -195.825984 
8 0.050677 293.228751 0.028548 100.923508 
7 0.268287 900.415935 0.258289 809.677572 
3 0.008653 87.968141 0.007711 75.854281 
12 0.079424 813.800917 -0.079260 -1438.118649 
15 0.013966 37.103305 -0.027698 -243.813273 
15 0.082052 190.194403 0.043169 -65.586106 
13 0.123917 475.718087 -0.004611 -484.227874 
13 0.244219 886.603895 0.135231 59.580305 
12 0.078659 305.836853 -0.017599 -414.422258 
11 0.064490 227.556296 -0.018156 -393.594075 
10 0.088364 210.560770 0.020668 -315.278700 
8 0.026132 126.225372 -0.005678 -144.041720 
7 0.019651 101.044468 -0.004221 -140.846324 
5 0.441413 3243.576545 0.296955 540.674584 
4 0.145061 1421.848601 0.040734 -603.538657 
3 0.080909 944.222364 0.020880 -342.140645 
13 0.041446 96.126490 -0.190393 -1241.227296 
12 0.046783 90.235416 -0.170326 -1159.362828 
11 0.033801 93.021387 -0.169716 -1083.217365 
10 0.031368 63.659414 -0.156059 -1030.012135 
10 0.026275 98.942415 -0.013549 -239.286222 
9 0.151348 802.947487 -0.021333 -945.395667 
14 0.206233 710.730835 -0.041580 -1359.765785 
13 0.132917 269.836554 -0.286618 -1734.945087 
13 0.201061 549.058124 -0.146366 -2277.855468 
11 0.000737 5.336555 -0.037403 -273.385463 
10 0.200379 423.153790 -0.173094 -1432.268769 
9 0.506454 918.807524 0.193857 -775.296337 
8 0.064627 321.098881 -0.092327 -394.233382 
8 0.004380 24.637914 -0.154114 -694.977160 
7 0.002826 17.400210 -0.072971 -402.275664 
6 0.428207 821.284347 0.255348 -457.347580 
4 0.011423 36.314603 0.004203 -21.155469 
3 0.013747 53.544917 0.012893 46.438891 
4 0.000139 1.057399 0.100139 1.157399 
16 0.143427 444.842680 -0.082979 -1692.296393 
12 0.132833 443.669789 0.025259 -376.545443 
9 0.065089 229.293825 -0.174413 -1310.477612 
9 0.041023 239.247019 -0.070394 -1158.646672 
8 0.052338 175.344545 0.003678 -264.034742 
15 0.067873 131.233963 -0.060867 -509.885379 
14 0.018164 36.899559 -0.066269 -407.759965 
13 0.407131 1421.055433 -0.034939 -1842.699649 
15 0.088726 451.697470 -0.015117 -606.279741 
14 0.007566 35.022151 -0.126298 -713.017385 
13 0.004313 19.969135 -0.090612 -519.237698 
12 0.001883 8.243882 -0.078385 -442.037399 
16 0.494982 810.786643 0.089401 -641.793212 
14 0.014706 29.496911 -0.409417 -1435.362599 
13 0.033164 62.416837 -0.491949 -1785.263156 
13 0.013346 30.473061 -0.023581 -139.523431 
12 0.012760 33.854045 -0.014837 -97.395415 
8 0.019237 102.857612 -0.046097 -441.454669 
14 0.182336 478.527606 0.064841 -565.668436 
13 0.105775 559.774704 -0.057325 -991.435433 
13 0.004403 19.158750 -0.059644 -424.473798 
17 0.159668 396.733616 0.050949 -289.003852 
4 0.001073 16.097107 0.000866 11.106252 
3 0.032676 281.770322 0.029550 225.424131 
15 0.085408 235.009171 -0.030128 -667.334486 
14 0.034449 123.108760 -0.036400 -390.388871 
12 0.124414 596.316518 -0.002172 -660.997949 
11 0.120658 588.192168 -0.111150 -997.719624 
10 0.008171 24.641849 -0.194289 -1372.189882 
8 0.004728 16.229601 -0.087905 -661.893983 
8 0.000596 1.502990 -0.017875 -97.465720 
3 0.021948 164.069091 0.017132 97.821463 
14 0.199201 488.076657 0.076787 -368.631729 
13 0.147210 374.332822 0.055038 -278.282156 
13 0.109075 462.121027 -0.086751 -1353.175698 
10 0.293636 956.197060 0.185937 -83.592684 
4 0.014536 131.560112 0.011286 77.904688 
16 0.466335 1093.410649 0.048701 -1585.277169 
14 0.151972 411.938735 0.039601 -350.729688 
13 0.078086 303.921921 -0.022656 -465.028505 
12 0.119491 477.504916 0.055171 -20.539197 
11 0.074294 297.693305 0.039398 54.527183 
9 0.019785 56.670005 0.012681 15.711568 
15 0.018886 37.933699 -0.110277 -561.934431 
14 0.017796 33.025243 -0.216455 -1217.657533 
14 0.038849 73.309951 -0.077234 -457.356025 
13 0.034678 329.739401 -0.293358 -1485.513832 
12 0.030740 185.150852 -0.272355 -1569.654876 
11 0.036552 277.870774 0.017907 51.694163 
11 0.015023 95.101855 -0.269113 -1320.149386 
9 0.025919 270.340636 0.015806 127.971337 
8 0.010711 13.668136 -0.032466 -278.872878 
8 0.001877 14.399413 -0.151954 -1164.694256 
4 0.000315 1.793661 0.100315 1.893661 
14 0.043954 253.303025 -0.013953 -354.371187 
13 0.049966 319.998685 0.002828 -29.506459 
13 0.117033 731.924531 -0.145862 -2271.351861 
12 0.015266 50.458264 -0.032699 -522.092301 
12 0.109865 693.374647 -0.131826 -2090.600249 
11 0.039125 119.283362 -0.002910 -131.223235 
11 0.073516 348.844232 0.048680 119.355774 
11 0.127877 1114.087320 -0.101537 -1540.107099 
14 0.059338 107.253840 -0.222306 -1208.954031 
13 0.036123 85.816564 -0.167426 -876.105974 
12 0.066370 207.146667 -0.177052 -720.494135 
11 0.084558 223.582039 0.063586 68.920273 
11 0.026855 69.979501 -0.203777 -1073.356606 
12 0.202844 1923.294304 0.112515 940.548950 
12 0.100359 976.363661 0.012331 37.395647 
10 0.227579 2207.439419 0.073691 -420.809153 
9 0.120851 1017.951629 0.088924 660.719628 
6 0.155492 708.958684 0.101499 57.718226 
2 0.002560 11.977758 0.102560 12.077758 
17 0.003257 8.014173 -0.073985 -391.597090 
12 0.103142 255.496838 -0.116334 -1731.433120 
9 0.132686 373.311803 -0.148485 -1585.132609 
5 0.086739 266.511455 0.085230 252.529444 
17 0.302366 1617.009065 0.189386 -345.617989 
15 0.044029 88.769348 -0.017199 -180.313491 
15 0.181068 1418.168168 0.116726 304.617500 
13 0.006865 14.707136 -0.041144 -198.099725 
13 0.086016 766.082771 0.005316 -672.476469 
12 0.082380 153.672066 0.050942 -20.852355 
11 0.005881 14.145454 -0.004917 -39.322326 
9 0.059279 516.193479 0.000597 -538.750017 
9 0.020307 194.898611 -0.000196 -184.823699 
6 0.003799 30.352969 0.000060 -16.803532 
5 0.012955 99.050255 0.011532 82.475748 
14 0.114375 641.837154 0.025966 -413.015621 
13 0.106295 201.907660 -0.049190 -911.199225 
12 0.055922 109.090578 -0.094753 -844.647105 
10 0.097852 185.846407 -0.008934 -474.718569 
9 0.013612 72.232440 -0.141372 -882.966992 
9 0.070790 197.751728 0.007902 -203.655993 
16 0.051101 114.519668 -0.086397 -564.224096 
15 0.292197 1561.950427 0.090757 -1021.396068 
14 0.004923 9.233127 -0.137048 -647.545972 
13 0.004350 8.271745 -0.153136 -964.802187 
12 0.004790 23.080705 -0.203169 -1154.964267 
11 0.021721 44.528457 -0.082610 -603.727961 
10 0.289231 2039.340351 -0.037801 -2070.727251 
10 0.021468 95.421690 -0.173963 -1196.833899 
10 0.027295 90.466719 -0.152466 -1082.593842 
10 0.014496 14.989174 -0.207242 -1572.036355 
8 0.011802 49.840992 -0.155269 -1232.150569 
17 0.068874 350.156817 -0.062931 -833.575979 
16 0.011470 27.498445 -0.135705 -667.670608 
15 0.066873 372.931880 -0.208316 -2238.666877 
12 0.044279 120.988826 -0.220383 -2489.649733 
12 0.154700 288.141851 -0.082877 -985.822916 
11 0.017388 102.530104 -0.107006 -644.848204 
11 0.091823 173.148657 -0.114837 -968.779677 
11 0.076648 216.911362 -0.273995 -3532.780055 
9 0.013343 72.207692 -0.055552 -372.597686 
8 0.026069 86.489835 -0.227879 -2696.051138 
13 0.015619 104.637567 -0.158458 -1389.585281 
13 0.012038 67.875109 -0.141862 -1275.832879 
11 0.019891 147.219005 -0.098577 -887.144112 
10 0.067991 478.897062 -0.074510 -887.192391 
6 0.000989 7.319747 -0.000990 -15.246775 
4 0.007710 69.638296 0.007129 61.557231 
15 0.092442 192.654156 -0.038019 -539.900193 
10 0.401417 733.378126 0.282937 100.618814 
4 0.028435 239.416652 -0.014051 -314.860561 
3 0.014639 57.093614 0.010812 21.076048 
16 0.177254 1687.651451 -0.008386 -1234.975865 
14 0.019177 55.862237 -0.153123 -939.893364 
13 0.038025 104.486654 -0.116428 -770.046123 
12 0.062011 268.301251 -0.045265 -380.709148 
14 0.006655 40.389217 -0.112348 -762.248720 
14 0.016968 69.646368 -0.103968 -742.614848 
13 0.020295 57.687041 -0.094562 -759.349799 
12 0.178135 361.546547 -0.107765 -1360.060327 
11 0.309339 514.634161 -0.038130 -1377.373512 
7 0.286044 831.479984 -0.058955 -1504.428730 
6 0.215731 809.483417 -0.030976 -937.228866 
4 0.000498 9.647121 -0.000622 -11.282622 
15 0.017020 86.412717 -0.065742 -281.519340 
16 0.015867 58.119227 -0.044257 -498.615156 
14 0.124074 388.039519 -0.009214 -570.775933 
10 0.008297 19.089542 -0.064109 -474.443128 
9 0.003973 9.853228 -0.059020 -429.305979 
14 0.085610 201.829829 -0.085214 -589.193755 
11 0.018131 116.587251 -0.066713 -556.700306 
10 0.218314 653.915798 0.064222 -541.301716 
9 0.012977 27.303143 -0.202360 -1410.417159 
7 0.043173 304.060942 0.007623 -55.394443 
6 0.008503 75.963751 -0.049224 -583.779611 
6 0.009070 19.482208 -0.013432 -115.744196 
5 0.000046 0.200892 -0.004034 -24.524040 
4 0.152721 649.685800 0.123318 370.477185 
16 0.078090 162.236866 -0.068245 -650.651032 
13 0.075147 151.133796 -0.180636 -931.598575 
13 0.065945 119.515120 -0.164673 -862.155017 
12 0.130893 383.847678 -0.049867 -1387.850866 
15 0.051666 229.292404 -0.062377 -553.074387 
15 0.029516 123.815655 -0.096539 -681.125914 
13 0.007864 76.408484 -0.100464 -664.380136 
13 0.027924 62.656540 -0.124957 -987.157102 
12 0.006577 66.329830 -0.092876 -620.503214 
10 0.004236 30.913407 -0.175820 -1449.916875 
9 0.011596 58.651964 -0.125200 -1133.769746 
8 0.003112 2.527052 -0.125784 -1065.172380 
17 0.028834 82.755839 -0.046784 -343.643754 
14 0.015517 41.145742 -0.033295 -209.124569 
12 0.049434 104.842203 -0.068062 -439.376304 
11 0.158437 432.080899 -0.187327 -1870.798930 
7 0.276127 1033.810358 0.142628 -418.154131 
6 0.240501 2527.228598 0.147870 1146.200999 
14 0.024900 65.262502 -0.258458 -1762.432360 
12 0.054424 105.875509 -0.118748 -585.409744 
10 0.073985 151.278922 -0.098635 -676.366043 
9 0.091862 168.157904 -0.045652 -531.161855 
8 0.011019 24.982508 -0.102463 -571.986266 
5 0.004609 45.094480 0.003208 25.640348 
14 0.085559 261.414064 -0.076735 -1999.112331 
10 0.020785 59.302922 -0.058677 -1084.831860 
8 0.001707 22.563627 -0.036999 -618.488928 
15 0.072588 319.067631 -0.094485 -899.867110 
14 0.133071 424.526447 -0.215517 -2170.638330 
13 0.097245 335.796904 -0.209038 -1900.087480 
12 0.101511 340.038352 -0.191992 -1821.649528 
11 0.144757 473.712775 -0.137751 -1733.978830 
14 0.152685 512.157267 -0.017195 -671.207742 
14 0.015340 50.951489 -0.420267 -3522.763282 
13 0.083206 317.219922 -0.337675 -3150.157963 
12 0.086596 302.801942 -0.223795 -1757.076986 
12 0.298923 1359.051859 0.058720 -445.588331 
11 0.052153 237.145350 -0.329070 -2955.906638 
11 0.005730 16.213553 -0.355673 -3003.894558 
10 0.008932 32.277313 -0.275007 -1846.519822 
14 0.439055 2781.142173 0.095304 -1595.055501 
13 0.109635 544.099894 -0.232825 -1446.244121 
17 0.031157 66.331358 -0.055145 -312.402721 
15 0.346333 872.485865 -0.022546 -1293.872528 
15 0.002005 4.290198 -0.074563 -333.379639 
14 0.077283 613.897670 -0.292426 -1493.304990 
13 0.055055 446.287062 -0.297054 -1688.844367 
12 0.101759 1462.005590 -0.218115 -985.645695 
11 0.045670 659.290769 -0.228918 -1379.738826 
10 0.021012 98.343813 -0.043795 -608.342731 
16 0.036459 189.730407 -0.144557 -1742.387846 
13 0.672952 3314.433359 0.331896 -1001.732676 
11 0.034995 158.629081 -0.103154 -860.511455 
16 0.023222 74.632180 -0.318738 -2522.155343 
15 0.005738 17.692636 -0.106715 -625.380512 
13 0.240383 766.993649 -0.157185 -2623.960736 
12 0.142376 471.145341 -0.007350 -919.304528 
8 0.031000 134.072905 -0.012515 -223.506993 
7 0.000165 1.238800 -0.010498 -108.297633 
6 0.001449 23.112292 -0.000386 -12.634725 
5 0.003117 48.287484 0.002663 39.102134 
5 0.008980 90.495886 0.005800 44.957428 
14 0.434556 2837.448192 0.209302 540.112086 
11 0.252727 2136.136447 0.043819 8.460381 
8 0.269690 1790.775355 0.182159 811.086607 
5 0.055809 492.683483 0.036812 221.897403 
15 0.008048 29.366074 -0.133811 -635.293363 
13 0.449471 988.046575 -0.046405 -2211.005041 
12 0.039861 140.610972 -0.146106 -884.369875 
8 0.012363 28.871984 -0.024891 -170.468698 
5 0.065225 244.366429 0.046844 107.135813 
16 0.080786 281.816200 -0.080820 -1020.960256 
5 0.101213 272.899403 0.060331 -84.169518 
4 0.083168 242.854197 0.067373 86.492126 
11 0.003469 32.709580 -0.040255 -398.777476 
11 0.131432 243.938517 -0.021867 -597.235276 
10 0.107851 208.543113 -0.184650 -1345.588012 
16 0.078884 313.867924 -0.112271 -1053.249433 
15 0.058197 111.711304 -0.047503 -478.685345 
14 0.174924 320.700129 0.078498 -509.263073 
13 0.010766 22.773087 -0.106760 -488.215645 
13 0.079831 151.362794 -0.018462 -696.229121 
12 0.010185 22.025395 -0.090302 -423.187780 
12 0.172882 308.283962 -0.031888 -1558.853296 
12 0.074512 507.006227 0.022112 -28.127808 
11 0.010318 22.129458 -0.105879 -468.181699 
11 0.008370 15.372016 -0.112446 -470.249910 
10 0.098526 519.971017 0.018812 -449.503066 
8 0.003151 16.064391 -0.028546 -147.253861 
15 0.110155 399.579106 -0.143543 -1382.575524 
14 0.057547 224.384994 -0.147861 -1226.547386 
14 0.008129 18.483320 -0.010931 -78.866756 
13 0.036936 148.127141 -0.126451 -998.046868 
14 0.128382 387.051235 0.079937 18.491274 
14 0.015958 63.154390 -0.102995 -782.210782 
13 0.018889 54.213616 -0.005538 -147.046860 
13 0.020801 86.763725 -0.054695 -482.304968 
11 0.041010 137.227495 -0.060229 -627.552460 
17 0.017804 63.667138 -0.112563 -807.751490 
16 0.013397 66.320670 -0.064866 -454.542870 
13 0.004340 8.668270 -0.104721 -729.054421 
12 0.242183 583.608117 0.127791 -394.603674 
6 0.000756 2.211986 -0.002638 -17.864086 
5 0.000099 0.342445 -0.000816 -5.452799 
16 0.287018 664.641230 0.160990 -8.985151 
15 0.066511 192.837721 -0.148104 -1283.954135 
15 0.271566 637.879638 0.171193 120.906164 
15 0.108843 214.110835 0.026606 -193.865988 
9 0.003237 8.703446 -0.018342 -102.471827 
4 0.181613 3323.423312 0.159783 2659.975980 
3 0.070568 604.086423 0.012268 -296.134260 
3 0.021500 402.017571 0.016803 251.910705 
17 0.035130 154.547953 -0.223583 -1784.701039 
15 0.019860 120.422507 -0.209336 -1431.645730 
14 0.012662 43.743842 -0.094183 -684.475885 
13 0.040061 134.052574 -0.156219 -1220.287785 
11 0.163164 535.420098 -0.070653 -1254.641509 
9 0.022702 110.907245 -0.295837 -2018.218392 
15 0.081385 474.169075 -0.114671 -1171.995767 
10 0.030403 54.520180 -0.203098 -1411.466748 
9 0.049527 99.105693 -0.083503 -549.702638 
8 0.104651 194.897840 -0.024515 -459.962485 
17 0.018785 66.311252 -0.131443 -1068.662473 
16 0.089418 291.193547 -0.023352 -562.367613 
15 0.088366 455.181375 -0.224437 -2640.181920 
15 0.442374 2469.078028 0.133696 -365.587951 
13 0.069304 120.184653 -0.047585 -377.321086 
12 0.088800 285.560781 -0.021759 -424.803349 
11 0.152960 483.144168 0.061041 -114.024184 
11 0.065019 216.249456 -0.019905 -334.798450 
10 0.005387 29.174341 -0.107771 -763.588467 
10 0.093873 279.807249 0.039627 -77.977629 
9 0.109976 368.030992 0.011046 -807.585628 
7 0.044637 242.289009 0.032215 91.347784 
6 0.098865 219.044633 0.085738 131.578195 
15 0.019250 77.722142 -0.071723 -350.401008 
14 0.006711 16.628801 -0.178147 -798.931898 
9 0.008710 32.903702 -0.188025 -1173.237641 
9 0.223479 733.371696 0.187966 360.895830 
7 0.019094 83.814598 -0.050521 -448.840435 
6 0.002081 10.553489 -0.039948 -209.147217 
16 0.066756 175.880894 -0.190510 -1610.941989 
15 0.003542 18.111953 -0.242328 -1716.095786 
13 0.053834 149.337770 -0.009402 -160.176526 
11 0.039905 97.672053 -0.135606 -1074.152843 
11 0.158923 304.783445 0.075691 -21.772433 
9 0.048268 166.178048 -0.073400 -704.623556 
9 0.036897 142.491425 -0.114737 -1499.434521 
8 0.043352 153.262270 0.002440 -168.979456 
8 0.053137 275.518156 -0.055598 -649.276133 
15 0.021821 185.524824 -0.142098 -577.010014 
15 0.059851 245.372402 -0.104100 -523.100562 
13 0.020994 151.207586 -0.184613 -872.844651 
13 0.196120 2018.768125 0.121493 1090.971263 
12 0.018719 140.733813 -0.175695 -826.209811 
12 0.110465 222.709581 -0.016971 -537.524690 
10 0.078282 178.066021 -0.033659 -525.762750 
9 0.007228 51.599771 -0.159320 -978.574537 
7 0.000432 2.765807 -0.016712 -145.871180 
6 0.001597 13.868838 -0.004484 -47.123990 
16 0.112553 660.131385 0.007263 -300.159153 
15 0.447524 1508.508635 0.152686 -1333.780251 
14 0.417810 676.615793 0.038661 -2189.026003 
13 0.426711 1424.648607 0.178876 -1001.910277 
13 0.262996 450.730262 -0.074445 -2142.174122 
12 0.066035 236.461009 0.000665 -217.111411 
11 0.220226 1332.461741 0.106053 362.664604 
15 0.221400 1389.356411 0.107054 225.503471 
14 0.070646 255.828586 -0.026120 -400.064111 
13 0.005091 34.012069 -0.083886 -573.870679 
11 0.011726 58.042487 -0.174794 -1178.624269 
10 0.008832 66.264863 -0.164730 -1095.307618 
10 0.087894 679.761118 -0.006818 -296.984006 
14 0.064324 272.010493 -0.038809 -753.495898 
11 0.003864 24.065167 -0.173550 -1580.365186 
11 0.033591 102.844139 -0.145901 -1507.533950 
9 0.020797 69.707252 -0.087843 -993.656506 
8 0.003653 23.357751 -0.018691 -240.592382 
17 0.101902 668.119629 -0.139382 -877.548584 
15 0.192789 366.131632 -0.104703 -1232.338500 
14 0.032404 70.130485 -0.142987 -694.888968 
13 0.180130 609.738605 -0.049687 -282.749533 
11 0.477160 1154.109735 0.222901 -604.227140 
15 0.019493 50.117896 -0.145260 -1890.611795 
14 0.135575 420.452648 0.073989 43.043877 
14 0.009090 32.926702 -0.050112 -332.732793 
12 0.000941 1.778020 -0.059328 -386.724418 
11 0.010938 111.663371 -0.152503 -1570.588440 
17 0.218690 1093.093495 0.106262 -11.762024 
16 0.009559 43.182518 -0.094076 -639.782366 
13 0.417887 708.166505 0.102243 -1045.977663 
16 0.235853 832.724821 0.145309 186.803167 
15 0.102203 181.727763 -0.226248 -1575.952128 
14 0.158272 275.722320 -0.158778 -1416.899821 
14 0.087594 297.179617 -0.072236 -852.975023 
13 0.121479 209.829778 -0.159405 -1281.845848 
11 0.086337 398.144376 -0.118550 -890.453164 
10 0.174861 1156.072297 0.049383 -90.776506 
9 0.105637 283.685398 0.072366 36.774580 
7 0.010873 103.043736 -0.003982 -122.379161 
6 0.029445 179.170061 -0.012557 -300.452758 
5 0.001475 17.222368 -0.002083 -45.771395 
4 0.063870 428.839207 0.057472 342.243759 
3 0.034742 263.877934 0.004455 -132.729544 
15 0.193669 1246.391301 0.010037 -1055.304417 
15 0.010632 33.353000 -0.292927 -1165.489855 
14 0.008509 19.346114 -0.044336 -235.381343 
14 0.214798 1371.331072 0.038243 -852.208982 
15 0.304686 1093.933721 -0.028852 -1223.134639 
15 0.092664 203.311019 -0.098198 -863.084858 
13 0.022704 61.428267 -0.100918 -696.432536 
13 0.302890 1115.135955 0.002127 -1034.497035 
11 0.006283 11.706771 -0.201796 -1605.120094 
16 0.067567 178.466407 -0.048369 -472.989144 
16 0.008889 25.388583 -0.093587 -710.181763 
14 0.070273 440.956497 -0.154377 -1391.726036 
12 0.060235 185.659484 0.028949 -56.339365 
8 0.106130 797.159901 -0.129569 -1844.159664 
4 0.004590 44.888500 0.003335 26.323498 
4 0.003327 29.279444 0.002309 14.013622 
15 0.010492 89.665959 -0.109913 -1312.182817 
14 0.116721 223.349020 -0.121605 -868.497420 
13 0.115395 218.127758 -0.112021 -816.856792 
9 0.064163 124.530977 -0.310852 -1354.293467 
3 0.000982 7.538985 0.100982 7.638985 
3 0.079324 950.601740 0.075776 879.765506 
16 0.014548 68.173352 -0.067147 -436.710892 
15 0.010234 36.083484 -0.104978 -665.730750 
14 0.245231 440.812651 0.025400 -724.692772 
12 0.416474 702.218498 0.110816 -1051.169983 
11 0.404987 667.257804 0.125094 -939.391121 
8 0.359452 617.006193 0.169926 -577.663093 
7 0.446874 834.000756 0.272046 -545.389667 
13 0.031242 72.747933 -0.032385 -238.395301 
13 0.019758 48.312789 -0.043962 -256.513627 
12 0.025929 65.011490 -0.020591 -171.259620 
10 0.017360 41.096594 -0.027634 -188.533386 
7 0.020285 57.280800 0.006623 -45.998260 
12 0.016319 86.325385 -0.061488 -389.783934 
11 0.013097 69.331879 -0.049407 -321.526300 
6 0.018528 63.367442 0.006817 -25.765477 
16 0.045979 97.136261 -0.158615 -863.488712 
14 0.046337 218.259900 -0.157650 -763.902799 
14 0.052021 98.285360 -0.239453 -1182.039332 
13 0.046260 218.069005 -0.132584 -649.471139 
12 0.115247 631.259048 -0.109775 -965.146135 
12 0.044253 277.793789 -0.030107 -605.052888 
3 0.000437 2.158585 0.100437 2.258585 
14 0.080615 177.201012 -0.205296 -1203.294277 
14 0.430376 1390.588003 0.161114 -1474.555943 
14 0.012167 88.230908 -0.114644 -1083.418359 
14 0.219581 422.426006 -0.087191 -1580.114036 
13 0.173986 382.916953 -0.113992 -1504.372788 
13 0.258859 2718.880854 0.005631 -1721.903108 
13 0.005562 55.482501 -0.118472 -1101.945613 
13 0.278932 2883.461426 0.027145 -1846.764265 
12 0.255492 454.648624 0.003031 -1126.580406 
11 0.258150 467.196857 0.005673 -1106.885506 
10 0.186135 1658.330589 -0.004518 -1785.611033 
9 0.371063 3595.232535 0.217893 839.718463 
15 0.011764 36.199058 -0.213774 -1052.152252 
14 0.011975 36.727168 -0.201126 -1018.028936 
12 0.012734 56.673919 -0.082843 -809.087444 
12 0.009047 46.293806 -0.081316 -796.311006 
16 0.132434 331.733126 0.084046 65.784946 
15 0.104938 239.171613 0.020099 -309.938021 
14 0.140864 375.875223 0.004110 -1008.374474 
14 0.051683 107.941733 -0.010595 -269.802429 
13 0.086773 178.806536 -0.003157 -395.579068 
10 0.141970 1348.309948 -0.063723 -1804.165345 
9 0.364379 3073.345612 0.210333 666.969550 
9 0.094897 1070.776296 -0.052884 -1316.705129 
8 0.020194 59.225822 -0.032999 -238.741798 
8 0.081380 927.567848 -0.041210 -1088.318474 
5 0.013100 44.084515 0.011314 28.861559 
16 0.034193 73.384448 -0.074401 -681.004928 
15 0.043174 80.437640 -0.099305 -909.272692 
13 0.084629 547.166514 -0.064540 -969.595931 
12 0.010404 37.420725 -0.145965 -975.499992 
10 0.024655 88.902084 -0.085952 -727.459623 
10 0.121718 602.484750 -0.018472 -585.551798 
9 0.013284 28.842003 -0.085662 -845.365309 
8 0.212212 1303.262254 0.084471 -440.891381 
6 0.002812 16.821109 -0.020571 -157.831689 
5 0.027059 141.172355 0.023037 102.378249 
5 0.002964 24.144965 0.002430 18.987657 
12 0.003291 12.494506 -0.066964 -470.499839 
10 0.010618 22.227987 -0.175240 -760.554096 
9 0.023730 55.368140 -0.120944 -586.621677 
17 0.035449 86.173468 -0.179065 -1003.223196 
14 0.014425 59.898840 -0.176803 -1275.003430 
13 0.008084 43.077288 -0.183734 -1290.333457 
16 0.289361 491.482096 0.104358 -694.508727 
15 0.255276 437.759292 0.100727 -551.602481 
14 0.217200 369.632395 0.090776 -408.677856 
13 0.021367 203.554618 -0.094224 -843.305920 
16 0.094631 180.830261 -0.070411 -587.306288 
14 0.053049 146.765353 -0.024419 -261.891846 
12 0.044084 125.588056 -0.007377 -166.173191 
11 0.039753 97.659196 0.019411 -18.997672 
9 0.311198 486.783665 0.028984 -1169.739420 
8 0.067459 150.742828 -0.000756 -295.025464 
6 0.029204 78.075176 0.000819 -126.071496 
9 0.006359 28.732395 0.000263 -23.713838 
5 0.025772 144.333022 0.007847 -25.032024 
12 0.431249 2615.838271 0.020998 -2520.119640 
12 0.197976 1279.723341 -0.221161 -3957.526375 
10 0.304933 3019.811181 0.141241 682.580085 
10 0.216201 364.133646 0.037274 -648.648143 
9 0.209657 350.932531 0.070598 -474.375395 
7 0.066801 188.178503 0.051428 70.357234 
2 0.005120 24.117167 0.105120 24.217167 
2 0.005288 25.005791 0.105288 25.105791 
15 0.307216 1522.532736 0.021582 -527.977928 
13 0.281465 1427.474297 0.082676 -21.384436 
10 0.321010 1372.736837 -0.100683 -1931.120194 
8 0.126772 515.706865 0.052025 -145.628771 
8 0.121639 291.207406 0.077909 11.459960 
15 0.107431 550.292982 -0.097403 -1564.651076 
14 0.280740 1384.745997 0.089490 -763.577237 
13 0.160948 582.477373 -0.051365 -1887.343991 
11 0.188846 889.461973 0.004497 -1339.079950 
17 0.096096 218.277261 0.026013 -184.553645 
15 0.079758 281.037410 0.033512 -129.503948 
13 0.217799 425.946976 0.039450 -820.013031 
11 0.154723 434.300313 0.046443 -484.090210 
10 0.052239 171.360041 -0.103389 -764.816702 
16 0.139704 435.585761 -0.010795 -1289.210524 
15 0.049312 209.777393 -0.327034 -2120.496196 
15 0.007974 29.464134 -0.127671 -868.940211 
14 0.088947 288.219092 -0.218306 -1628.448239 
13 0.007640 21.398713 -0.030798 -188.649731 
13 0.035204 118.680357 -0.027283 -586.573339 
14 0.176105 903.296427 -0.018456 -1620.136704 
12 0.057933 317.299222 -0.202529 -2811.973603 
12 0.057099 295.582819 -0.208487 -2883.205688 
11 0.063763 314.178811 -0.293821 -3724.426409 
10 0.058775 295.805387 -0.233406 -2915.248780 
7 0.015400 112.147067 -0.050175 -686.449554 
5 0.104279 839.966474 -0.002295 -552.461106 
4 0.000535 5.951614 -0.000689 -17.531139 
15 0.051028 143.988163 -0.153111 -1294.652245 
14 0.085720 172.870135 0.025827 -182.013465 
11 0.016145 42.487995 -0.228406 -1554.672296 
10 0.067467 132.910263 -0.023224 -278.786913 
9 0.069770 206.194803 -0.333968 -2411.464472 
9 0.002286 4.588898 -0.077732 -361.891925 
8 0.012524 34.216729 0.001979 -24.323538 
16 0.192075 945.915400 0.062593 -406.878325 
14 0.051214 318.121031 -0.042379 -355.835871 
12 0.012236 36.403241 -0.059402 -563.626029 
11 0.027696 143.295690 -0.021280 -320.327412 
9 0.057412 356.873874 0.017257 -81.938835 
7 0.036972 117.295707 0.031998 78.406341 
5 0.002514 10.232801 0.001994 5.613551 
5 0.172464 942.388738 0.107380 208.417237 
4 0.002307 16.387845 0.002246 15.842424 
13 0.061121 192.750025 -0.176768 -1132.178108 
12 0.407498 1888.373975 0.273244 54.208974 
12 0.020472 40.493558 -0.183853 -1152.075941 
17 0.156761 1040.301999 0.101245 374.247966 
16 0.070405 560.570699 0.025020 13.720977 
15 0.063036 524.982517 0.021087 81.284286 
14 0.066655 545.740052 0.010281 -12.121072 
13 0.174953 499.473519 -0.016270 -1040.169531 
12 0.247631 680.403648 0.077507 -771.177683 
12 0.005570 47.015168 -0.047962 -310.183000 
9 0.042988 346.114864 0.032356 222.549817 
9 0.012650 52.503869 -0.023867 -196.349216 
8 0.004291 36.953386 -0.025714 -184.189483 
6 0.025477 118.171493 -0.007848 -257.703805 
15 0.128956 340.984599 -0.169114 -1348.782838 
10 0.089305 256.698650 -0.072032 -915.642435 
15 0.174435 923.200587 -0.125069 -2555.831730 
13 0.216623 1058.178422 -0.028047 -1871.239155 
11 0.352802 866.490449 0.153625 -493.129996 
10 0.054872 334.564727 -0.188746 -2164.720523 
5 0.016702 129.823313 -0.027830 -485.247443 
3 0.007233 67.794133 0.002265 -9.912002 
2 0.001984 15.781189 0.000000 -8.290699 
2 0.003279 39.399810 0.103279 39.499810 
11 0.009191 20.615999 -0.013108 -89.666369 
7 0.001929 7.460316 -0.015343 -76.301174 
16 0.125024 463.058801 -0.006369 -631.676945 
15 0.202523 695.955343 -0.044471 -1452.419556 
13 0.294718 1006.487999 0.120215 -578.810299 
12 0.142550 512.810190 -0.010662 -851.130775 
11 0.153576 573.365202 0.016938 -610.881385 
10 0.201303 724.481707 0.044639 -604.438352 
9 0.024512 98.228020 0.002858 -77.007785 
8 0.004697 18.778729 -0.006539 -75.798602 
4 0.061597 806.374057 0.058190 720.183734 
3 0.014113 206.772729 0.013940 202.544522 
16 0.241717 709.124161 0.086995 -22.693745 
15 0.049658 93.177471 -0.106481 -597.849227 
13 0.127023 806.401511 -0.272111 -1948.847260 
13 0.151790 399.841852 -0.249387 -2322.709034 
12 0.600460 1410.456115 0.339954 278.526637 
14 0.035887 72.457296 -0.116001 -719.573744 
14 0.266629 1051.971990 -0.012043 -2038.462145 
14 0.128372 359.540798 -0.144509 -1363.672192 
12 0.438811 1559.526718 -0.053314 -3747.853824 
10 0.723151 2415.801250 0.303041 -2206.038354 
9 0.290965 436.838701 0.050321 -1162.285014 
9 0.344526 1296.708433 -0.008000 -2606.811377 
9 0.226301 603.887019 0.021253 -606.981097 
5 0.000990 5.962890 -0.000426 -7.379848 
3 0.001331 6.401595 -0.000738 -13.970763 
16 0.019789 87.444419 -0.021390 -188.259861 
15 0.217504 578.447607 0.057697 -1192.138713 
14 0.291303 758.985172 0.006901 -2527.193762 
17 0.222977 732.594689 0.127049 -82.670516 
14 0.042944 124.415630 -0.046895 -332.535109 
11 0.034654 78.999134 -0.011970 -172.300369 
15 0.200557 350.113645 -0.072652 -1187.687346 
13 0.007631 51.685629 -0.042131 -316.232411 
13 0.015736 30.147608 -0.189813 -1057.017844 
12 0.132642 246.097130 -0.169338 -1113.318039 
11 0.013696 29.274078 -0.228749 -1186.343372 
10 0.167378 1278.830445 0.024524 -256.402977 
10 0.054348 114.099786 -0.154213 -960.227186 
9 0.193926 1487.377140 0.081718 -504.336494 
9 0.018102 92.839373 -0.166142 -854.389792 
8 0.032458 370.045128 -0.087105 -1741.628005 
7 0.032468 335.660561 -0.020658 -273.083172 
6 0.011383 23.143326 -0.135223 -714.631890 
17 0.068733 246.829432 -0.138347 -1236.505381 
16 0.131863 545.084432 -0.098468 -1172.052155 
16 0.106545 258.982830 -0.005098 -380.906639 
12 0.302491 843.585696 -0.042520 -1946.695230 
11 0.084173 547.707559 -0.139049 -902.882618 
9 0.090908 193.033363 0.033926 -159.214350 
8 0.263916 977.641080 -0.103520 -2137.918191 
8 0.030353 90.813442 0.019457 16.677930 
4 0.001787 3.837251 -0.002446 -29.283768 
14 0.049054 171.647272 -0.015036 -304.225109 
11 0.068873 192.840713 -0.085218 -679.194005 
9 0.250208 718.721021 0.134545 -6.501727 
4 0.016069 131.295828 0.012467 86.806315 
17 0.046069 159.621332 -0.112363 -562.621089 
15 0.236908 796.818662 0.163187 240.359454 
15 0.045122 84.688994 -0.114667 -668.951234 
13 0.093334 170.925830 -0.057259 -503.456935 
12 0.133830 237.695098 -0.202880 -1305.842655 
12 0.045338 85.377741 -0.071116 -456.574931 
11 0.126807 228.474856 -0.194060 -1259.320976 
11 0.057039 105.753639 -0.040528 -333.624082 
10 0.109073 200.774054 -0.169373 -1106.490248 
15 0.081349 156.687141 -0.164280 -1114.988341 
15 0.038050 81.018101 -0.077749 -552.055430 
13 0.046521 101.050906 -0.072698 -428.242096 
13 0.001736 3.440316 -0.242815 -1336.670902 
12 0.001580 3.138392 -0.230647 -1290.717397 
11 0.000671 2.820796 -0.171649 -1436.827507 
11 0.071804 115.499424 -0.206005 -1547.594537 
11 0.055191 107.023870 -0.227504 -1580.084914 
10 0.091498 165.994309 -0.248082 -1071.003580 
9 0.026495 106.426032 -0.129670 -887.899766 
8 0.003199 5.812478 -0.232864 -1122.578676 
16 0.098315 415.974311 0.028121 -126.095345 
15 0.080892 352.473179 0.031435 -38.761672 
8 0.001445 7.445961 -0.044278 -201.074828 
7 0.012905 73.627877 -0.030925 -171.151280 
3 0.001129 13.268398 0.000458 6.495373 
13 0.005457 9.675269 -0.188606 -1587.719509 
17 0.057055 156.895423 -0.105962 -609.398248 
15 0.014645 37.431814 -0.173743 -862.585071 
11 0.010636 42.915696 -0.007770 -109.171501 
8 0.278243 1134.473735 0.222721 657.702449 
8 0.127654 659.897914 0.072731 157.047710 
15 0.199796 489.439841 -0.143388 -2013.066680 
14 0.167090 414.531622 -0.098108 -1454.001379 
13 0.059768 160.471987 -0.187197 -1569.199520 
12 0.030128 89.469892 -0.197917 -1523.438714 
7 0.001531 6.899450 -0.009888 -99.032115 
17 0.141723 305.811789 -0.018366 -824.446194 
17 0.010221 18.597688 -0.136371 -644.317829 
16 0.032053 61.247708 -0.166229 -822.722699 
16 0.169228 311.042627 -0.046159 -1165.678463 
15 0.017084 32.335108 -0.150614 -708.464041 
15 0.066845 127.518985 -0.198809 -1008.040707 
13 0.013865 28.495315 -0.092938 -381.372775 
9 0.255691 472.493656 0.100470 -747.851175 
8 0.043284 83.984694 -0.009311 -361.687215 
14 0.393135 2104.372598 0.042715 -1840.097169 
13 0.006494 24.441959 -0.060143 -413.324465 
13 0.053204 364.728287 -0.283205 -3428.624054 
12 0.066804 189.356136 -0.081339 -619.571630 
13 0.114079 337.669507 -0.155361 -1610.447627 
11 0.087252 175.851348 -0.087344 -670.071174 
10 0.033925 76.227723 -0.090541 -590.403055 
9 0.036422 84.756113 -0.071356 -549.351346 
9 0.130769 414.949364 -0.073172 -1299.870756 
8 0.093283 193.296638 0.063023 11.617206 
4 0.068691 574.378448 0.031207 -70.323822 
2 0.026970 265.389339 0.126970 265.489339 
14 0.014871 62.742143 -0.083483 -576.913871 
13 0.021325 40.351382 -0.274633 -1127.116842 
12 0.041326 82.497499 -0.013265 -279.615172 
11 0.238958 441.233390 -0.113229 -1512.360716 
16 0.106053 355.737573 -0.062051 -803.690883 
14 0.179357 365.170367 -0.052930 -840.631930 
12 0.223017 528.292732 -0.008414 -749.984203 
12 0.190216 637.558815 0.052346 -297.480434 
9 0.609464 1494.271417 0.386861 -155.106980 
9 0.004278 21.599928 -0.034453 -235.144839 
8 0.005009 25.538441 -0.025084 -184.005457 
8 0.603090 1485.474984 0.427540 99.407640 
7 0.560993 1409.859404 0.433819 375.207586 
7 0.008305 48.294170 -0.009991 -83.350751 
16 0.194819 346.254801 0.077540 -307.629686 
15 0.186267 332.732174 0.026957 -674.050845 
15 0.215474 539.801642 -0.151906 -2262.595451 
14 0.120313 242.493875 0.011756 -345.371746 
14 0.198486 504.501618 -0.146409 -2140.328041 
13 0.079962 154.163834 -0.007529 -329.295844 
10 0.144508 329.093067 0.029414 -370.592653 
10 0.148458 274.532143 0.050736 -347.795462 
10 0.111484 248.837765 -0.024777 -597.994733 
9 0.055232 127.846870 -0.057727 -593.188542 
9 0.006659 35.174622 -0.263866 -1101.379533 
9 0.078873 230.638660 0.054583 76.806973 
8 0.247922 681.854194 -0.094242 -2607.052529 
5 0.139049 473.206532 0.103655 90.675252 
14 0.014675 33.093953 -0.061909 -290.357748 
12 0.017253 71.084566 -0.069494 -606.804842 
10 0.007070 19.157324 -0.024316 -200.912300 
16 0.056873 109.588875 -0.064508 -440.508606 
15 0.128610 750.759655 0.067825 134.541783 
15 0.044201 81.462885 -0.060537 -394.807172 
12 0.157186 412.491662 0.002232 -632.944504 
10 0.110137 911.258626 0.045908 267.960295 
10 0.308385 664.237213 0.060094 -1077.221411 
4 0.000725 6.844880 -0.002642 -23.776029 
13 0.294296 1436.728602 0.045999 -1435.141606 
10 0.028216 189.154147 -0.176434 -2208.328223 
9 0.010098 42.745370 0.008511 31.536565 
7 0.004123 18.250161 -0.013619 -112.620233 
5 0.006318 58.303794 -0.015771 -160.344327 
14 0.315009 723.364373 0.140082 -315.214824 
14 0.244613 825.275000 -0.168519 -3223.703428 
16 0.087054 339.028206 -0.121903 -1268.332480 
16 0.003331 13.105239 -0.260772 -1778.779160 
16 0.108602 207.664159 0.014316 -542.293622 
14 0.044837 156.881746 -0.183590 -1415.042983 
12 0.340416 947.522735 0.194496 -601.994646 
10 0.275030 796.765834 0.026880 -1864.233576 
16 0.006318 25.745454 -0.075255 -634.573956 
14 0.003236 14.821546 -0.058115 -488.377261 
14 0.278180 1359.160064 0.051301 -1574.560737 
13 0.213590 1502.174003 0.035916 -799.246405 
10 0.148418 1041.033549 0.012564 -741.934115 
7 0.014006 39.815406 -0.017789 -143.333422 
5 0.050454 106.743891 0.010591 -160.637975 
15 0.352951 599.450144 0.039354 -1479.139825 
14 0.486185 982.986571 0.295765 -66.756901 
12 0.307324 545.478331 -0.029734 -1773.333233 
12 0.031096 69.083206 -0.133641 -845.242775 
16 0.061368 180.251149 -0.021649 -312.482262 
11 0.239812 600.299624 0.163878 43.647302 
10 0.104133 311.466239 0.049324 -95.339580 
8 0.063797 244.606565 0.052307 143.604116 
16 0.012101 41.755333 -0.113959 -672.026854 
15 0.098683 327.101507 -0.090753 -789.190025 
15 0.026076 66.377654 -0.057435 -379.827920 
14 0.083265 275.189978 -0.052024 -437.650196 
13 0.064034 155.371349 -0.050084 -360.952754 
8 0.009457 25.118108 -0.061583 -326.640368 
5 0.005213 14.185157 -0.060372 -369.821761 
4 0.034483 100.896903 0.000540 -157.388958 
4 0.035081 102.578385 -0.001977 -178.512382 
3 0.001995 8.145070 -0.006505 -61.171932 
16 0.035018 139.917241 -0.151940 -1141.088140 
15 0.692067 8728.348950 0.181831 2059.082546 
15 0.028268 104.896267 -0.102595 -785.173386 
15 0.116242 360.514502 -0.014129 -597.329407 
14 0.358093 1964.737899 -0.022730 -2799.356994 
13 0.342807 1851.367513 -0.015056 -2612.105920 
13 0.013320 55.431423 -0.085707 -639.191616 
13 0.090521 289.151924 -0.084624 -975.295214 
12 0.008808 35.756362 -0.066157 -499.465434 
17 0.032093 79.911439 -0.060909 -460.573184 
14 0.105938 205.718575 0.004134 -377.189054 
14 0.202749 385.697238 0.145984 38.833712 
11 0.183181 461.027089 -0.208862 -1896.363023 
16 0.076179 150.297443 -0.101206 -557.762013 
15 0.265494 455.581853 0.038679 -816.360338 
7 0.025407 61.148876 -0.050438 -473.737019 
2 0.004231 19.656398 0.104231 19.756398 
2 0.004372 20.315224 0.104372 20.415224 
14 0.100205 191.825348 0.042694 -59.966082 
14 0.017709 38.231000 -0.021835 -138.080987 
13 0.180600 411.366492 0.098102 -141.839862 
10 0.019501 72.568216 -0.135626 -1127.304852 
7 0.083966 395.171303 0.069034 257.129649 
12 0.013324 29.546490 -0.018749 -128.096058 
12 0.657242 3106.266744 0.196492 -1928.115004 
10 0.632533 2436.849644 0.266308 -1620.104588 
8 0.118665 567.477119 0.070741 -20.810000 
3 0.004480 45.164911 0.104480 45.264911 
15 0.073133 161.825209 -0.057078 -486.733600 
10 0.308038 761.575495 0.204966 39.678154 
9 0.295326 735.655960 0.145294 -299.332250 
8 0.418309 833.168198 0.246055 -391.547737 
14 0.373302 1382.841417 0.063059 -1343.614480 
14 0.087493 157.583951 -0.234299 -1675.789182 
13 0.004854 37.883630 -0.076913 -742.474595 
14 0.011681 27.602380 -0.122657 -542.259009 
13 0.004668 23.021369 -0.126763 -531.676360 
15 0.050487 252.126572 -0.192167 -2464.413638 
15 0.030881 75.701141 -0.003067 -146.632425 
14 0.030749 160.413208 -0.211825 -2411.371463 
13 0.006737 34.088012 -0.206654 -2231.659360 
13 0.052190 178.060378 -0.255123 -1802.267744 
12 0.018126 88.913568 -0.143212 -1475.449327 
12 0.123998 426.791126 -0.344547 -2822.704901 
11 0.013949 69.701466 -0.137894 -1412.837616 
8 0.004504 34.404305 -0.137800 -1608.458537 
15 0.175129 662.678465 0.029992 -643.686109 
15 0.036491 67.538189 -0.052166 -344.849392 
15 0.130747 414.320486 -0.043487 -1218.010737 
8 0.231198 692.110437 0.108909 -649.856458 
15 0.077908 171.622836 -0.049207 -371.335603 
17 0.334884 2220.529984 0.212898 769.939150 
14 0.049743 355.500211 -0.145151 -1713.480750 
13 0.203475 1704.132430 0.029251 -149.258181 
11 0.258411 2167.847842 0.002065 -1032.626809 
11 0.266944 2238.963107 0.002505 -1038.880065 
10 0.294844 2455.229096 0.026573 -664.929569 
15 0.224653 580.154929 -0.017874 -1035.577819 
14 0.105323 212.216822 -0.081690 -1029.013516 
13 0.009128 21.230619 -0.116804 -527.231862 
13 0.033930 101.542699 -0.072157 -727.297047 
12 0.046334 114.813458 -0.055235 -569.979563 
11 0.024986 76.077520 -0.048614 -430.659696 
10 0.024885 72.226680 -0.039701 -380.544355 
10 0.085649 450.246673 0.021279 20.046532 
9 0.018437 58.976775 -0.032193 -310.063730 
8 0.023156 76.569059 -0.001337 -112.797714 
6 0.001628 8.543829 -0.007125 -66.806871 
2 0.020765 179.849162 0.120765 179.949162 
15 0.159336 847.989649 -0.005450 -1083.959195 
10 0.033046 335.589284 -0.139693 -635.503924 
10 0.332418 915.859558 0.161623 -250.351549 
9 0.107653 221.975488 -0.037283 -564.027663 
15 0.130424 256.695522 -0.115013 -1143.318522 
15 0.159496 279.804084 -0.097661 -1172.754931 
14 0.319630 557.723711 0.113497 -593.800130 
13 0.181696 302.853648 -0.009056 -803.422793 
12 0.145722 257.627983 -0.016438 -705.125414 
10 0.063339 113.109216 -0.065934 -469.710502 
9 0.004973 10.211267 -0.094042 -428.437452 
8 0.048909 105.219178 -0.059232 -438.633478 
7 0.005261 12.027699 -0.076881 -415.757292 
15 0.070915 271.693599 -0.039871 -489.301841 
15 0.044949 109.374561 -0.100562 -557.036629 
14 0.213213 446.570423 0.082260 -155.025245 
11 0.007256 28.833414 -0.099447 -429.210649 
7 0.001280 5.124875 -0.012902 -75.812169 
6 0.055330 393.667504 -0.001002 -369.892902 
14 0.156442 415.708855 -0.040010 -746.714608 
13 0.413212 730.802159 0.249505 -246.710593 
13 0.225303 400.765641 0.089073 -396.629595 
12 0.343289 4336.658888 -0.081190 -3812.271948 
12 0.017501 33.179892 -0.145964 -952.353838 
10 0.022756 52.566203 -0.122400 -531.356156 
10 0.034635 62.551795 -0.093443 -711.899241 
15 0.066855 115.168347 -0.388507 -4398.800894 
14 0.091892 154.487732 -0.313448 -3885.658728 
14 0.159495 312.516736 0.007172 -831.628566 
13 0.207850 364.658779 -0.035090 -1433.172192 
12 0.055025 199.330649 0.006957 -123.459071 
16 0.009904 18.806237 -0.106150 -502.353354 
14 0.041027 114.854309 -0.140410 -986.092438 
13 0.071101 188.957129 -0.103938 -851.055017 
9 0.016804 74.136681 -0.060877 -476.457727 
16 0.322678 806.866449 0.184305 -86.051575 
16 0.008094 29.441356 -0.161761 -952.355429 
15 0.018698 65.748600 -0.096677 -686.066745 
15 0.050345 260.384858 -0.020320 -435.701882 
14 0.035897 112.705742 -0.073623 -602.802151 
13 0.038650 127.655888 -0.148551 -1006.001380 
12 0.074544 205.902860 -0.062474 -719.042310 
12 0.120893 236.705832 -0.159933 -999.492304 
11 0.070360 198.375546 -0.034438 -566.553272 
10 0.011737 33.965974 -0.136884 -998.049121 
14 0.062716 608.457612 -0.217794 -3563.449942 
11 0.304113 2438.175078 0.104480 -601.596340 
9 0.287212 2343.518840 0.061001 -1115.356096 
15 0.188237 2741.999053 0.110386 857.664252 
15 0.062848 119.795212 -0.106598 -844.141186 
14 0.146882 2111.036034 0.087712 693.855541 
14 0.065948 218.251924 -0.087999 -616.798217 
12 0.132397 315.753063 -0.009910 -443.105590 
11 0.218567 404.053161 0.076543 -343.827731 
10 0.116083 277.148260 0.000147 -333.487446 
8 0.015689 209.137042 -0.000626 -150.162990 
7 0.046057 111.364281 -0.022534 -343.954098 
3 0.012168 59.445565 0.011556 52.769838 
15 0.039345 111.617057 -0.096719 -885.275109 
14 0.033060 93.682218 -0.079044 -746.565424 
14 0.010947 46.973981 -0.039930 -292.580543 
12 0.018201 78.926728 -0.037868 -296.834830 
9 0.094143 419.076359 0.031782 -125.600181 

