13 0.203424 -24678.270589 0.581212 25840.695016
15 1.092612 -3441.727367 0.655567 4425.078044
12 0.636678 179.930796 0.304498 611.764706
3 0.208333 -316.666667 0.041667 650.000000
15 0.096220 -211666.157079 1.539512 219671.620092
12 0.682165 -5105.464560 1.077102 13722.282382
13 0.237769 -2805.669867 1.046182 3851.851852
10
13 0.833637 -47039.644970 0.337961 47918.343195
6 0.403200 -1511.040000 0.076800 1910.400000
14 0.009310 -410557.079826 0.318414 413104.389929
10 0.265781 -2708863.762500 0.212625 2711415.262500
9 0.194444 -430675.000000 0.194444 433008.333333
7 0.024599 -185703.717201 0.147595 187474.854227
17 0.317946 -119.229610 0.596148 914.093678
10 0.255102 591.836735 0.459184 2071.428571
16 0.160801 172.686391 0.293637 590.769231
13 0.322896 -9147398.973734 0.581212 9154141.035411
10 0.826045 -821.185617 0.194363 1326.530612
21
15 1.283978 -142767.699412 0.832851 147098.523665
13 0.536846 228.622286 0.444286 637.735849
13 1.027412 751.584194 0.444286 981.132075
11 0.491606 -491.605906 0.305135 796.740607
11 0.935728 405.482042 0.623819 1403.591682
10 0.918367 397.959184 0.612245 1377.551020
14 0.209135 -25357.655846 1.673082 29707.670210
29
11 0.338615 1394.296062 0.597555 936.170213
16 1.307373 -15739.746094 0.333252 16406.250000
14 0.265306 4351.020408 1.591837 1857.142857
38
15 0.437045 -4370.447451 0.655567 12237.252862
15 2.370331 -116936.307444 0.507928 123031.443160
14 1.848569 -29577.100646 0.504155 35626.962142
11 0.521481 130.370370 0.347654 434.567901
9 0.064815 -341702.777778 0.194444 343200.000000
8 0.327239 -1348.226062 0.392687 2879.706152
8 0.005127 -6357.421875 0.076904 6972.656250
11 0.226021 -1310.922988 0.813676 6030.245747
5 0.131480 -60.480841 0.157776 376.033058
17 0.119230 1756.649590 0.794864 2376.643562
13 0.064776 -389819.185253 0.329512 393773.327264
9 0.148148 -3662.962963 0.518519 7733.333333
3 0.958580 2343.195266 0.426036 2769.230769
12 0.255812 -934.386183 0.403913 3034.735527
46
12 0.501527 -2521.962141 0.716467 4384.775087
7 0.224000 -9676.800000 0.149333 10826.666667
5 0.061749 -746402.264143 0.082332 747060.923882
4 0.023573 -232958.058947 0.035359 233240.929704
3 0.042667 -2561.422222 0.042667 3073.422222
14 0.336103 -1310.803324 0.672207 3058.541090
14 0.580357 2357.908163 1.044643 3133.928571
11 0.348574 -1742.870077 0.697148 2440.018108
8 0.274286 -1097.142857 0.548571 1645.714286
3 0.072917 -75.000000 0.093750 1200.000000
12 0.126720 196.416000 0.506880 3706.560000
55
13 0.092826 5272.542149 0.990149 618.842975
16 0.589314 -1047990.073538 0.589314 1048874.044730
6 1.128960 -1328.640000 0.215040 1728.000000
15 0.404444 -111141.333333 0.606667 115994.666667
14 0.407600 -1920418.052231 0.611401 1921212.872960
15 0.669593 -3924.809479 0.340712 5253.585102
11 0.139989 -1000049.938100 0.171638 1002109.597328
11 0.269751 -1415506.248191 0.183077 1417703.174303
7 0.260817 -25252.727334 0.190326 26166.291833
6 0.581760 -5882.880000 0.138240 6988.800000
6 0.243302 -37585.305600 0.033178 37939.200000
64
11 0.382420 -5220.029630 0.139062 5762.370370
6 0.409650 -4915.794265 0.122895 6390.532544
9 0.688211 -26610.832954 0.229404 29363.677742
16 0.100175 865.514651 0.560982 1322.314050
11 0.243864 -5805872.279356 0.171638 5808618.491660
16 0.296875 1242.187500 0.703125 1500.000000
6 0.146319 -998.628258 0.073160 1141.289438
11 0.155955 8671.077505 1.247637 935.727788
15 0.423280 783.068783 1.269841 1693.121693
14 0.418271 773.800632 1.254812 1673.082448
12 0.405998 751.095732 1.217993 1623.990773
12 0.316800 2502.720000 0.316800 2439.360000
12 0.219908 835.651812 0.879633 879.633486
10 0.573750 -283.500000 0.270000 1687.500000
9 0.343782 -543.752734 0.055110 1535.734072
7 0.355275 -2329.871438 0.169179 5882.622268
14 0.224069 179.255155 0.672207 5198.399508
12 0.802768 1802.076125 0.608997 5505.882353
12 1.604167 -36139.583333 0.687500 44389.583333
10 0.204082 204.081633 0.714286 1224.489796
76
9 0.030657 -2143.725326 0.029043 2376.072493
5 0.116618 -65918.367347 0.233236 69650.145773
4 0.073275 820.679829 0.175860 1993.079585
6 0.191170 -2915.339099 0.163860 4881.656805
16 0.654479 -41386.593205 0.841473 43069.538359
5 0.061749 -549757.683828 0.020583 549949.792918
4 0.032412 -178911.616700 0.008840 178994.120671
14 0.696429 -696.428571 0.928571 1625.000000
15 0.578242 -1308.585300 0.324741 2347.755980
13 0.641975 240.740741 0.802469 2888.888889
12 0.264000 -211.200000 0.792000 3300.000000
11 0.093573 998.109641 0.623819 1434.782609
6 0.321417 -600.504184 0.170162 1715.065999
