12 0.060281 311.408860 -0.204762 -2338.527694 
14 0.116195 361.475132 -0.119634 -946.811047 
12 0.044994 84.888484 -0.328321 -2260.882872 
11 0.118927 296.479995 -0.080573 -634.999180 
11 0.038995 74.945895 -0.317972 -2190.973207 
9 0.013014 27.147194 -0.140376 -672.302186 
5 0.041722 100.350569 -0.010058 -331.133503 
3 0.053288 391.592844 0.046253 286.985902 
15 0.051157 99.056821 -0.014564 -221.262473 
15 0.065591 351.451426 -0.072325 -589.214401 
13 0.153190 578.620411 -0.063756 -1237.574065 
12 0.136964 541.076867 -0.056846 -1136.728032 
8 0.016390 145.111252 -0.031219 -318.740177 
3 0.002564 60.139860 0.102564 60.239860 
14 0.005019 14.190484 -0.166182 -917.722331 
13 0.035811 68.973678 -0.076929 -575.692347 
13 0.293626 697.571165 0.044435 -1479.551119 
11 0.078006 154.621539 -0.066771 -851.877879 
11 0.080037 200.310779 -0.129720 -1679.736226 
11 0.017392 42.482545 -0.074919 -477.074917 
10 0.057745 141.025979 -0.201812 -1638.678014 
10 0.013205 32.503642 -0.067364 -424.911620 
9 0.067713 174.496043 -0.143442 -1315.487789 
9 0.039902 90.777976 -0.014422 -254.143849 
9 0.037932 94.168006 -0.039088 -473.804731 
8 0.018558 63.723892 -0.062603 -886.337537 
16 0.058433 153.672191 -0.110796 -1261.084082 
15 0.076589 262.065747 -0.050226 -583.599689 
14 0.153155 273.515034 -0.142681 -1059.012241 
14 0.155311 407.626510 -0.011957 -740.125313 
14 0.165813 561.675825 0.066552 -136.073139 
11 0.033680 67.365438 -0.240663 -1021.243239 
16 0.021565 45.434629 -0.177472 -975.385595 
15 0.102549 401.394428 -0.141137 -1163.967158 
14 0.028962 51.661634 -0.352173 -1668.627203 
15 0.007448 62.824260 -0.103381 -909.156191 
14 0.004849 29.660163 -0.094172 -839.468562 
13 0.040066 250.760581 -0.078317 -831.766279 
12 0.012382 82.568008 -0.083542 -784.374299 
12 0.302491 1377.719783 0.050115 -597.690417 
11 0.005150 35.176108 -0.039152 -371.149313 
11 0.138113 328.037868 -0.084374 -1413.016873 
9 0.038299 257.833015 -0.025321 -304.758528 
9 0.098920 274.173275 -0.001821 -672.127777 
8 0.223458 631.502419 0.038918 -538.655186 
7 0.005497 22.039538 0.000974 -20.344203 
5 0.004434 64.852638 -0.006973 -44.909301 
3 0.000419 1.127962 0.100419 1.227962 
3 0.000918 4.121518 0.100918 4.221518 
14 0.201292 718.326196 -0.078334 -1617.342759 
13 0.224600 820.173520 -0.057932 -1742.854772 
11 0.039965 148.515730 -0.134775 -1178.455098 
10 0.294248 1986.978870 -0.116289 -1919.072422 
9 0.096188 218.015573 -0.282754 -3417.533720 
6 0.013793 89.756745 0.011257 54.606639 
13 0.032565 104.056273 -0.036738 -349.492213 
13 0.209515 510.587703 0.153916 179.544596 
13 0.025936 73.473352 -0.031151 -265.291542 
12 0.133868 384.318915 0.071206 -75.515886 
11 0.122673 350.658368 0.036936 -263.090316 
9 0.032425 198.543861 -0.072786 -847.489110 
9 0.011714 71.243653 -0.056208 -620.888557 
8 0.083580 220.528300 -0.058851 -759.061626 
7 0.025667 108.402490 0.021307 72.643978 
15 0.160418 290.313783 0.040062 -341.566445 
14 0.084790 168.936444 0.024052 -420.931888 
13 0.255638 446.079789 0.031309 -994.016373 
11 0.014042 34.328821 -0.045010 -286.739307 
17 0.089314 164.869990 -0.177711 -2406.116347 
16 0.014250 24.286300 -0.307885 -3195.936122 
4 0.000853 8.014363 0.000811 7.539227 
16 0.022959 148.042683 -0.059539 -685.351373 
14 0.009385 52.108647 -0.065752 -745.290895 
9 0.008096 23.134637 -0.057180 -306.963208 
8 0.005774 22.086672 -0.010155 -84.832705 
13 0.091689 526.801860 -0.001845 -354.701735 
16 0.064274 168.057385 -0.200567 -1709.843239 
15 0.105689 283.894037 -0.147116 -1497.632130 
13 0.002606 5.250331 -0.130692 -956.450480 
12 0.366099 702.580312 0.168059 -474.299945 
11 0.333579 596.456937 0.134005 -624.344510 
10 0.015072 44.187060 -0.280655 -1988.652443 
14 0.001655 3.978044 -0.144077 -617.975153 
13 0.136826 270.661615 0.061472 -59.876955 
13 0.001471 3.592344 -0.108522 -479.034384 
12 0.000690 1.323193 -0.143098 -602.164324 
12 0.014823 35.199257 -0.046222 -245.578087 
11 0.025163 46.996503 -0.095183 -482.351994 
9 0.019771 113.905349 -0.005507 -288.595974 
7 0.037534 370.497729 -0.060842 -1407.753939 
7 0.013499 28.708487 -0.023529 -269.877911 
6 0.004386 67.637839 -0.004987 -117.264761 
5 0.005355 98.529772 -0.001553 -62.751845 
4 0.002677 53.014563 0.001513 21.944925 
2 0.022817 478.945297 0.122817 479.045297 
2 0.023554 494.395145 0.123554 494.495145 
15 0.048455 106.402142 -0.182133 -1414.358167 
12 0.122114 639.063795 -0.041192 -1317.977958 
10 0.146309 365.203295 0.075681 -146.678720 
10 0.115776 283.537541 0.028253 -316.702500 
9 0.134108 345.059220 0.078328 -67.580561 
16 0.127747 260.184964 -0.045902 -730.763540 
15 0.205339 1075.209953 0.085857 11.037324 
15 0.063909 115.897970 -0.070729 -659.199859 
14 0.032369 100.900198 -0.120721 -1053.944027 
13 0.062374 118.565133 -0.024310 -553.412590 
11 0.219862 513.642445 -0.062143 -1495.063135 
9 0.229235 600.881012 0.143212 -26.406468 
9 0.102160 296.789791 -0.144373 -1544.214020 
9 0.070923 134.393397 0.021816 -189.922383 
8 0.002816 9.197889 -0.020940 -159.230844 
6 0.004481 32.560208 -0.002104 -49.043974 
15 0.022145 66.898577 -0.015432 -189.249316 
15 0.097182 202.864724 -0.093801 -814.200021 
14 0.021400 36.956227 -0.258611 -1081.299800 
13 0.024511 42.833155 -0.214089 -926.720829 
12 0.021661 37.986954 -0.162226 -710.712655 
11 0.026857 53.485294 -0.210089 -840.526934 
9 0.021237 46.620482 -0.171840 -702.667613 
16 0.070932 271.680912 -0.008175 -282.354912 
14 0.046688 350.607061 -0.252551 -2414.633037 
14 0.053940 222.799298 -0.088315 -800.760174 
13 0.042899 323.220538 -0.244984 -2340.308861 
12 0.025628 248.886850 -0.246945 -2266.977855 
11 0.033646 223.520829 -0.224243 -2154.309740 
11 0.376355 819.442759 0.172661 -668.712081 
7 0.078685 352.382666 0.063216 219.248018 
6 0.003931 25.047903 0.000089 -10.963508 
4 0.010639 84.062102 0.010265 79.637119 
2 0.004231 37.113600 0.001586 -4.440346 
17 0.329647 783.636973 0.100507 -1031.788617 
15 0.076065 149.389351 -0.232737 -1341.783598 
14 0.208400 369.124809 -0.154965 -1681.612407 
12 0.042757 97.921447 -0.209302 -1333.725581 
12 0.044367 101.737324 -0.172214 -1242.449115 
11 0.361842 554.296950 0.184402 -458.338535 
11 0.406557 1202.708038 0.307773 279.078792 
6 0.014874 44.147729 0.014286 40.711674 
3 0.001916 9.636453 0.001836 8.950442 
12 0.359206 863.097079 0.224145 203.835735 
12 0.069218 261.321248 -0.251667 -1841.917821 
12 0.008444 21.478486 -0.055749 -240.021349 
11 0.012144 24.191490 -0.384536 -2497.502496 
11 0.141137 503.008036 -0.263798 -2062.670647 
5 0.191114 1401.374333 0.130754 593.166684 
5 0.069328 504.793023 0.006886 -324.858547 
16 0.059292 167.083333 -0.086557 -777.941263 
16 0.297785 633.734143 0.033870 -785.695468 
14 0.041127 124.859287 -0.150199 -1312.135779 
10 0.128948 695.083473 0.049358 -91.544376 
10 0.316259 1273.140377 -0.320568 -4093.462902 
10 0.072323 140.420818 -0.270783 -1349.127978 
7 0.004901 14.094081 -0.024326 -171.744776 
6 0.082699 1152.351391 0.043073 314.427669 
3 0.034355 530.321337 0.032901 493.143072 
17 0.058339 106.159997 -0.123633 -657.756903 
16 0.173553 290.281455 -0.160254 -1018.496404 
15 0.100560 213.492217 0.049558 -35.399496 
15 0.197281 351.333786 -0.148419 -1486.474349 
14 0.233242 465.475540 -0.085181 -1205.007636 
13 0.320122 527.568226 0.041195 -917.399944 
13 0.146356 251.161261 -0.136393 -1206.198190 
12 0.195296 405.157388 -0.068027 -976.489234 
11 0.178193 383.624636 -0.068452 -913.672819 
10 0.051335 94.946958 -0.159231 -1046.688778 
8 0.040444 91.875307 -0.009407 -210.434640 
5 0.014639 160.939140 0.009688 55.443047 
4 0.000918 12.621380 -0.000036 -8.064148 
8 0.002198 10.381478 -0.007748 -55.569230 
6 0.006811 46.336759 0.005516 33.233407 
5 0.000862 3.721759 0.000576 0.563589 
5 0.000980 4.254194 0.000848 2.779929 
4 0.000234 1.866765 0.000189 1.319032 
13 0.458039 6079.393602 0.335905 3610.897946 
11 0.165446 841.543202 0.032452 -290.225071 
10 0.038460 71.389311 -0.085229 -777.290139 
9 0.311058 1209.284733 0.229489 515.769612 
9 0.006533 28.131248 -0.106287 -762.681904 
6 0.005931 34.301462 -0.056863 -416.165156 
4 0.018888 68.871486 0.006467 -60.890099 
2 0.123269 1763.051906 0.120197 1686.348551 
16 0.076832 168.506139 -0.093394 -698.587702 
15 0.013691 27.669353 -0.072171 -479.713790 
14 0.143122 278.411431 0.001926 -463.578466 
14 0.078343 403.290998 -0.163242 -850.436835 
13 0.014984 53.886155 -0.037490 -266.242905 
12 0.102474 252.638752 -0.054995 -817.555789 
11 0.049535 203.034478 -0.124935 -733.886981 
15 0.026485 45.755586 -0.167798 -805.269330 
13 0.233837 428.948046 0.079714 -656.296989 
13 0.184562 343.849365 -0.108582 -1012.591706 
13 0.064381 122.328733 -0.210341 -1140.845832 
12 0.041013 115.326170 -0.084066 -728.202150 
12 0.158800 292.907435 -0.289152 -1718.679356 
11 0.020206 60.783304 -0.089926 -695.307643 
16 0.025293 82.680405 -0.140214 -1014.006372 
14 0.264604 757.058816 0.010181 -722.789925 
15 0.170097 326.824459 -0.109005 -1092.060068 
13 0.136968 270.139768 -0.091202 -947.928238 
9 0.038078 95.168654 -0.264411 -1503.913884 
7 0.023693 66.934477 0.018929 28.128778 
5 0.032851 120.130139 0.024669 55.969310 
4 0.015805 68.703232 0.013569 49.317415 
3 0.004454 22.480170 0.104454 22.580170 
3 0.001870 23.625522 0.001732 21.026984 
10 0.002699 7.611847 -0.003322 -29.622681 
14 0.158916 410.076874 0.019275 -340.874844 
13 0.014967 26.312354 -0.070388 -457.659367 
11 0.137663 442.504140 -0.058892 -765.937785 
10 0.200585 612.014140 0.045928 -352.603278 
8 0.001709 14.489887 -0.001481 -21.422990 
8 0.104095 365.016344 0.008750 -251.789544 
5 0.010513 55.546488 0.001735 -25.745195 
4 0.007439 52.338137 0.006399 42.921181 
15 0.031552 104.876760 -0.113029 -934.741553 
15 0.121002 289.441632 -0.016906 -467.857701 
14 0.078289 193.798156 -0.007825 -310.881291 
7 0.009851 70.990544 -0.007697 -91.724231 
17 0.097893 179.771965 -0.039337 -669.967305 
15 0.155877 305.786631 -0.088252 -938.592171 
15 0.169776 338.792707 -0.049338 -735.784232 
13 0.164096 320.865792 0.008130 -461.447103 
10 0.069904 124.301873 -0.027843 -406.811776 
9 0.004241 10.795368 -0.075264 -346.460774 
11 0.212918 1194.279377 -0.171539 -1181.797637 
11 0.652433 1182.412815 0.271433 -1165.419408 
10 0.637182 1144.704319 0.339766 -818.249368 
9 0.614311 1416.718360 0.358046 -299.425930 
8 0.587496 1417.061823 0.373665 -47.407160 
15 0.023291 57.426111 -0.160618 -761.735256 
13 0.025337 64.689475 -0.103435 -518.442723 
15 0.057335 158.518661 -0.030057 -480.488571 
15 0.206707 1210.822286 0.019958 -804.782381 
10 0.308038 2339.953530 -0.018604 -437.428827 
17 0.032911 76.693638 -0.048842 -328.806275 
16 0.025610 58.616064 -0.031298 -240.555741 
16 0.042400 104.727471 -0.170330 -923.777600 
15 0.099478 712.905830 0.004169 -358.542789 
12 0.003201 9.894112 -0.152254 -697.607749 
11 0.027088 52.088715 -0.183605 -828.723795 
11 0.209089 968.450041 0.034592 -606.226937 
9 0.000601 2.263074 -0.132942 -631.236157 
11 0.049126 118.059459 -0.307866 -2205.382096 
3 0.003671 29.625282 0.103671 29.725282 
15 0.170695 852.610041 0.104923 60.451438 
14 0.032694 114.510039 -0.011879 -242.701058 
13 0.313098 527.997909 0.038224 -1125.841935 
12 0.142572 375.515276 0.090615 15.411762 
11 0.017591 40.705385 -0.067413 -379.990525 
8 0.004058 9.474842 -0.025213 -127.711497 
6 0.013947 56.298431 -0.009370 -166.277619 
5 0.011225 45.782242 0.001577 -58.470343 
5 0.015511 46.607115 0.010216 0.902541 
4 0.001621 10.880282 -0.006205 -81.127642 
15 0.050409 98.821089 -0.033076 -316.823541 
14 0.307117 974.498426 -0.067094 -1560.302610 
13 0.011071 36.010120 -0.286581 -2392.691992 
12 0.071609 228.230857 -0.186470 -1894.542435 
11 0.068969 124.821769 -0.141798 -747.218797 
10 0.027588 57.864401 -0.169661 -770.034530 
9 0.012980 26.802064 -0.174698 -872.259408 
9 0.015437 34.033421 -0.176219 -880.208626 
15 0.003276 8.316909 -0.070708 -311.431504 
15 0.334046 684.097545 0.136547 -697.331256 
13 0.202813 600.020072 0.085362 -246.744056 
12 0.416288 706.215826 0.301903 -19.019625 
15 0.007316 15.711426 -0.086672 -478.159887 
14 0.041131 79.453632 -0.022677 -225.791281 
10 0.063637 279.215075 -0.347230 -2527.365495 
10 0.012939 59.709604 -0.050573 -383.892824 
15 0.364632 1983.201615 -0.045932 -1345.633814 
14 0.015600 16.579547 -0.376041 -3176.779376 
16 0.034255 100.539022 -0.001199 -81.128267 
14 0.070586 140.782143 -0.023719 -381.741657 
13 0.114671 238.982181 0.085704 95.784014 
13 0.028004 51.541369 -0.130397 -645.528753 
13 0.007187 19.842397 -0.017102 -101.070925 
12 0.004490 8.569337 -0.137624 -630.196889 
15 0.052474 189.498417 -0.033452 -361.217159 
16 0.203393 590.016910 0.064722 -438.702480 
13 0.301800 817.201110 0.145210 -369.224491 
10 0.291842 563.928274 -0.009426 -1298.348075 
5 0.024469 79.570194 0.015270 -10.157923 
15 0.133136 293.100461 -0.034235 -631.654002 
14 0.137983 316.757158 0.015510 -389.074566 
11 0.147520 512.464736 -0.058233 -1542.244078 
10 0.121453 433.891672 -0.051282 -1253.566208 
16 0.024440 87.519522 -0.028602 -257.562563 
15 0.004558 18.092671 -0.032479 -202.634664 
12 0.108873 214.846060 -0.096648 -824.364993 
11 0.258840 455.642834 0.070162 -1045.364483 
9 0.661990 1511.983838 0.486335 57.378007 
5 0.001830 13.992747 0.000740 3.931816 
17 0.102708 236.115054 -0.099061 -747.589018 
16 0.185310 326.506450 -0.109591 -1161.137154 
15 0.201358 420.136110 -0.072563 -1155.914252 
13 0.074932 271.948789 0.023825 -131.640329 
12 0.313408 480.131049 0.010853 -1825.586197 
11 0.306704 469.402153 0.046760 -1525.093257 
10 0.298988 460.755335 0.082336 -1214.224595 
17 0.003877 12.839602 -0.106884 -734.410551 
14 0.002978 16.431030 -0.194399 -2320.702012 
14 0.010320 32.792103 -0.059267 -331.889566 
14 0.013734 74.789504 -0.053589 -275.708851 
16 0.148869 257.765985 -0.116324 -1135.864364 
15 0.143023 250.696960 -0.097793 -1004.738739 
15 0.081888 150.727707 -0.104228 -721.063281 
14 0.181266 311.505770 -0.114972 -1160.050681 
11 0.367981 564.068687 -0.014751 -1396.617069 
9 0.300597 556.354237 -0.043568 -1062.226266 
8 0.355411 651.716595 0.130556 -439.092111 
16 0.290785 2203.241657 0.151163 665.890381 
14 0.047119 142.683522 -0.044171 -650.887526 
13 0.037471 94.126522 -0.203142 -1138.738622 
11 0.078267 204.744149 -0.076440 -589.912179 
10 0.014617 77.565720 -0.045273 -402.221131 
2 0.014807 176.311017 0.114807 176.411017 
16 0.089567 297.862001 -0.159427 -1481.829935 
15 0.222714 1125.307235 0.070383 86.236358 
13 0.188449 625.514566 -0.005291 -968.810709 
12 0.158395 737.182168 -0.234427 -1515.371313 
12 0.150001 528.836119 -0.026301 -871.460132 
16 0.064114 144.051238 0.001856 -163.688826 
15 0.056363 137.239135 -0.000156 -178.706570 
14 0.024906 106.435505 -0.109937 -623.825269 
11 0.058735 152.946914 -0.019490 -359.571063 
10 0.051538 139.048221 -0.015965 -314.102184 
9 0.101199 479.516883 0.016266 -90.379052 
4 0.000910 5.023912 0.000730 3.501570 
3 0.000239 0.902864 0.100239 1.002864 
16 0.010303 22.729214 -0.131861 -592.488734 
13 0.022319 43.064329 -0.132723 -612.828003 
12 0.045270 425.582973 -0.027544 -456.599017 
11 0.024988 237.091674 -0.018504 -314.538443 
10 0.015973 32.466058 -0.169073 -756.137296 
9 0.062298 545.532047 0.016964 -227.087946 
9 0.034393 61.054769 -0.100596 -547.996145 
16 0.077891 154.447855 -0.014765 -296.173279 
16 0.061228 119.167687 -0.032908 -331.430593 
14 0.143741 302.132462 0.002951 -506.033260 
14 0.068058 247.982735 -0.016326 -356.693802 
12 0.199544 409.310258 0.079568 -361.038620 
15 0.007016 13.609405 -0.088027 -398.758899 
14 0.130103 602.474341 -0.085022 -1295.549272 
13 0.124589 580.958642 -0.081815 -1233.028224 
9 0.001290 5.407672 -0.009244 -77.041152 
4 0.001045 13.660483 0.101045 13.760483 
16 0.051187 140.438667 -0.143510 -1101.251709 
15 0.143179 536.133159 -0.180683 -2209.507594 
15 0.018338 44.861209 -0.215951 -1427.652546 
14 0.213965 871.153447 -0.085160 -1870.861598 
14 0.192864 363.452655 0.091077 -52.281226 
13 0.173411 732.738891 -0.110424 -1884.567472 
12 0.012496 32.511122 -0.190633 -1265.481857 
11 0.020488 57.049275 -0.302310 -2975.349804 
10 0.005404 13.364226 -0.084989 -439.508661 
9 0.033384 58.173263 -0.198762 -963.054630 
16 0.463274 1463.122525 0.274843 187.645540 
15 0.077540 249.510909 -0.096298 -925.448781 
15 0.449101 1422.140846 0.306709 542.324522 
14 0.008836 51.752676 -0.122240 -755.695070 
14 0.427171 3530.794627 0.207194 1041.103206 
14 0.430376 2436.023179 0.235993 257.401944 
13 0.015511 92.956068 -0.296563 -1843.254881 
12 0.008019 32.237167 -0.136222 -919.486560 
17 0.042405 352.827586 -0.066179 -673.622519 
13 0.500690 4181.180086 0.240556 946.360264 
15 0.166339 755.112467 -0.097334 -1646.473944 
14 0.128359 357.501328 -0.068073 -1403.718871 
13 0.360441 2156.423237 0.069297 -344.164459 
12 0.069048 143.750898 -0.038384 -488.534014 
12 0.199479 1253.734719 -0.256477 -4188.056631 
16 0.008665 14.036997 -0.304539 -1344.029118 
15 0.069952 605.469009 -0.118652 -1053.471245 
13 0.093323 545.491171 -0.037104 -592.781633 
10 0.054956 98.666048 -0.246167 -1253.338089 
15 0.021719 120.214999 -0.129327 -1695.679696 
11 0.091163 459.414024 0.027146 -264.120667 
9 0.262517 1326.982269 0.038940 -612.256712 
5 0.105254 525.438042 0.103187 507.316694 
17 0.170070 580.957432 0.086301 -8.516918 
14 0.104603 593.545481 -0.064268 -1257.466170 
13 0.022675 77.956508 -0.269024 -1721.445443 
12 0.036956 110.191219 -0.225399 -1597.716308 
11 0.052297 178.261164 -0.196598 -1466.685298 
8 0.006958 36.945006 -0.062812 -516.394241 
7 0.006448 47.242109 -0.042240 -356.900002 
14 0.064501 121.934096 -0.198027 -988.310880 
13 0.559718 3673.326783 0.096430 -1163.372062 
11 0.729052 4212.997800 0.378126 395.663017 
15 0.074474 192.523433 -0.264586 -3152.615024 
13 0.102724 264.659444 -0.307341 -3992.595264 
12 0.097546 266.348547 -0.302256 -3945.627403 
11 0.278993 698.945950 -0.131749 -3762.917118 
16 0.026455 62.926437 -0.049317 -263.191172 
13 0.017228 41.635846 -0.111145 -474.764673 
13 0.098933 181.472861 -0.031413 -362.892168 
12 0.014740 36.115221 -0.075309 -331.676923 
11 0.069778 131.147625 -0.017781 -236.044082 
9 0.008312 19.727505 -0.086514 -424.367294 
7 0.036781 88.701001 -0.052203 -353.477104 
6 0.029843 84.380104 0.027234 69.798189 
4 0.005776 24.382428 0.005041 17.926013 
4 0.002976 10.894419 0.002371 5.571285 
3 0.110342 1372.552019 -0.236897 -6023.939152 
14 0.114408 212.466443 -0.081100 -710.841510 
13 0.110766 258.288864 -0.067825 -590.588305 
12 0.136517 301.679181 -0.028071 -480.213067 
11 0.005363 14.421301 -0.004465 -31.186894 
9 0.289047 502.923186 -0.090518 -1730.725550 
8 0.065663 159.381832 0.034630 -59.284797 
7 0.071507 152.047512 0.050650 -5.347841 
7 0.014065 62.054945 0.000659 -86.423526 
17 0.108398 256.424346 -0.053441 -585.931572 
14 0.050459 353.571111 -0.030603 -569.388586 
14 0.032796 164.138509 -0.036999 -638.530106 
14 0.129703 253.592650 -0.193465 -1249.211577 
13 0.261142 659.595660 -0.047896 -780.616332 
10 0.464779 865.836083 0.191499 -870.458437 
9 0.363759 785.186429 0.021906 -1133.755809 
13 0.004873 27.673394 -0.195120 -2230.991886 
13 0.055253 253.984776 -0.059982 -643.080229 
11 0.009189 25.076762 -0.257236 -3522.931568 
10 0.007219 22.175286 -0.242542 -3324.653113 
9 0.614311 1563.003572 0.414033 -969.134566 
17 0.080367 164.052781 -0.055497 -480.815213 
15 0.024210 46.878707 -0.204582 -903.540855 
14 0.028745 56.198312 -0.174645 -791.772924 
14 0.008855 16.490736 -0.194382 -821.046118 
13 0.391664 1252.521417 0.050761 -1735.571778 
13 0.100325 182.292873 -0.314095 -1483.216540 
16 0.050213 98.497283 -0.188968 -847.617152 
14 0.042639 84.715236 -0.198338 -865.098555 
12 0.071651 144.304148 -0.117738 -654.880154 
10 0.391098 680.861608 0.096964 -833.997589 
5 0.126139 364.332469 0.055313 -230.441794 
4 0.082117 271.627676 0.045627 -50.831058 
2 0.020833 223.845599 0.120833 223.945599 
2 0.014807 155.919077 0.114807 156.019077 
17 0.195736 379.504279 0.089124 -297.363357 
16 0.204456 410.708948 0.041026 -632.987136 
15 0.299709 563.666900 0.050253 -1200.645619 
14 0.287276 596.506297 0.153225 -111.694264 
12 0.318199 643.394894 -0.017544 -1625.704820 
11 0.011020 66.486217 -0.013740 -144.360579 
11 0.412868 752.080913 0.109056 -1303.573226 
10 0.023599 45.600871 -0.200498 -937.275286 
10 0.273174 529.426748 -0.016514 -1451.467143 
9 0.022435 45.113438 -0.148603 -743.869303 
9 0.254628 510.705695 -0.016448 -1370.020458 
7 0.002860 9.841219 -0.005865 -48.515053 
4 0.004559 31.836210 0.003983 25.858002 
15 0.047473 545.724836 -0.192399 -1660.600278 
14 0.252693 454.994995 -0.052446 -1472.527357 
13 0.002879 5.572970 -0.109028 -434.107427 
13 0.273211 519.786548 -0.009259 -1316.378891 
12 0.020059 255.964045 -0.167335 -1466.763645 
12 0.610156 1035.118504 0.338547 -690.146765 
11 0.012801 25.483869 -0.072140 -318.251651 
11 0.010699 137.152429 -0.164575 -1250.209702 
9 0.014678 163.441495 -0.105262 -804.490161 
8 0.000927 12.318280 -0.019033 -160.867634 
8 0.062935 142.294466 -0.029460 -534.727925 
7 0.030849 218.516234 -0.011927 -90.545075 
6 0.009541 56.754774 -0.011413 -90.757812 
4 0.021811 199.870406 -0.001262 -101.053396 
3 0.012573 141.218677 0.011691 128.207446 
14 0.009960 20.576106 -0.035303 -190.363252 
10 0.004921 9.940703 -0.075039 -355.515844 
15 0.269482 800.996501 -0.102961 -3421.638414 
15 0.044692 112.302378 -0.144281 -780.974921 
14 0.273393 833.920530 -0.079539 -3252.033054 
13 0.364785 1995.975433 0.023035 -2492.111964 
12 0.224198 1199.990582 -0.076210 -2887.726652 
11 0.346468 2003.046690 0.093344 -1430.430395 
10 0.312728 911.683272 0.089429 -2215.290368 
15 0.084153 169.360460 -0.063818 -583.640747 
15 0.025159 70.936826 -0.052031 -426.155659 
13 0.034718 71.438009 -0.103134 -485.321181 
13 0.001925 7.674869 -0.152879 -939.186658 
13 0.053602 106.061214 -0.111813 -648.131988 
11 0.099303 188.372295 -0.006799 -326.986374 
11 0.040970 86.741500 -0.077421 -495.144686 
10 0.032971 73.065261 -0.071571 -451.801049 
9 0.097101 194.078709 -0.004304 -446.701817 
9 0.024029 64.335590 -0.066801 -411.703844 
6 0.005723 34.587109 -0.010433 -60.615488 
15 0.063816 125.593882 -0.038855 -366.131423 
13 0.340037 1028.984455 0.112379 -1110.398396 
13 0.044541 103.236247 -0.008341 -185.506511 
12 0.023042 51.235968 -0.026890 -206.478534 
12 0.295571 917.560719 0.090191 -1036.607713 
11 0.263597 827.942111 0.101949 -751.707977 
10 0.056451 136.392847 0.039110 -10.701470 
10 0.247833 798.513783 0.116529 -513.480832 
9 0.141292 448.756308 0.046197 -528.971332 
8 0.043127 115.998175 0.037556 50.027981 
16 0.027792 221.661776 -0.123583 -1018.796708 
9 0.614311 1462.077483 0.237785 -952.835886 
15 0.045138 129.511623 -0.273850 -2285.059404 
15 0.015416 55.147514 -0.160112 -1107.779438 
14 0.035787 104.757296 -0.261771 -2157.358212 
13 0.024463 74.445800 -0.209314 -1749.662061 
12 0.003236 9.641256 -0.209355 -1665.602055 
9 0.103293 279.945882 0.076206 74.861526 
7 0.049261 151.554243 0.036750 18.475987 
4 0.011956 89.539799 0.007175 32.407761 
3 0.010350 78.522874 0.007900 46.616397 
14 0.007178 28.355799 -0.109715 -737.915068 
16 0.326753 966.197469 0.130652 -923.402666 
16 0.168432 693.358529 0.005631 -601.128782 
16 0.542135 2310.624140 0.290431 43.741543 
15 0.317962 950.445293 0.175091 -462.478608 
15 0.234943 918.586721 -0.003768 -1306.315551 
14 0.235614 2132.433844 -0.069108 -885.950981 
14 0.204379 1813.169037 -0.105130 -1224.082646 
13 0.002494 7.475414 -0.093720 -409.046837 
12 0.268256 1697.002617 -0.004859 -993.809817 
12 0.097016 485.120626 0.014615 -445.391837 
11 0.089539 445.833858 0.021541 -304.630791 
15 0.162976 422.451543 0.001976 -461.055835 
14 0.189219 342.333860 0.029133 -461.195017 
13 0.027537 74.218049 -0.090903 -493.652010 
3 0.036612 311.277523 0.034980 287.587508 
14 0.071871 126.948527 -0.131875 -779.699282 
13 0.050915 102.614710 -0.140811 -892.586746 
16 0.125664 609.295678 -0.087792 -1767.777087 
14 0.198573 798.824433 0.008941 -1333.819500 
13 0.067549 216.422395 -0.059206 -628.822254 
12 0.087327 197.452779 -0.056106 -706.880884 
9 0.083514 259.265246 -0.065911 -378.886324 
8 0.052774 257.470413 -0.007667 -91.700355 
17 0.013426 23.950688 -0.234213 -1221.266315 
11 0.127217 225.651397 -0.323514 -2259.465846 
11 0.021712 319.320112 -0.302296 -3711.013705 
11 0.129006 348.460497 -0.168546 -3334.824148 
10 0.118107 215.079837 -0.225391 -1708.590159 
10 0.115644 321.204261 -0.150890 -2654.075072 
8 0.036696 126.141538 -0.182755 -2709.346250 
7 0.021809 81.770624 -0.132559 -2034.424961 
16 0.065351 129.760586 -0.162288 -861.212716 
15 0.214754 477.483300 0.038738 -734.093059 
15 0.066703 232.368819 -0.077575 -445.761118 
14 0.296252 703.754860 0.179922 -173.617279 
13 0.079436 153.979338 -0.072135 -468.023849 
12 0.181435 423.198514 0.087177 -198.926057 
11 0.045440 92.530393 -0.069297 -390.817059 
10 0.108899 261.455564 0.046389 -196.614243 
9 0.028308 60.734389 -0.032894 -209.741207 
9 0.035851 111.635240 0.018774 -4.022108 
7 0.039295 84.564671 0.005869 -106.044988 
7 0.073084 181.933717 -0.014955 -336.443897 
6 0.011415 31.689666 -0.038929 -220.398838 
4 0.000500 2.707219 0.000430 2.136124 
14 0.007257 13.256454 -0.116150 -483.490547 
12 0.194831 539.831401 -0.042851 -1020.569863 
12 0.076490 185.932091 -0.042889 -413.411191 
12 0.016727 33.743458 -0.070624 -348.213208 
11 0.011180 25.676819 -0.064042 -307.512850 
9 0.244256 505.048723 0.179865 61.107691 
9 0.008409 22.057218 -0.036437 -207.228796 
8 0.007497 21.726939 -0.034021 -238.312635 
7 0.182782 413.437908 0.103689 -169.212593 
12 0.007480 16.812881 -0.029008 -183.375119 
11 0.015627 31.355676 -0.034877 -193.536795 
11 0.298457 792.050188 0.091721 -1204.956375 
10 0.007484 14.159257 -0.028372 -152.277159 
10 0.004735 12.988523 -0.191287 -1438.059535 
14 0.006857 23.948527 -0.108611 -1177.372374 
12 0.003489 24.943177 -0.088292 -930.876341 
9 0.032664 213.945048 -0.151882 -1830.548374 
7 0.008409 56.094614 -0.093211 -1214.314943 
6 0.014168 135.590485 -0.002031 -44.130871 
3 0.000350 3.039935 0.000000 -1.228111 
14 0.018906 73.459995 -0.021215 -129.332860 
13 0.024231 86.859338 0.014710 44.184745 
12 0.009493 29.910807 -0.006511 -95.621897 
8 0.178581 1929.756508 0.137435 1094.924497 
6 0.030712 370.521451 -0.000174 -300.025029 
5 0.107577 1159.113379 0.091032 781.651279 
4 0.007923 115.544505 -0.000235 -83.635764 
3 0.001690 14.005856 0.101690 14.105856 
15 0.040531 178.640452 -0.097225 -1330.078838 
13 0.018240 79.620052 -0.084222 -1108.714465 
12 0.013985 44.405924 -0.098403 -627.642650 
11 0.101006 337.911188 -0.036966 -586.843694 
9 0.005943 23.488179 -0.083528 -577.164389 
15 0.030693 262.702451 -0.163365 -1729.181686 
14 0.065551 557.628373 -0.230010 -2412.959963 
13 0.105624 897.807772 -0.339010 -3471.978157 
15 0.091236 268.463153 -0.054437 -1010.197629 
6 0.111841 796.957390 0.079005 335.633723 
3 0.027708 250.334695 0.026327 228.872067 
17 0.029942 66.391218 -0.114319 -580.885442 
16 0.082759 159.964063 -0.166372 -903.974588 
15 0.202868 538.804937 -0.092098 -817.402831 
15 0.023748 41.471545 -0.240201 -1414.531849 
14 0.020311 38.474738 -0.189264 -1181.623418 
14 0.366196 592.018653 0.116425 -829.575416 
11 0.312384 698.542979 0.087315 -662.862727 
10 0.016778 33.453586 -0.293233 -2488.423091 
16 0.149003 617.186104 -0.098623 -1347.535527 
15 0.147938 593.577548 -0.099497 -1359.072418 
11 0.033078 129.290605 -0.083193 -634.202304 
10 0.061926 455.134856 0.021541 -51.544236 
10 0.028691 117.079438 -0.129741 -901.308631 
9 0.024283 167.947418 -0.030524 -461.460609 
8 0.026258 222.680702 0.000538 -114.948115 
5 0.008661 47.908438 -0.042629 -441.854625 
16 0.100172 210.611540 0.019499 -231.990174 
14 0.085400 199.194381 -0.003721 -287.041612 
11 0.119019 307.114465 -0.217319 -1596.243951 
14 0.025591 119.063643 -0.030528 -369.223204 
13 0.001542 4.150069 -0.018821 -90.053024 
12 0.024956 68.794239 -0.253938 -1582.296333 
12 0.016209 80.913959 -0.235921 -1434.740622 
15 0.038174 168.772222 -0.268796 -1717.228757 
14 0.025252 112.705148 -0.228011 -1444.802146 
13 0.012360 55.822230 -0.195071 -1163.897578 
12 0.012353 20.483415 -0.183237 -1049.631316 
6 0.022798 234.255785 0.016575 117.961342 
3 0.000481 1.476592 0.100481 1.576592 
13 0.010138 37.764744 -0.171283 -1204.765255 
12 0.008928 34.445873 -0.162845 -1154.889744 
11 0.374150 1878.174730 -0.031277 -2167.276675 
15 0.057923 265.080395 -0.093783 -912.691332 
13 0.244511 809.862638 0.144626 62.902832 
13 0.069126 223.864108 -0.020788 -450.569973 
13 0.117318 504.053927 0.077107 152.897417 
12 0.027997 120.770829 -0.320324 -2271.267828 
12 0.050958 117.746770 0.023028 -53.993239 
11 0.078373 345.379021 0.021804 -278.395119 
10 0.037881 200.442582 -0.002846 -255.094997 
9 0.120099 477.228895 0.015205 -646.254735 
8 0.195586 708.718648 0.146347 143.613914 
5 0.006043 30.150935 0.003574 7.113835 
4 0.001328 10.856199 -0.000187 -4.821090 
3 0.001537 12.455328 0.101537 12.555328 
15 0.363012 4670.685338 0.146772 1521.628301 
14 0.001222 6.833404 -0.064980 -700.221369 
14 0.064973 128.569032 -0.142056 -751.540920 
13 0.001670 2.824609 -0.282929 -1242.892938 
15 0.116984 377.253750 -0.122806 -830.541159 
14 0.030808 103.372942 -0.193097 -902.231857 
13 0.011740 35.629224 -0.115870 -814.053828 
12 0.003798 11.574054 -0.103701 -669.377929 
11 0.042848 134.633904 -0.126090 -709.441664 
8 0.004558 13.079942 -0.080009 -457.772181 
13 0.037942 71.890446 -0.158771 -840.002495 
12 0.047464 114.828723 -0.136678 -754.425944 
11 0.002022 10.294217 -0.019223 -146.626762 
15 0.159539 297.247336 -0.145559 -1107.403138 
14 0.023097 88.674386 -0.070349 -483.377480 
8 0.280545 565.462467 0.133247 -399.721904 
4 0.019862 87.588854 0.119862 87.688854 
3 0.004706 26.819640 -0.002731 -34.939177 
17 0.085561 240.401995 -0.162345 -998.455703 
16 0.207546 559.236579 -0.068357 -1239.619731 
9 0.032864 351.827918 0.019908 155.146823 
8 0.010205 116.279170 0.000231 -48.799231 
16 0.067745 126.480815 -0.153182 -836.418626 
15 0.106791 284.237054 -0.353136 -2375.133490 
14 0.214453 678.860982 -0.227439 -1884.499328 
14 0.135378 330.676024 -0.272750 -2094.532204 
13 0.206993 656.429518 -0.182249 -1665.624731 
12 0.198919 503.656548 -0.207030 -1941.213362 
11 0.189483 486.416997 -0.185800 -1761.717045 
3 0.002106 31.571459 0.102106 31.671459 
17 0.127981 867.668317 0.015296 -215.697699 
12 0.031030 212.368710 -0.080553 -837.133851 
9 0.015288 128.460002 -0.066672 -589.633502 
7 0.008956 78.742638 -0.028175 -344.899144 
4 0.000514 4.801250 -0.000152 -3.624841 
16 0.110286 371.498940 -0.127860 -1259.764468 
14 0.156741 566.615646 -0.141637 -1413.351200 
14 0.173644 620.873517 0.098290 48.046826 
13 0.171522 822.115567 0.103985 311.144313 
11 0.096202 393.833749 -0.202117 -1568.079680 
11 0.014301 40.859101 -0.101064 -694.909855 
10 0.003235 11.070452 -0.094918 -636.212033 
10 0.096601 205.018037 -0.197402 -1245.464399 
9 0.116716 340.474374 -0.146134 -974.515587 
8 0.048007 99.185729 -0.030334 -403.060676 
8 0.161919 813.012895 0.062136 -241.814619 
8 0.010407 35.431377 -0.040803 -330.377941 
8 0.164596 827.281943 0.070385 -169.960202 
8 0.013206 53.949523 -0.187817 -1329.859372 
12 0.032449 66.591791 -0.076814 -575.313387 
10 0.023799 53.787572 -0.049168 -393.790444 
8 0.033598 69.728983 -0.118932 -930.764730 
6 0.003423 18.177925 0.000610 -4.059039 
14 0.012528 35.571610 -0.167184 -771.606137 
11 0.011149 31.175007 -0.020700 -124.676330 
8 0.138699 1469.429721 0.000161 -1178.095890 
15 0.039074 209.275345 -0.065262 -818.881796 
13 0.118436 289.357666 0.029990 -256.714908 
10 0.081115 324.083307 -0.041065 -586.230447 
15 0.142146 715.726224 0.076414 -130.049926 
15 0.022872 44.123712 -0.100005 -698.180797 
12 0.127142 405.257755 0.060567 -491.286808 
11 0.105817 547.535364 -0.102290 -2456.277248 
15 0.071509 228.249619 -0.255181 -1559.354906 
13 0.042421 146.553520 -0.173519 -1348.219125 
15 0.135470 247.141442 -0.031550 -460.324854 
14 0.009969 19.633477 -0.149773 -665.683990 
10 0.010688 40.441832 -0.108776 -466.902227 
10 0.011969 59.804442 -0.223506 -1228.102350 
12 0.097062 187.672404 -0.011382 -740.034123 
9 0.076519 387.146771 -0.263383 -2970.268154 
16 0.024557 90.311566 -0.132872 -1074.050380 
6 0.024222 105.321942 0.017846 36.746155 
16 0.107034 228.463116 -0.041487 -477.349657 
15 0.151123 266.791239 -0.023942 -520.198266 
12 0.091223 224.925340 -0.025186 -317.775878 
11 0.006141 32.964784 -0.097072 -618.734428 
10 0.074567 173.716719 -0.142410 -830.790226 
9 0.061225 189.090817 -0.077083 -644.581328 
16 0.006385 15.212636 -0.128798 -628.932657 
14 0.053109 541.745601 -0.030898 -32.582637 
14 0.026705 85.112892 -0.042276 -337.288048 
10 0.039125 158.474965 -0.010966 -182.259220 
9 0.002537 30.976453 -0.026699 -179.922898 
4 0.003792 12.390751 -0.008512 -85.206125 
3 0.002352 9.499620 -0.000038 -10.224272 
17 0.067190 154.143952 -0.096191 -873.537608 
15 0.013803 50.711998 -0.119445 -792.452904 
14 0.022358 55.884758 -0.103376 -742.850115 
13 0.167549 587.642728 0.011355 -521.359671 
12 0.090309 203.071891 -0.167348 -1648.596957 
12 0.165926 593.586222 -0.095748 -1282.280861 
11 0.069130 157.074837 -0.156447 -1311.600895 
10 0.051193 108.913961 -0.125387 -1198.400766 
16 0.012125 66.868495 -0.059787 -656.985464 
11 0.126773 536.746958 -0.158548 -1990.926709 
11 0.298423 819.936915 0.024686 -1588.107264 
9 0.004186 16.696744 -0.030071 -240.116899 
8 0.033382 147.114533 -0.010534 -278.736351 
13 0.136093 264.719501 -0.013696 -610.844988 
12 0.301190 555.942941 0.004053 -1253.573800 
11 0.652433 1615.646591 0.304267 -414.602926 
10 0.637182 1078.089299 0.383206 -814.524443 
9 0.619227 1049.966777 0.444702 -218.636367 
8 0.061156 297.711803 0.022441 11.978101 
6 0.319113 812.938867 0.218451 67.018592 
16 0.009641 28.094620 -0.030903 -158.858599 
16 0.019412 37.182593 -0.016733 -128.453179 
10 0.093417 185.122254 -0.126502 -663.590690 
6 0.034652 335.208281 -0.014693 -73.647142 
5 0.037178 444.289610 0.008236 189.839306 
4 0.009041 104.772519 -0.002763 -17.281164 
12 0.050282 106.367445 -0.176050 -1241.303749 
12 0.423745 931.506182 0.002477 -1819.619936 
11 0.128139 230.899898 -0.066133 -967.932946 
15 0.011947 43.452135 -0.185499 -1871.108619 
15 0.200709 355.808906 -0.287466 -1650.216479 
13 0.170415 313.187152 -0.266437 -1526.718207 
8 0.032420 71.809180 -0.090844 -613.913256 
3 0.004521 5.588154 -0.026101 -350.123019 
17 0.287899 480.560086 -0.020676 -1207.078141 
16 0.410936 693.303890 0.083563 -1442.375175 
16 0.402507 673.865825 0.081813 -1414.631622 
15 0.368637 625.874728 0.089687 -1162.536077 
14 0.023665 98.829644 -0.145999 -619.797423 
13 0.212276 375.047942 -0.019835 -1099.212115 
11 0.277969 486.109086 0.091970 -659.123793 
11 0.102017 420.876073 -0.124047 -510.250392 
16 0.073911 207.540644 -0.081639 -733.520831 
15 0.204778 678.948678 -0.066201 -1369.865733 
14 0.292264 1040.995850 0.022601 -1497.348713 
6 0.033134 276.999527 0.003870 -139.410483 
5 0.087432 677.327919 0.073973 475.625189 
5 0.056819 468.478809 0.044957 290.269859 
5 0.013483 106.811720 0.003118 -23.438620 
17 0.023910 86.214371 -0.131113 -992.494715 
16 0.011777 38.210186 -0.080013 -697.064024 
15 0.006086 12.569151 -0.062052 -265.567238 
14 0.004736 25.558402 -0.125533 -1315.362321 
14 0.062722 237.189692 -0.135397 -1169.389344 
13 0.013210 34.183636 -0.013879 -135.563081 
11 0.101310 522.058191 0.013137 -642.765934 
11 0.028180 115.542492 -0.137886 -1115.980195 
8 0.043783 357.521689 -0.007625 -345.966262 
8 0.031096 131.698075 -0.220420 -1555.706411 
7 0.052837 279.684818 -0.003881 -167.188619 
7 0.002454 20.271306 -0.041680 -344.446925 
6 0.010819 86.204106 0.007127 25.956757 
15 0.016480 55.444820 -0.087769 -649.370849 
14 0.147940 457.241910 0.053555 -156.193425 
14 0.062965 535.566345 -0.012553 -249.476529 
14 0.017330 34.599411 -0.201732 -1221.348921 
11 0.321990 587.796920 0.110933 -780.560326 
10 0.081213 647.594518 0.004536 -205.025067 
7 0.069953 755.861115 -0.014483 -432.030197 
4 0.100245 1296.100841 0.071512 604.509052 
4 0.005243 33.431793 0.105243 33.531793 
16 0.152696 448.954710 -0.119000 -836.075808 
14 0.253703 730.461284 -0.030620 -1433.992475 
14 0.056106 743.283168 -0.054717 -1141.623305 
12 0.175820 574.580287 -0.046233 -1159.541907 
11 0.400638 1297.136432 0.212827 -155.290433 
16 0.083091 473.753518 -0.054401 -818.551549 
14 0.098491 547.999019 -0.079920 -1018.874846 
13 0.071018 170.730578 0.011657 -204.543788 
12 0.176196 661.464019 0.045998 -638.751592 
11 0.123772 726.847150 0.009066 -352.522605 
10 0.050123 296.885727 -0.103199 -1481.259210 
15 0.023439 67.085252 -0.006649 -129.879057 
14 0.038025 132.112894 -0.016969 -222.741991 
12 0.090118 501.325325 0.061348 326.253808 
11 0.002588 7.258208 -0.014417 -101.702227 
9 0.047644 147.608243 0.007134 -306.998341 
9 0.010469 47.690622 -0.031416 -420.763630 
8 0.001508 11.590659 -0.011240 -131.061969 
4 0.004855 41.993911 0.002184 7.662275 
3 0.002767 22.284740 0.002448 17.957589 
16 0.020923 88.019353 -0.145460 -1175.516623 
15 0.008106 32.813664 -0.105449 -670.137542 
14 0.414225 1573.680987 0.274972 516.964159 
13 0.180841 600.837048 -0.001990 -764.248706 
12 0.055883 230.227319 -0.069419 -737.811617 
10 0.006834 14.190055 -0.080546 -602.633096 
9 0.135681 516.169684 -0.014334 -673.102166 
8 0.121814 480.356447 -0.011527 -597.678751 
8 0.004830 30.972901 -0.071302 -728.250769 
13 0.087854 170.866955 -0.048445 -724.212362 
12 0.039458 85.619273 -0.039966 -477.981175 
5 0.043807 512.701298 0.041194 446.549198 
16 0.005812 15.726217 -0.199510 -1016.594334 
15 0.449957 2866.084560 -0.014207 -3099.352471 
13 0.264649 2532.694968 -0.154394 -2829.210159 
12 0.324460 1664.548801 -0.160095 -4551.111267 
5 0.003164 15.053202 0.003060 13.782810 
16 0.192021 361.837956 -0.105390 -1817.593330 
13 0.191109 450.903213 0.015141 -755.567761 
15 0.204990 611.382669 0.071747 -472.934826 
13 0.282311 1358.022343 -0.063576 -1138.158142 
12 0.259267 1231.976491 -0.045351 -968.666032 
11 0.395796 1205.055884 0.185225 -473.280244 
10 0.447328 1043.091973 0.256063 -434.319483 
14 0.177603 869.803947 0.100027 -83.078178 
13 0.096140 442.769346 -0.013683 -715.574798 
12 0.126394 605.100422 -0.091231 -1557.929280 
11 0.120144 573.320587 -0.085154 -1489.806412 
10 0.011036 28.596020 -0.068320 -376.075706 
9 0.081551 362.872338 -0.063135 -1091.663270 
8 0.009222 50.764350 -0.018764 -250.077126 
7 0.010805 45.038809 -0.002644 -100.871850 
16 0.002366 10.367593 -0.053507 -373.123556 
14 0.120946 522.879879 -0.173216 -2068.929592 
13 0.014991 88.640212 -0.240631 -1812.203726 
12 0.082693 163.921840 -0.217538 -1049.437408 
12 0.275399 1583.512321 0.030773 -1256.940799 
12 0.110103 360.776635 -0.107389 -1269.177492 
10 0.159849 585.719011 0.086672 67.362641 
9 0.077205 181.301380 -0.139613 -1317.069503 
9 0.008308 33.526748 -0.045939 -370.249172 
8 0.157427 920.879095 0.072760 37.676675 
7 0.018268 86.015241 0.013715 53.431366 
6 0.022544 142.203761 0.019364 108.610206 
5 0.013988 101.155414 0.013334 94.205445 
16 0.009627 51.812556 -0.100570 -1065.948833 
13 0.162463 618.344537 -0.080564 -1401.442784 
13 0.064167 266.800204 -0.046069 -793.170527 
12 0.151513 708.978860 -0.140463 -1994.349004 
9 0.501315 2102.247777 0.252394 -257.940429 
8 0.120539 544.832615 0.073251 87.049358 
8 0.054155 129.847341 0.024821 -95.411526 
7 0.103196 278.669744 0.085072 144.374593 
5 0.001286 5.235406 -0.006835 -61.084560 
15 0.005832 13.892108 -0.292101 -1680.661982 
13 0.064742 166.569659 -0.189005 -1250.118727 
13 0.079862 263.277355 -0.085947 -804.391394 
12 0.038419 174.725546 -0.096692 -727.798033 
11 0.003638 22.677688 -0.023475 -283.491476 
16 0.090750 198.425041 -0.003733 -416.227746 
15 0.313749 1073.109802 0.085092 -421.465677 
13 0.006113 14.100594 -0.064746 -368.159868 
13 0.231332 1045.240867 0.098822 -356.914442 
12 0.006334 18.669879 -0.059672 -333.918859 
11 0.240717 835.831415 -0.222752 -2099.377443 
15 0.064572 128.161712 -0.085537 -475.662145 
14 0.015834 28.748196 -0.121924 -822.775192 
12 0.008899 16.619534 -0.089566 -594.717839 
11 0.115588 230.074649 -0.163432 -1163.829901 
11 0.021203 71.853703 -0.087140 -587.636929 
9 0.209802 604.008494 0.097289 -457.185536 
8 0.143285 326.216267 0.058563 -189.246588 
8 0.169285 519.540406 0.086659 -258.508599 
8 0.009932 48.215347 -0.119491 -514.676073 
7 0.007194 29.664470 -0.051338 -314.353153 
4 0.004985 24.159445 0.004564 20.737164 
11 0.086839 154.851109 -0.027530 -769.439493 
9 0.030574 201.100813 0.008865 -40.215588 
9 0.053239 99.351806 -0.018840 -458.364317 
16 0.102241 314.996735 -0.120539 -1246.890303 
13 0.046542 158.993513 -0.343883 -2001.106553 
10 0.095057 323.515021 -0.222683 -1488.187767 
16 0.177287 517.149080 0.044417 -524.503860 
15 0.062893 214.274609 -0.041897 -614.707222 
14 0.136114 406.108426 0.053839 -259.599246 
12 0.105849 612.765167 -0.317816 -2808.453030 
12 0.012639 26.021251 -0.096284 -455.573632 
11 0.134899 452.037694 -0.270147 -2846.795808 
11 0.018781 43.513709 -0.088871 -490.446519 
10 0.092898 557.953273 -0.257888 -2113.423324 
9 0.001391 2.980913 -0.032945 -190.889384 
7 0.004944 25.781984 -0.000601 -16.917945 
7 0.088237 333.668217 0.074554 171.188017 
4 0.022196 154.193474 0.017908 101.011685 
13 0.044798 134.545348 -0.071558 -1142.231791 
12 0.073196 194.739740 -0.120713 -1944.039349 
10 0.214173 539.792895 0.105193 -451.459739 
9 0.057897 285.830890 -0.042417 -617.554258 
7 0.005337 25.047909 0.001142 -5.292726 
7 0.023062 71.250928 -0.041494 -381.344479 
6 0.004686 18.885545 -0.051726 -460.772249 
15 0.002343 10.628237 -0.052613 -359.232480 
15 0.206497 670.110774 0.055880 -649.493795 
14 0.164527 532.293373 0.055844 -418.425744 
13 0.216285 707.837233 0.081841 -309.757625 
11 0.027207 115.043674 0.017758 21.025947 
10 0.090597 331.128214 -0.094459 -1091.712987 
9 0.138418 481.176894 -0.035974 -960.197361 
17 0.037273 114.020602 -0.123543 -814.154372 
14 0.126887 223.901779 -0.108764 -1015.522655 
13 0.037627 98.535022 -0.188957 -1104.131149 
12 0.046003 157.956411 -0.110988 -657.733073 
11 0.044728 155.874877 -0.074325 -421.510215 
8 0.006821 21.347488 -0.008091 -73.581016 
5 0.010813 58.098899 -0.054044 -502.711191 
4 0.001207 11.642353 0.000058 -2.620709 
14 0.030537 121.352138 -0.120532 -935.389023 
13 0.076347 497.879144 -0.140953 -2196.861474 
15 0.184905 326.169283 -0.023791 -815.940646 
14 0.017875 30.831842 -0.413343 -1805.971744 
13 0.238464 404.292670 0.050518 -686.770339 
14 0.065609 117.351243 -0.144482 -785.294753 
13 0.082478 132.647302 -0.107503 -677.048501 
12 0.127461 416.680770 0.081910 7.712418 
12 0.130222 222.356410 -0.138375 -1040.221988 
11 0.320503 582.009503 0.111424 -441.759163 
7 0.045533 377.455779 0.038918 262.354743 
4 0.019821 79.179382 0.017996 60.757830 
4 0.000520 4.170796 -0.001639 -20.583505 
17 0.271537 1271.498584 0.002135 -1022.723226 
15 0.314861 1499.182796 -0.008421 -1319.291521 
14 0.453560 1487.315715 0.239098 -374.309597 
13 0.136673 532.349020 -0.025508 -881.151443 
11 0.094868 326.477246 -0.029483 -695.514173 
10 0.225347 729.969759 0.125588 -94.241481 
8 0.012866 32.334165 0.002544 -31.102406 
6 0.000980 2.992113 0.000071 -2.209861 
16 0.004665 11.344552 -0.107820 -433.841295 
15 0.023654 45.725793 -0.104977 -427.516132 
14 0.007865 16.222592 -0.315307 -2019.829341 
14 0.100332 238.514261 0.029205 -240.443677 
13 0.296660 528.786138 0.150706 -476.492566 
12 0.260386 489.536577 -0.030180 -1403.536220 
12 0.052029 215.874937 -0.087978 -755.310358 
11 0.119390 558.389290 0.022091 -120.096863 
9 0.104973 195.350512 0.084384 55.769657 
7 0.049993 135.781221 0.007716 -269.062579 
5 0.231248 1632.635012 0.150052 501.443688 
15 0.116528 540.165909 -0.139836 -2330.640903 
14 0.400881 826.263154 0.107189 -1055.346152 
17 0.341218 746.937569 0.091736 -853.047079 
14 0.028870 59.281782 -0.062291 -322.274484 
12 0.073323 137.053026 -0.084501 -533.630191 
15 0.024049 51.907021 -0.024998 -165.156681 
13 0.235150 2314.065124 0.057614 -524.515887 
11 0.072251 746.049027 -0.077204 -1646.499543 
3 0.001281 7.153738 0.101281 7.253738 
3 0.001486 8.232704 0.101486 8.332704 
16 0.144768 534.030337 -0.003794 -555.202084 
15 0.028200 94.681014 -0.089268 -1072.838184 
15 0.062831 700.011605 -0.059541 -544.655644 
12 0.068287 229.664028 0.041489 -29.129154 
12 0.065479 244.883526 -0.171375 -1463.140154 
12 0.004297 17.319122 -0.016050 -135.224456 
9 0.059821 400.007434 0.010698 -162.829059 
9 0.040482 124.784536 0.003876 -125.339156 
9 0.022345 119.587773 0.009513 -4.248209 
8 0.023367 202.447152 -0.004932 -128.091598 
8 0.016035 110.530953 -0.016972 -273.186168 
4 0.000467 4.068628 0.000093 0.418088 
16 0.009204 34.063582 -0.146364 -1009.863268 
15 0.107634 398.328215 0.014191 -665.865106 
14 0.007899 19.028547 -0.139887 -583.400203 
13 0.165256 866.287985 0.062292 -288.690516 
13 0.173671 717.041336 0.079549 -370.487924 
10 0.004633 21.437389 -0.042476 -337.367718 
16 0.232424 1788.874664 0.044586 -1032.922477 
16 0.235602 1811.987686 0.055403 -823.472150 
15 0.025033 63.094726 -0.249964 -1241.383221 
13 0.021783 64.263510 -0.242992 -1153.922933 
10 0.215901 548.271202 0.132857 81.567909 
9 0.012827 65.692844 -0.142543 -608.169519 
8 0.007750 27.121550 -0.030749 -205.349447 
16 0.011830 45.182204 -0.097490 -692.705769 
13 0.007881 49.640828 -0.042887 -306.946220 
9 0.025768 103.688281 -0.015516 -204.777292 
6 0.001805 9.714789 0.001603 7.390402 
14 0.188796 799.196617 0.097053 86.615475 
14 0.044581 168.900387 -0.191265 -1040.008639 
12 0.186388 713.592423 -0.013611 -340.181946 
12 0.297531 867.850398 0.142846 -226.860463 
11 0.120672 355.405889 -0.011513 -590.812316 
10 0.089522 713.843473 -0.034538 -193.728738 
9 0.246135 679.450641 -0.003541 -1171.889454 
16 0.070737 214.097436 -0.048468 -489.533787 
15 0.053558 366.767187 -0.070019 -805.257550 
12 0.223705 576.889106 0.035548 -738.363140 
9 0.003983 17.002716 -0.001874 -38.949504 
9 0.091793 284.707956 -0.088863 -1083.669287 
9 0.042908 187.485153 -0.128962 -983.665433 
8 0.031911 150.866583 -0.108125 -838.735968 
7 0.016110 77.387483 0.010454 36.168997 
6 0.006147 34.583057 0.004085 14.561596 
15 0.063316 117.132687 -0.000732 -207.511486 
14 0.029633 58.892579 -0.022198 -172.994694 
13 0.037654 69.998068 0.003694 -98.643393 
13 0.188732 547.963195 -0.149485 -1702.522069 
12 0.178283 527.816062 -0.117106 -1474.948010 
10 0.088928 255.912422 -0.166577 -1469.429302 
10 0.179648 647.334475 -0.129898 -2010.860654 
10 0.397900 686.108770 0.154258 -949.697419 
14 0.180343 586.697850 0.007746 -954.405476 
13 0.186754 341.850418 -0.258884 -1592.481795 
17 0.167859 433.040233 0.049687 -408.740482 
16 0.148997 295.773484 0.052696 -390.484234 
14 0.009218 52.962294 -0.124539 -1328.384096 
13 0.009754 38.263507 -0.019675 -152.466418 
11 0.007498 23.668671 -0.001779 -26.374523 
15 0.008946 25.778432 -0.104881 -741.931035 
13 0.062518 120.315373 -0.038060 -288.790843 
13 0.350993 1132.945479 0.071433 -1478.646934 
13 0.061774 107.597835 -0.201906 -1222.827304 
11 0.648034 1773.463113 0.419550 -436.213159 
11 0.262365 978.936776 0.029422 -1263.618285 
10 0.072371 157.669034 -0.147261 -917.700441 
4 0.435370 1935.337755 0.420808 1620.405201 
17 0.067544 147.944496 -0.136650 -650.140841 
16 0.459797 2105.770259 0.137293 50.763481 
16 0.057744 296.657443 -0.268617 -1783.047334 
15 0.055876 289.878966 -0.261553 -1751.903103 
14 0.075792 366.651364 -0.223116 -1560.089311 
13 0.004730 13.149564 -0.011078 -62.284456 
12 0.211060 519.570333 -0.213025 -2166.871051 
12 0.322079 551.527254 0.076816 -969.483794 
11 0.058508 148.572808 -0.315829 -2175.312391 
16 0.015152 48.851493 -0.218588 -1514.595010 
15 0.019466 38.251345 -0.111997 -591.444189 
11 0.010530 36.755530 -0.199276 -1365.039914 
11 0.005555 16.210208 -0.012159 -83.460476 
9 0.127828 465.213998 -0.142979 -1443.024505 
8 0.100325 307.265445 -0.005024 -760.417632 
6 0.041284 126.068847 -0.020876 -423.814352 
17 0.334183 640.256966 0.213492 14.612143 
14 0.262455 2239.524114 0.138139 1026.421563 
14 0.106691 781.762463 -0.009621 -342.393085 
13 0.031022 62.781938 -0.162672 -933.415581 
10 0.093795 333.219481 -0.008128 -666.160363 
10 0.306196 976.176992 0.085479 -1171.002519 
10 0.039968 311.009604 -0.069453 -794.214191 
9 0.219501 1275.845249 -0.012444 -1584.513323 
9 0.120664 806.947998 -0.094903 -1205.904526 
9 0.239672 445.664905 0.034744 -735.776380 
8 0.077559 162.701345 -0.095060 -860.974070 
8 0.072801 707.808589 -0.034856 -333.418182 
15 0.319157 1617.156071 0.121961 -516.127064 
14 0.022091 88.508404 -0.111537 -792.342762 
13 0.011829 44.516064 -0.091736 -641.830791 
12 0.011044 42.702466 -0.134662 -853.946849 
12 0.175044 872.790499 0.018789 -845.144902 
11 0.139471 541.105935 -0.086490 -1161.753519 
3 0.064138 718.679263 0.060871 665.870200 
16 0.053454 175.206193 -0.101808 -712.811965 
12 0.034335 324.906079 -0.206432 -3145.132123 
11 0.007068 42.975721 -0.200053 -2954.489857 
11 0.019779 90.022150 0.004003 -23.394306 
10 0.059661 545.591320 -0.136655 -2201.513686 
8 0.005062 55.447182 -0.052540 -843.759133 
17 0.198492 502.390292 0.008406 -831.153284 
16 0.049319 497.777411 -0.065231 -781.989945 
16 0.052428 101.504891 -0.065518 -491.056774 
16 0.378881 888.177204 0.013032 -1602.292359 
14 0.581310 971.581349 0.158929 -2039.850534 
13 0.048509 271.251358 -0.160189 -1585.856823 
13 0.069729 309.320890 -0.181945 -1869.168658 
12 0.120461 535.921311 -0.238998 -2553.279528 
10 0.108381 543.451248 -0.205341 -2212.669072 
13 0.144796 537.674010 -0.029178 -776.588537 
11 0.395796 1285.271705 0.042815 -1471.482728 
9 0.041229 302.310245 -0.276197 -2809.760889 
8 0.000736 2.725925 -0.118565 -884.494534 
8 0.004582 48.576165 -0.035818 -396.858144 
6 0.201063 1090.227320 0.128835 321.574524 
4 0.000037 0.069630 -0.000178 -1.940268 
4 0.141713 930.869015 0.118057 629.888783 
14 0.683103 8476.158994 0.249747 380.928712 
10 0.086463 751.172042 -0.212785 -732.162067 
9 0.077393 678.930940 -0.127628 -402.877536 
7 0.284165 3583.937265 0.278391 3441.586829 
15 0.027250 54.182810 -0.041593 -283.365154 
14 0.081881 227.290965 -0.194319 -1625.624132 
13 0.080770 229.050444 -0.153845 -1370.177357 
13 0.016335 55.198927 -0.356257 -2322.237995 
11 0.032946 88.639360 -0.074876 -563.184169 
11 0.002793 9.424653 -0.356523 -2393.884576 
10 0.214128 695.915759 -0.015440 -1104.815447 
9 0.018750 47.629852 -0.231980 -1688.377722 
6 0.001291 7.846507 0.000270 0.416423 
5 0.005015 17.837144 -0.042656 -296.346374 
3 0.003897 41.426066 0.001392 0.172702 
3 0.005128 59.090524 0.002506 16.026701 
16 0.018425 39.033929 -0.182078 -831.544511 
15 0.102585 249.096194 0.034764 -182.034275 
13 0.244550 1302.851612 0.137594 318.428906 
13 0.149939 410.366807 -0.004160 -722.503471 
12 0.100444 541.918414 0.008596 -292.319402 
12 0.052940 133.197226 -0.090746 -917.669653 
11 0.101700 219.392600 0.042848 -487.511403 
10 0.035078 103.113837 -0.073054 -735.347673 
9 0.074631 423.815645 -0.029441 -246.205051 
9 0.032286 96.942802 -0.057010 -632.932031 
8 0.022363 194.757349 0.008471 33.379019 
6 0.009901 24.501348 -0.023604 -225.513242 
6 0.007415 28.427657 0.005618 13.809568 
5 0.010766 29.559612 0.000699 -38.503386 
10 0.045928 219.759858 0.027293 37.820472 
3 0.000784 8.793978 0.000522 5.818338 
16 0.198858 634.599927 -0.138287 -1854.562660 
15 0.477081 1498.970264 0.092753 -1393.667027 
10 0.072379 322.848947 0.029687 -20.910333 
8 0.010194 60.582258 -0.013817 -127.801392 
4 0.017246 131.395914 0.010583 40.478625 
2 0.014807 126.200226 0.114807 126.300226 
15 0.153875 274.012174 -0.181735 -1376.991127 
14 0.087756 140.004056 -0.220753 -1381.532707 
11 0.293640 1592.938394 0.087155 60.222445 
11 0.039940 79.593130 -0.217455 -1261.667262 
10 0.034142 133.528854 -0.013677 -221.818127 
10 0.108858 375.885569 -0.051602 -1086.719262 
10 0.015732 72.852834 -0.031706 -269.855348 
9 0.043509 151.207820 0.014116 -55.123967 
4 0.028893 186.786490 0.013925 -15.690394 
4 0.000404 3.357382 0.000329 2.694767 
2 0.072495 498.407322 0.069763 474.273284 
16 0.329707 609.848916 0.178908 -113.623370 
16 0.048587 124.270453 -0.095712 -534.833938 
13 0.045463 106.015169 0.013041 -115.052034 
12 0.267466 480.922988 0.005578 -1074.021308 
10 0.023090 142.364634 -0.103563 -963.845572 
10 0.332767 559.650605 -0.042308 -1677.465107 
6 0.025238 170.091210 0.005688 -71.091921 
5 0.007049 16.682957 -0.046226 -263.030311 
5 0.079937 177.278762 0.026605 -98.004889 
17 0.034018 120.977171 -0.055297 -479.472069 
15 0.236671 913.878578 -0.113700 -2921.881951 
14 0.211969 691.279141 -0.117743 -2964.855797 
14 0.082501 220.817191 -0.018281 -602.337659 
13 0.076518 205.379024 -0.046436 -561.596382 
12 0.275677 499.026650 0.106112 -650.279211 
10 0.156478 312.196109 0.032039 -592.644606 
9 0.103640 222.383663 0.008809 -485.515629 
9 0.101802 198.905240 -0.003807 -623.961742 
9 0.064846 125.110605 -0.029276 -621.432193 
9 0.024490 57.083084 0.011880 -13.765286 
8 0.059809 125.485003 0.018562 -122.555162 
8 0.021840 62.808210 0.018225 34.683843 
7 0.000918 3.227276 -0.001422 -15.188726 
6 0.028834 74.016784 -0.035457 -343.116644 
15 0.023002 100.483429 -0.142409 -1058.209579 
15 0.008993 16.528414 -0.232968 -991.602430 
12 0.021294 45.622713 -0.314525 -1886.070753 
12 0.037237 79.057682 -0.140151 -724.896922 
15 0.029376 87.240332 -0.042324 -510.599399 
14 0.177603 444.878157 0.109789 -377.038201 
13 0.143778 371.178993 0.093523 -237.293049 
12 0.165202 436.509104 0.108005 -270.416364 
11 0.010611 32.187166 -0.025470 -236.533510 
10 0.118993 316.963668 0.045566 -514.458569 
10 0.228421 1000.252928 0.159947 164.123500 
9 0.381392 1324.463174 0.319671 686.891560 
7 0.091506 72.110770 -0.007506 -367.533276 
7 0.001914 5.752315 -0.028963 -186.403043 
5 0.011397 28.719884 -0.019870 -175.693045 
2 0.119216 884.227185 0.114608 822.377012 
14 0.032210 482.805410 -0.286496 -3675.221460 
10 0.120994 1810.069195 -0.170586 -2841.766093 
9 0.207509 2785.823583 -0.026155 -1035.802390 
3 0.000718 4.780622 -0.003326 -33.627241 
16 0.022266 75.518789 -0.305697 -1341.480819 
14 0.020764 45.779002 -0.066640 -379.055885 
13 0.303807 1104.311601 0.010555 -378.340560 
11 0.009260 19.407666 -0.027947 -145.851354 
2 0.113475 2129.267251 0.085825 1303.938133 
16 0.029220 62.135261 -0.177911 -1026.627356 
14 0.171240 285.721516 -0.133718 -1471.677473 
12 0.149819 322.321517 -0.077720 -995.649202 
14 0.094653 415.478496 -0.142616 -1303.198486 
13 0.110776 371.119465 -0.213825 -1809.995003 
12 0.103774 356.798300 -0.205538 -1751.911480 
10 0.054030 113.038304 -0.092125 -708.247638 
16 0.107098 428.888601 0.046417 -90.113261 
16 0.124350 422.456558 0.000321 -191.858882 
14 0.156446 837.960359 0.018217 -297.228478 
13 0.025522 89.613284 -0.216302 -912.648949 
16 0.105754 283.276018 0.009071 -520.873479 
15 0.047166 139.761601 -0.038660 -582.340405 
15 0.024193 54.479502 -0.061291 -342.081339 
15 0.334885 1479.618585 0.076855 -642.983213 
12 0.003278 10.717802 -0.054891 -263.827771 
12 0.168013 306.047478 0.088814 -269.730758 
10 0.031802 114.343880 -0.221485 -1532.249576 
15 0.029144 58.581176 -0.105327 -502.358293 
11 0.040141 72.402135 -0.138578 -674.850531 
4 0.108222 410.815353 0.099143 324.507277 
3 0.018970 76.512595 0.017914 66.279784 
14 0.109081 229.727973 0.069404 17.777183 
13 0.026228 69.883780 0.001841 -70.560321 
13 0.025422 130.302769 -0.055176 -252.250533 
13 0.052075 323.958270 -0.147823 -1555.117022 
12 0.031556 128.359450 -0.154965 -1639.207262 
11 0.003197 27.188264 -0.157145 -1506.058999 
11 0.122266 220.686575 0.064399 -449.342094 
11 0.020666 100.782613 -0.145809 -1483.459940 
9 0.010797 27.778470 -0.030870 -460.450517 
9 0.036921 145.439987 -0.001897 -323.238886 
8 0.024470 153.213485 -0.137994 -1378.682130 
7 0.013984 52.920377 0.003475 -63.725529 
5 0.001170 4.320217 -0.001893 -25.995745 
14 0.043249 125.082808 -0.099792 -890.966651 
14 0.018749 46.696863 -0.069944 -448.775573 
13 0.030664 88.874095 -0.106086 -872.756988 
16 0.067254 208.705014 -0.222090 -1552.305433 
15 0.099441 300.114095 -0.235259 -1627.029687 
13 0.029031 76.444099 0.011505 -20.899861 
12 0.028325 79.637842 -0.152128 -701.203675 
10 0.094743 326.501526 -0.174442 -1073.524725 
9 0.117835 230.661467 -0.131677 -1063.827032 
7 0.155585 609.296608 -0.043126 -1499.380271 
4 0.004019 18.506187 0.003856 17.165976 
2 0.123773 1133.344152 0.121129 1089.849739 
13 0.401277 869.312251 0.236622 65.827689 
12 0.186108 349.587340 0.035293 -548.386074 
12 0.183589 526.093782 0.031577 -1231.683185 
10 0.227931 811.622358 0.034154 -1943.318580 
9 0.371063 1788.874262 0.216168 -421.589714 
8 0.024326 55.584448 -0.097041 -1109.710548 
8 0.161614 294.421214 0.061863 -647.876815 
8 0.086529 261.516708 -0.016237 -936.212101 
7 0.005650 13.474028 -0.043651 -444.632700 
5 0.006986 22.745298 0.000977 -21.762267 
3 0.008567 64.534700 -0.000313 -35.886304 
16 0.001786 4.310120 -0.068129 -301.430278 
14 0.044282 228.210179 -0.396661 -4410.192855 
12 0.113063 553.683391 -0.284744 -3692.439827 
11 0.014295 52.262350 -0.195733 -1565.248373 
9 0.035003 210.750343 -0.256130 -3107.265969 
15 0.273289 712.337194 -0.003482 -1920.001543 
4 0.000660 7.093790 0.000232 0.840356 
17 0.015381 38.303220 -0.025651 -153.400175 
16 0.015761 35.759512 -0.034531 -206.767307 
14 0.019049 47.896769 -0.179571 -762.348237 
11 0.014220 106.001758 -0.360079 -2200.305478 
8 0.005148 38.659855 -0.301279 -1926.754637 
15 0.173562 701.472925 -0.030537 -1073.756334 
14 0.069473 370.597954 -0.059497 -799.447965 
9 0.144563 621.836938 0.095502 143.323325 
6 0.041275 152.731937 0.027609 19.749006 
6 0.042531 159.255139 0.027907 20.882763 
15 0.072945 338.075545 0.028475 -54.830280 
13 0.067497 298.995513 -0.028353 -346.366409 
7 0.094920 702.387475 0.026003 -162.485828 
6 0.053997 440.185233 0.002934 -213.729498 
14 0.116575 200.689433 -0.063281 -802.022186 
14 0.003180 20.443628 -0.157309 -1069.094788 
14 0.005511 15.581132 -0.126869 -855.426230 
12 0.440967 1024.701174 0.157258 -872.995510 
11 0.128094 316.250989 -0.096828 -719.816042 
10 0.006107 17.307549 -0.272994 -1826.433046 
15 0.065045 320.031219 -0.170422 -1865.192596 
15 0.059096 213.693726 -0.168302 -1216.797482 
13 0.104069 342.581997 -0.088150 -810.323299 
12 0.006171 26.784138 -0.176374 -1067.074053 
8 0.007147 22.798741 -0.027113 -182.661073 
8 0.068244 198.643959 0.051508 65.319842 
8 0.013655 40.141222 -0.013095 -121.299004 
16 0.012758 31.127208 -0.248709 -1936.679647 
15 0.086936 291.439589 -0.143002 -1405.072041 
14 0.056867 208.203309 -0.148140 -1322.392755 
12 0.089885 351.949036 -0.136901 -1908.120599 
12 0.026926 138.219655 -0.058451 -605.978658 
11 0.185197 805.516340 -0.045610 -1995.642140 
8 0.272236 1097.047882 0.152570 -444.877022 
16 0.532038 907.008330 0.303390 -221.560141 
14 0.311557 988.204483 0.095215 -666.117148 
13 0.039148 158.457097 -0.034201 -363.735560 
12 0.141210 376.675109 -0.011289 -955.794528 
11 0.131715 357.681790 -0.041413 -1044.886617 
16 0.130791 304.269472 -0.005255 -482.462017 
15 0.031174 81.094937 -0.133542 -956.036993 
16 0.197734 673.445509 0.048446 -606.781704 
15 0.253891 858.992105 0.144809 -55.950577 
14 0.102923 358.704628 0.015270 -379.984753 
14 0.162038 410.433601 0.093594 -56.652269 
13 0.109620 378.398059 -0.067354 -887.548572 
16 0.040069 96.542467 -0.131211 -769.198294 
15 0.111475 617.780721 -0.299043 -1374.983548 
13 0.076886 803.061213 -0.197155 -2235.144713 
12 0.065073 685.832409 -0.185744 -2023.292559 
12 0.077876 423.022600 -0.024673 -727.147773 
12 0.401459 1773.835947 0.201628 -536.094607 
11 0.154748 525.675742 0.079338 -458.666785 
11 0.017896 68.461643 -0.159030 -1886.996773 
10 0.017448 166.892033 -0.138575 -1408.358394 
9 0.058698 289.855298 -0.034693 -659.469459 
17 0.198969 349.245270 -0.183862 -1240.971400 
16 0.250518 476.577266 -0.123583 -1093.767746 
16 0.139285 233.496735 -0.197776 -1732.576038 
13 0.125934 271.517294 0.032257 -218.010438 
10 0.265585 516.775063 -0.026557 -859.710956 
8 0.095570 229.476922 0.053679 -34.543347 
7 0.070259 176.598287 0.050200 44.085072 
6 0.059114 157.257934 0.050597 97.503831 
16 0.007002 28.947895 -0.125614 -995.729320 
15 0.383685 1674.924510 0.008109 -2501.593257 
14 0.037611 149.205829 -0.012589 -209.331904 
14 0.385052 1690.587942 0.015044 -2327.967156 
13 0.403066 1336.955819 0.157802 -414.201849 
12 0.136276 684.126612 -0.171305 -2764.149546 
9 0.073681 401.244525 -0.436375 -4289.852397 
9 0.107346 431.485490 -0.127089 -1214.668962 
7 0.020400 68.292699 -0.118467 -718.126240 
7 0.215496 421.989797 -0.012288 -1046.552666 
6 0.055307 151.766988 -0.099130 -937.557775 
6 0.045440 99.925899 -0.067872 -420.355117 
16 0.070924 140.657802 -0.260391 -1102.269904 
15 0.058505 114.992320 -0.270321 -1342.154828 
13 0.096389 384.785638 -0.067459 -1052.439802 
12 0.097193 365.593833 -0.057802 -1002.549809 
12 0.081887 165.344739 -0.062838 -527.256137 
12 0.266019 523.952128 -0.072926 -1106.865997 
16 0.021733 60.524088 -0.076702 -617.066516 
15 0.070692 138.040319 -0.052928 -537.622581 
13 0.179460 320.819537 0.079226 -165.105922 
12 0.041563 77.078705 -0.018339 -187.793098 
12 0.080745 272.841256 -0.028913 -542.806988 
10 0.032024 63.921355 -0.006687 -116.368221 
9 0.011086 23.446039 -0.010620 -81.057379 
15 0.155806 285.621728 -0.158461 -1413.575548 
14 0.134490 264.760741 -0.153589 -1290.073947 
12 0.046071 117.187545 -0.109466 -667.562389 
11 0.461871 2142.112082 0.128654 -1883.281114 
10 0.422984 1993.880664 0.132416 -1544.093811 
9 0.264570 620.405406 -0.107701 -1790.931823 
8 0.369191 1749.456021 0.164008 -762.091823 
8 0.106946 269.672121 0.043939 -177.257635 
6 0.038502 118.389623 -0.047628 -457.359588 
6 0.218266 1245.619080 0.112524 -119.154633 
2 0.022273 197.218520 0.007937 9.002044 
15 0.019477 149.321586 -0.017861 -135.747325 
15 0.042827 124.843630 0.010531 -114.223409 
14 0.034224 325.138471 -0.047983 -829.755630 
8 0.003560 16.534622 -0.043233 -347.477884 
15 0.141642 293.815009 -0.090667 -1072.817430 
13 0.132355 223.685722 -0.179274 -1576.106172 
12 0.126113 215.847897 -0.165223 -1456.074828 
7 0.279652 722.251812 0.217690 237.061294 
6 0.112529 517.417929 0.065085 137.185584 
5 0.014178 118.120381 0.004520 -12.675792 
4 0.077394 639.021919 0.060334 370.789928 
16 0.006935 18.381950 -0.169287 -719.959679 
15 0.142238 355.159339 -0.037751 -915.474090 
15 0.011414 21.791695 -0.302898 -1199.718032 
14 0.067062 214.387615 -0.078566 -861.997418 
12 0.107899 280.014606 0.000490 -475.581574 
12 0.002592 11.499129 -0.278128 -1048.972679 
11 0.008280 14.739488 -0.318399 -1229.125307 
10 0.008155 14.655917 -0.244634 -946.019373 
9 0.004280 13.669878 -0.052540 -283.344379 
9 0.009416 26.365680 -0.046791 -222.051732 
8 0.048305 145.105991 0.045129 107.993546 
5 0.000358 1.710904 -0.001259 -12.144907 
13 0.132854 815.486492 0.064244 117.272354 
11 0.015323 72.662216 -0.068286 -478.350554 
10 0.018051 86.918964 -0.055934 -422.767050 
9 0.205405 590.014596 0.113125 -33.802007 
9 0.038583 305.807238 -0.023059 -236.519301 
9 0.010875 26.732557 -0.144552 -674.318511 
4 0.015896 93.520864 0.012235 40.236087 
4 0.019114 104.610559 0.015793 57.613012 
3 0.000428 5.168429 0.100428 5.268429 
15 0.151955 472.729836 0.057210 -480.329420 
12 0.270781 698.464973 0.128962 -679.565569 
11 0.068593 849.042643 0.041416 500.619221 
15 0.081671 146.318120 -0.151982 -835.239684 
15 0.212993 573.036061 0.032796 -809.178955 
14 0.019739 134.109993 -0.001343 -83.058203 
14 0.311689 554.390304 -0.022779 -1024.218496 
13 0.325568 554.947380 0.025448 -1045.874301 
13 0.024679 41.087497 -0.248183 -1498.894483 
12 0.134982 265.446492 -0.111621 -1140.203684 
11 0.118812 242.068955 -0.105271 -1085.319399 
10 0.100995 214.002380 -0.101505 -1004.344580 
10 0.348410 1062.496451 0.258525 423.120593 
9 0.046873 132.667889 -0.006170 -230.307565 
8 0.033967 305.344277 -0.053869 -714.004872 
16 0.004921 13.533003 -0.316859 -3496.473828 
16 0.019045 81.209947 -0.099935 -732.086153 
15 0.309932 1444.568995 -0.026132 -2417.606136 
13 0.265071 1081.302179 -0.020651 -2112.077247 
11 0.318196 1153.318590 0.089211 -1448.856253 
10 0.215083 923.673253 0.017557 -1368.433932 
10 0.264498 1034.369523 0.072908 -1144.177339 
10 0.003456 12.123096 -0.145840 -951.199202 
9 0.158209 782.827265 -0.017756 -1148.160741 
9 0.265238 1323.128888 0.093241 -481.739151 
6 0.010528 55.891487 -0.009519 -191.125775 
3 0.002854 7.019140 0.001141 -6.987093 
14 0.080410 445.695106 -0.142229 -1780.779570 
13 0.126801 683.892494 -0.173468 -1873.366649 
12 0.010212 79.304315 -0.185633 -1611.144573 
15 0.009430 17.083115 -0.098333 -768.076371 
13 0.008389 20.073714 -0.040518 -236.032682 
12 0.036687 115.109546 0.003890 -61.792896 
10 0.157346 360.188832 0.078418 -23.430978 
16 0.078665 281.895326 -0.065312 -940.960779 
16 0.228976 464.005359 0.085615 -175.046887 
16 0.232222 471.364138 0.096272 -76.228384 
16 0.005836 15.261411 -0.126108 -517.057484 
14 0.007069 15.859520 -0.093401 -389.848340 
14 0.014344 58.499274 -0.027053 -232.054332 
12 0.019313 78.853154 -0.077811 -608.354522 
5 0.000644 3.933606 0.000430 1.880139 
14 0.452024 997.455574 0.119624 -1126.026833 
13 0.021168 137.946664 -0.048966 -570.783051 
12 0.023864 131.363827 -0.033380 -460.735920 
13 0.259747 1008.524059 0.130921 -99.999570 
15 0.018323 104.072803 -0.077304 -905.629189 
12 0.024064 101.755293 -0.094689 -693.692368 
11 0.004019 8.461377 -0.070837 -360.762412 
10 0.087385 291.123038 -0.058105 -679.861606 
9 0.083837 543.885188 0.006535 -374.525414 
9 0.009731 50.685145 -0.124020 -850.665204 
9 0.020643 112.549225 -0.025722 -149.143498 
8 0.007729 44.211713 -0.091521 -643.351378 
6 0.001089 10.099501 -0.002453 -29.710836 
2 0.040451 280.218185 0.140451 280.318185 
15 0.042518 133.396285 -0.084743 -778.337680 
14 0.098623 378.457584 0.008095 -313.290909 
11 0.012192 51.691074 -0.059152 -460.601264 
10 0.002443 8.595888 -0.033777 -277.529479 
6 0.000478 2.967788 -0.006331 -60.327827 
3 0.005586 62.568997 0.105586 62.668997 
2 0.016658 166.910463 0.116658 167.010463 
15 0.010209 82.909516 -0.063605 -417.258356 
12 0.135229 402.991077 0.038058 -273.296497 
10 0.019542 40.126320 -0.295604 -1372.830724 
10 0.200903 511.648646 0.024833 -673.907194 
7 0.004757 12.210814 -0.082331 -523.961716 
6 0.003364 9.652077 -0.058694 -405.121415 
12 0.163708 1288.578144 -0.083634 -1000.235306 
11 0.171407 701.571807 -0.059216 -1457.875087 
5 0.000615 4.254931 -0.003409 -32.836051 
3 0.000958 8.073831 0.100958 8.173831 
12 0.059387 212.329496 0.031741 -59.697387 
11 0.001183 4.861258 -0.184057 -1574.919515 
11 0.001215 4.990647 -0.182111 -1564.482116 
9 0.036173 212.748847 -0.014388 -287.146278 
9 0.041440 165.116571 0.028693 31.965436 
14 0.018674 98.439590 -0.038777 -460.519106 
12 0.007272 13.094472 -0.376150 -1600.444786 
11 0.054751 228.508629 -0.030496 -590.274832 
10 0.026809 72.830704 -0.228963 -1169.680867 
10 0.053833 402.803190 -0.121109 -1118.944805 
9 0.001223 2.302806 -0.092469 -548.004643 
8 0.021085 62.177644 -0.032509 -251.965773 
2 0.002186 19.043490 0.102186 19.143490 
12 0.007992 41.283162 -0.288071 -2042.853207 
12 0.420051 3529.548698 0.179603 1051.392695 
11 0.156686 305.053654 -0.129671 -1878.534688 
10 0.585773 1023.351018 0.273366 -1356.327401 
16 0.044063 90.375052 -0.057922 -395.563525 
11 0.098560 265.092976 -0.109004 -1098.710474 
7 0.049325 147.322660 0.038792 56.550893 
6 0.004557 24.717146 -0.001039 -26.308057 
16 0.155260 319.048727 -0.045405 -507.806558 
15 0.284774 691.172999 0.117646 -437.285927 
14 0.046735 89.107146 -0.172213 -893.949165 
13 0.040769 79.376840 -0.156724 -810.979309 
10 0.134349 1184.082744 -0.022273 -1011.655376 
10 0.035551 72.898010 -0.094027 -622.630968 
10 0.031110 66.616628 -0.094335 -614.269212 
9 0.171231 1610.025749 0.075779 310.906673 
9 0.033069 66.462019 -0.105427 -663.894120 
7 0.004057 48.635489 0.002099 21.456364 
6 0.002489 32.740823 0.001984 22.774269 
14 0.007321 23.240272 -0.192265 -1030.256452 
12 0.007256 62.274657 -0.143907 -1256.331335 
10 0.022640 51.056952 -0.075661 -443.115734 
8 0.106866 196.084996 -0.006116 -570.058300 
8 0.104754 194.840230 -0.007683 -563.460781 
7 0.010291 37.201556 -0.006599 -101.789221 
7 0.338108 534.614025 0.153774 -952.099789 
6 0.011675 41.996541 0.007359 13.770293 
16 0.032773 182.204324 -0.076973 -954.849864 
15 0.088527 204.075959 -0.072591 -728.741113 
13 0.112722 219.312060 0.008238 -436.015486 
12 0.014948 106.237172 -0.155001 -1705.773267 
15 0.060658 119.661160 -0.020860 -248.372063 
12 0.044696 101.574840 0.003411 -126.283746 
9 0.036446 96.037269 -0.022563 -268.116086 
8 0.010841 31.697603 0.006344 -4.473977 
3 0.028860 129.226903 0.027858 116.176281 
16 0.347728 853.110350 0.046517 -2520.599527 
13 0.071690 367.383785 -0.270588 -1461.378402 
17 0.062068 223.450187 -0.069095 -801.880297 
16 0.110473 384.555004 0.023325 -371.297927 
15 0.102902 354.397127 0.036172 -217.648337 
17 0.027109 110.339234 -0.072647 -540.199005 
12 0.063174 152.145104 0.042942 47.190771 
12 0.012553 37.162805 -0.002326 -40.293520 
14 0.118235 213.581319 -0.051187 -691.609072 
14 0.144969 252.254780 -0.019629 -626.532272 
10 0.150293 274.895078 -0.092987 -984.155681 
7 0.037338 253.194495 -0.009018 -122.917088 
5 0.059494 396.976034 0.044258 194.930459 
13 0.071321 135.436720 -0.091965 -591.087229 
11 0.044003 89.383501 -0.175137 -854.654810 
10 0.080104 168.229582 -0.122822 -824.611563 
10 0.007610 44.794657 -0.045453 -605.130380 
9 0.104000 1013.249763 0.039877 177.105028 
8 0.018020 41.403065 -0.204259 -994.871919 
13 0.038444 136.862846 -0.097314 -839.766094 
13 0.427971 2476.180877 0.312154 1366.844706 
12 0.410915 2380.205250 0.330637 1869.690917 
11 0.117182 430.819429 -0.014291 -526.492556 
9 0.024229 93.563791 -0.044596 -440.248656 
8 0.004426 18.854121 -0.052712 -435.141001 
8 0.035721 137.698101 0.002895 -62.345605 
7 0.017130 101.077780 0.005012 13.697578 
15 0.014097 30.092695 -0.002369 -48.537808 
15 0.013041 73.943357 -0.057284 -661.285343 
13 0.019187 112.920898 -0.053493 -658.937344 
12 0.160192 1353.525864 0.021346 -66.281591 
12 0.076470 318.202646 -0.064211 -1123.912349 
11 0.005625 19.315468 -0.021686 -182.682021 
11 0.114549 974.144804 -0.117738 -1544.767125 
16 0.026741 72.243917 -0.128421 -825.203959 
15 0.039870 74.382873 -0.079197 -644.186143 
11 0.056821 316.515285 -0.345635 -3245.523768 
8 0.039849 125.727302 -0.098425 -865.646167 
15 0.104231 629.841579 -0.003384 -379.861741 
17 0.006702 13.789655 -0.140875 -810.913475 
16 0.257823 446.593911 0.124834 -127.036598 
14 0.068554 280.387038 -0.117350 -1009.775098 
14 0.152764 605.823043 0.010827 -345.931547 
13 0.008225 22.445495 -0.159291 -1127.242976 
12 0.014165 41.166747 -0.015786 -134.555429 
11 0.035285 117.534809 -0.183025 -1448.740686 
8 0.006082 41.510189 -0.265543 -2529.947290 
16 0.066210 240.409179 -0.148290 -1269.036995 
15 0.065708 229.022980 -0.151000 -1309.587507 
14 0.079474 174.183223 -0.079270 -512.546342 
13 0.079300 347.227579 -0.077813 -878.191928 
12 0.065184 157.212337 0.021725 -74.988531 
9 0.068030 289.198364 -0.037381 -508.700457 
15 0.103375 209.601853 -0.176428 -1976.289153 
14 0.095015 246.624173 0.032843 -146.904006 
14 0.031812 105.303013 -0.237296 -2172.931658 
13 0.032673 257.385086 -0.014505 -249.949543 
17 0.246453 1249.954448 0.118285 477.321309 
15 0.027882 54.855946 -0.082472 -434.654793 
15 0.347176 1086.228134 0.048260 -909.210585 
14 0.022344 119.020090 -0.069120 -454.378493 
13 0.057116 250.699815 -0.034403 -426.369771 
12 0.019156 90.387585 -0.054076 -370.052343 
12 0.234775 406.339419 0.003317 -797.692686 
11 0.098176 182.015026 -0.137635 -1037.519564 
9 0.005917 25.688585 -0.107751 -508.684609 
9 0.085037 506.480436 0.039636 19.500271 
9 0.044378 92.458015 -0.192700 -1016.524648 
9 0.085906 568.011612 0.062091 387.842957 
5 0.002534 21.579951 0.001325 2.711452 
15 0.258545 2270.940377 0.118139 793.900479 
16 0.174580 596.279655 -0.081913 -1672.474981 
13 0.065406 296.991792 -0.084827 -1006.843648 
12 0.059277 130.548733 -0.032646 -335.506940 
15 0.072407 613.241584 0.005330 -121.486848 
14 0.008599 34.577480 -0.070009 -461.974279 
14 0.175328 701.070320 -0.085700 -1937.144104 
11 0.008679 27.437051 -0.052065 -387.005345 
10 0.041346 214.227550 -0.158116 -1845.317481 
9 0.106366 514.995213 -0.062921 -1271.890775 
8 0.174662 798.462648 0.105208 18.344100 
8 0.017833 153.389108 0.000827 -49.398090 
4 0.006960 51.304104 0.006489 46.074424 
17 0.025918 127.759742 -0.060128 -244.892999 
16 0.031300 140.929161 -0.046558 -198.633705 
15 0.057280 234.455524 -0.030477 -237.557059 
11 0.067100 182.146288 -0.237753 -1510.638265 
10 0.063110 175.624440 -0.196447 -1297.277397 
9 0.218417 458.938762 -0.013444 -1063.800967 
15 0.073328 382.586301 -0.011072 -270.481849 
14 0.072291 216.787544 0.021563 -227.248876 
12 0.062164 139.050774 -0.122344 -812.788162 
7 0.031424 84.140108 -0.087942 -523.382916 
5 0.019811 141.642159 0.008515 -5.228420 
4 0.013368 120.070163 0.011555 96.078112 
3 0.001967 16.487025 0.101967 16.587025 
15 0.183755 475.461870 -0.018821 -1073.130621 
13 0.152093 703.078682 0.015190 -389.561475 
12 0.007794 31.211283 -0.154554 -1015.059016 
12 0.130504 365.347800 -0.133774 -1365.493055 
9 0.036918 118.797293 -0.266084 -2031.837705 
9 0.015035 49.482835 -0.064564 -575.459623 
8 0.053682 131.672578 0.040630 15.510741 
7 0.043842 115.824422 0.035996 36.889895 
6 0.006327 27.349498 0.003309 0.007598 
16 0.219302 714.853647 -0.078827 -1660.955380 
16 0.220924 565.309379 -0.069841 -1750.468424 
15 0.267623 705.757044 0.008622 -1377.679960 
15 0.232694 409.339922 -0.034817 -1220.490429 
15 0.214033 690.037457 -0.014681 -1224.183225 
14 0.233758 419.512191 -0.036374 -1359.577641 
13 0.248735 429.243367 -0.001791 -1230.445306 
11 0.164669 697.527987 -0.049763 -1275.568955 
16 0.011451 58.541885 -0.235184 -1589.907392 
13 0.040895 108.857991 -0.397961 -2731.223288 
12 0.052730 158.842747 -0.303323 -2170.673446 
9 0.017447 96.546496 -0.278316 -1940.426738 
5 0.001260 7.454216 0.000816 0.777916 
14 0.115188 336.792258 -0.218927 -1714.357719 
13 0.005322 13.514751 -0.303712 -1912.925830 
10 0.012657 35.246691 -0.295835 -1850.008916 
7 0.005436 30.831415 -0.008053 -61.504441 
14 0.021642 64.874205 -0.081961 -657.753687 
13 0.034690 95.787632 -0.030412 -316.456548 
12 0.024959 76.103233 -0.032173 -294.151618 
9 0.037608 112.382786 -0.130450 -1236.217001 
17 0.062928 214.750641 -0.159985 -1058.382062 
9 0.001950 5.672658 -0.017958 -99.094846 
7 0.005801 17.937802 -0.003698 -40.505220 
6 0.017686 88.914323 0.013453 37.805828 
6 0.000338 1.706588 -0.003582 -45.388105 
5 0.005211 33.494142 -0.010986 -159.732299 
5 0.000561 2.309565 -0.031291 -202.776567 
5 0.000833 2.073305 -0.028755 -183.078352 
4 0.003200 27.834883 -0.002241 -48.610935 
2 0.003584 16.858996 0.003584 16.858996 
14 0.065316 128.817268 -0.184258 -1028.595795 
12 0.137518 368.558745 -0.203544 -1153.369253 
9 0.437861 1384.881852 0.166897 -491.325762 
8 0.059393 171.283473 -0.093759 -559.246517 
16 0.107754 355.463173 -0.004408 -425.980800 
15 0.003958 23.092343 -0.109695 -655.744037 
14 0.207720 726.886271 0.053774 -515.235450 
14 0.031379 97.491096 -0.077136 -550.219990 
14 0.442422 1736.895169 0.258628 236.287934 
14 0.200470 871.850525 0.038190 -427.775911 
11 0.142034 407.590503 -0.242896 -2136.252606 
11 0.308327 1835.250391 0.028591 -982.463630 
14 0.018856 90.240676 -0.033342 -269.882460 
17 0.200514 372.908931 -0.002084 -684.921987 
11 0.019759 51.677307 -0.336358 -1247.544386 
9 0.014375 39.227564 -0.297931 -1127.686374 
2 0.022210 182.352684 0.122210 182.452684 
12 0.028487 129.596035 -0.189467 -1033.098243 
16 0.014923 51.205992 -0.203959 -1332.057534 
14 0.186580 419.117337 -0.053997 -1074.405886 
12 0.140146 308.859660 0.012761 -473.710668 
9 0.009140 40.093896 -0.050012 -341.407180 
15 0.376176 961.187847 0.115795 -1101.862569 
14 0.369351 929.040210 0.169852 -652.036254 
13 0.326689 823.114224 0.155642 -555.857168 
13 0.339159 838.327235 0.188148 -374.995758 
12 0.136550 371.265479 -0.004242 -768.795889 
12 0.040397 128.492223 -0.037713 -338.784523 
10 0.012382 44.294883 -0.047608 -328.579340 
8 0.007913 39.197364 -0.018239 -174.331164 
7 0.024820 114.335222 -0.016658 -205.583463 
15 0.022877 90.463641 -0.060630 -481.750649 
14 0.050084 191.558184 0.000357 -162.832903 
13 0.108663 291.878649 0.078033 30.594137 
13 0.026893 112.923932 -0.000191 -94.991682 
12 0.073680 228.639441 0.036869 -83.123487 
3 0.006159 52.338640 0.005680 46.396723 
3 0.207096 993.734888 0.199090 894.098587 
13 0.091951 253.519461 -0.038294 -971.163053 
11 0.105481 298.087170 -0.042904 -1105.598105 
10 0.106482 300.404241 -0.039753 -1070.584440 
9 0.127760 421.641359 -0.151488 -960.054311 
4 0.011354 53.248253 0.005846 -30.756254 
16 0.018483 77.552190 -0.197784 -960.857080 
15 0.146642 259.406270 0.026037 -311.529165 
14 0.015812 55.396985 -0.131577 -962.017311 
17 0.028094 51.560816 -0.149913 -645.244221 
11 0.127446 291.366597 0.059594 -150.586705 
10 0.114299 196.763818 -0.127300 -1015.993578 
9 0.029611 59.998963 -0.047473 -442.599717 
8 0.001165 2.622699 -0.053799 -351.641395 
7 0.000622 2.352347 -0.044511 -307.513129 
15 0.061295 159.786452 -0.094587 -827.640547 
14 0.093293 566.265457 -0.009479 -359.626478 
13 0.119124 413.472509 0.039622 -299.439067 
12 0.085080 526.643579 0.013334 -112.928266 
11 0.102035 363.636546 0.049317 -100.666132 
10 0.181689 630.827099 0.108585 -0.773806 
10 0.112298 427.370017 -0.007534 -618.737436 
12 0.006408 33.236600 -0.058915 -280.669157 
10 0.009775 98.115681 -0.041682 -433.012260 
15 0.207655 369.036212 -0.178000 -1292.865829 
14 0.056895 107.793430 -0.316614 -1496.560681 
13 0.018126 32.799665 -0.342899 -1531.995275 
12 0.063745 121.636422 -0.250629 -1257.799830 
17 0.113182 353.095746 -0.026055 -718.384779 
15 0.067667 314.362695 -0.081190 -614.242963 
15 0.019219 35.764196 -0.100493 -491.291872 
14 0.289126 1634.556230 0.081876 -491.437103 
14 0.003394 11.414560 -0.101275 -1032.424938 
17 0.194584 1657.795020 -0.098024 -1492.991057 
15 0.277354 510.191941 0.058950 -1343.279940 
15 0.211499 1870.126044 -0.036671 -813.375889 
13 0.146982 486.080585 -0.260225 -2267.494810 
11 0.028783 333.414504 -0.099709 -1084.882011 
9 0.090288 170.840700 -0.204263 -1981.989274 
8 0.029427 147.768429 -0.047737 -380.361013 
3 0.088116 1595.880012 0.069545 1116.096792 
12 0.226196 728.695098 0.124181 -351.713336 
11 0.246042 765.101844 0.088855 -814.556603 
11 0.024109 89.825353 -0.061417 -401.857739 
11 0.184843 756.703605 0.064387 -252.739171 
15 0.001462 5.690708 -0.048907 -402.960721 
10 0.126128 550.286304 0.033078 -172.048421 
9 0.019108 132.302881 -0.212412 -1935.536776 
8 0.024406 188.688430 -0.137908 -1295.954783 
17 0.105701 248.936021 -0.099007 -742.898641 
14 0.301453 519.700593 0.119130 -333.995211 
12 0.086825 324.921315 -0.147851 -1251.548023 
11 0.036816 132.333421 -0.170233 -1295.815255 
10 0.035901 132.322195 -0.147152 -1158.662012 
13 0.007975 23.809381 -0.140366 -1020.270058 
12 0.060823 164.181608 -0.089116 -899.481942 
11 0.002739 11.543294 -0.062238 -456.818331 
10 0.030098 69.484340 -0.314613 -2941.606126 
9 0.294596 669.032835 -0.017324 -2088.480334 
8 0.148882 388.866398 0.074518 -250.061786 
16 0.019517 33.329862 -0.111236 -483.501790 
16 0.027181 204.657779 -0.067787 -408.672235 
15 0.261011 744.674586 0.083182 -851.519411 
15 0.017296 133.070208 -0.068556 -340.122217 
14 0.009848 71.685671 -0.078634 -483.210291 
12 0.258539 445.736611 0.002892 -1292.801123 
16 0.269095 528.065760 0.075421 -589.894352 
10 0.455801 805.934237 0.192384 -454.837964 
16 0.318826 540.965598 -0.004100 -1492.027894 
15 0.044072 171.866352 -0.053089 -422.227534 
13 0.345548 799.486990 0.107790 -708.412563 
12 0.378234 923.313754 0.167735 -578.373153 
16 0.084737 311.366667 -0.009820 -648.279238 
15 0.198101 396.582278 0.093611 -37.139023 
13 0.050875 110.994995 -0.142273 -751.400474 
13 0.015728 95.900022 -0.130754 -1433.226864 
13 0.053742 117.996808 -0.143442 -753.577230 
13 0.013040 23.557603 -0.233620 -980.521779 
12 0.044606 148.360537 -0.089708 -1202.590708 
12 0.011195 22.834921 -0.180526 -831.558068 
9 0.000490 1.778208 -0.155799 -1670.281778 
9 0.151956 419.527411 -0.020910 -1034.220685 
8 0.161410 535.674402 0.090915 -85.175885 
7 0.017095 80.588667 -0.038328 -310.319142 
6 0.057342 258.625215 0.030697 62.336419 
5 0.012360 88.741193 -0.002388 -25.023130 
4 0.002430 16.660054 -0.015412 -133.488254 
15 0.041522 286.776635 -0.033177 -559.554412 
14 0.098652 568.550181 0.030863 -217.659686 
13 0.034582 264.292171 -0.025520 -435.727288 
11 0.053952 371.717615 -0.043309 -713.328624 
3 0.007334 94.624164 0.006647 79.366694 
15 0.161291 418.607596 -0.077908 -1163.811262 
14 0.005853 21.262664 -0.318766 -1607.902077 
12 0.011277 32.610136 -0.109930 -667.609641 
12 0.017364 56.339096 -0.144797 -1206.830895 
15 0.090287 165.655981 -0.133016 -750.662781 
13 0.096232 185.139753 -0.088921 -922.222506 
12 0.032738 64.703668 -0.152676 -606.308249 
10 0.054878 116.233337 -0.079923 -397.720264 
9 0.134060 353.209478 0.010410 -780.821875 
6 0.001846 5.708438 -0.002866 -35.044021 
17 0.188000 333.272480 0.038187 -432.821861 
16 0.123047 238.412012 -0.030596 -513.485948 
16 0.078424 278.938230 -0.102917 -1293.986129 
16 0.024943 52.864623 -0.048109 -436.429221 
16 0.040152 141.704719 -0.097485 -685.635330 
15 0.100773 240.285128 -0.010421 -432.515024 
14 0.060356 150.900586 -0.006792 -239.175619 
14 0.064073 224.034947 0.006966 -206.777092 
12 0.087155 178.256941 -0.107159 -782.541563 
11 0.176285 595.261627 -0.050638 -1089.878422 
9 0.069224 148.476229 -0.088075 -659.850443 
17 0.068269 155.208259 -0.086680 -537.389662 
14 0.663607 1127.136678 0.426921 -400.979274 
14 0.230620 523.228477 -0.009434 -1022.147727 
17 0.055206 102.032061 -0.026584 -452.793371 
16 0.051421 95.074956 -0.059959 -606.460205 
14 0.029260 121.108577 -0.036038 -304.631818 
13 0.044530 119.725108 0.010260 -103.467906 
14 0.064462 617.189975 -0.095685 -1556.124377 
9 0.042484 125.853167 -0.015815 -261.097046 
3 0.012963 95.988529 0.012826 94.176704 
14 0.082614 326.330754 -0.056943 -793.451741 
12 0.069496 303.282138 -0.065962 -732.143562 
12 0.030479 62.220179 -0.100631 -630.249326 
11 0.034684 68.864358 -0.073210 -541.882407 
10 0.020085 50.282088 -0.089527 -607.330609 
9 0.102399 197.277485 0.017256 -406.128208 
14 0.094207 169.682414 -0.077815 -608.354031 
14 0.017449 40.120336 -0.077609 -393.757161 
13 0.102547 187.549700 -0.050515 -462.347742 
12 0.034661 222.424423 -0.009390 -151.985787 
10 0.008378 61.810846 -0.007683 -76.687918 
9 0.063707 132.042518 -0.089837 -594.730934 
8 0.045997 107.744617 -0.074582 -505.218666 
8 0.093571 225.994887 -0.030761 -391.555666 
15 0.030148 56.718160 -0.082609 -482.836353 
14 0.007261 13.994175 -0.100145 -729.747307 
13 0.035823 193.187805 -0.031872 -450.462295 
11 0.026841 238.021989 -0.036119 -394.580966 
9 0.012914 132.527588 -0.030447 -375.970383 
6 0.003490 40.085146 0.001292 11.222940 
11 0.001464 8.796148 0.000150 -3.947474 
3 0.003166 50.302950 0.001490 -5.232340 
15 0.140086 480.978912 -0.051193 -943.371602 
14 0.507537 955.083588 0.229719 -336.619502 
13 0.624195 2010.140839 0.222330 -1549.197904 
16 0.148102 271.592011 -0.016587 -638.804785 
16 0.072575 139.353156 -0.105252 -856.216068 
15 0.096151 175.520724 -0.094505 -1156.299570 
14 0.030741 62.497991 -0.136347 -1031.817448 
14 0.054324 143.424477 -0.400712 -4808.586832 
16 0.017165 111.261975 -0.277605 -2520.311745 
15 0.056612 100.277853 -0.147695 -767.033064 
15 0.125400 301.637218 -0.058758 -559.914452 
13 0.179201 291.947069 -0.204736 -1759.819965 
17 0.041138 77.047659 -0.172385 -960.164502 
15 0.020331 40.100300 -0.198101 -875.752014 
14 0.417470 718.354317 0.126535 -959.927343 
13 0.007314 12.725941 -0.197233 -807.230176 
12 0.059885 160.655723 -0.080754 -1223.842785 
11 0.088599 251.904845 -0.033215 -972.416128 
10 0.462852 767.095457 0.226609 -642.264085 
8 0.154765 302.685974 0.042650 -439.657439 
8 0.000196 0.486637 -0.015966 -121.514618 
7 0.088260 223.338739 0.074395 116.073740 
7 0.015723 71.819103 0.008756 15.276236 
4 0.000783 18.672300 0.000064 6.748725 
4 0.000965 3.676458 -0.000214 -7.697553 
3 0.002127 26.070984 0.000854 5.580016 
3 0.019090 171.554302 0.018403 160.359814 
2 0.005376 54.785391 0.105376 54.885391 
15 0.081841 333.281680 -0.060000 -317.939759 
15 0.087407 314.713442 -0.114982 -761.903633 
13 0.019703 71.470910 -0.075019 -346.890642 
13 0.163008 335.300005 0.059243 -201.507886 
13 0.110443 220.401965 0.004539 -307.134885 
11 0.002742 20.321716 -0.130943 -826.802217 
11 0.106363 217.893710 -0.168122 -1153.975003 
10 0.002313 17.926348 -0.118618 -765.583187 
10 0.104258 179.687221 -0.130496 -1056.456735 
9 0.068959 131.475066 -0.216215 -1177.246251 
4 0.050584 187.736589 0.044975 134.620766 
15 0.249479 453.899544 0.024230 -1157.113470 
15 0.264543 563.285667 0.052203 -941.560211 
13 0.049704 137.781450 -0.151234 -1254.925177 
13 0.387408 681.341672 0.089133 -1300.962988 
12 0.614310 1051.831269 0.362206 -595.141610 
13 0.235607 1120.158481 0.112224 -428.758605 
12 0.142715 741.014248 0.032392 -651.735269 
12 0.002640 10.963528 -0.437136 -3357.724471 
14 0.118449 225.122131 0.038590 -227.631815 
14 0.191273 478.599917 -0.026302 -1152.432011 
13 0.050252 120.817404 -0.007626 -200.362002 
11 0.643684 1547.899666 0.264876 -1045.041342 
10 0.627942 1535.004740 0.338834 -467.554737 
17 0.055463 148.636319 -0.090316 -632.909053 
16 0.080827 208.461944 -0.091600 -685.543711 
15 0.029362 77.665930 -0.122887 -718.397062 
10 0.166901 453.537523 0.129192 176.181727 
5 0.135222 477.049840 0.127032 336.181110 
13 0.026816 45.972432 -0.318395 -1789.712246 
17 0.016658 32.452276 -0.026688 -180.346793 
15 0.235035 482.448157 0.094990 -225.002895 
14 0.208266 427.149882 0.099955 -104.717268 
11 0.134779 500.302734 0.105454 179.828312 
10 0.055624 259.648784 0.037106 57.002601 
10 0.008222 26.259233 -0.031645 -199.612476 
3 0.002641 25.879733 0.001576 8.547909 
16 0.010200 27.915265 -0.235657 -1412.739795 
15 0.119584 605.030095 -0.257403 -2167.353731 
12 0.013224 86.911211 -0.030154 -364.872706 
11 0.011857 80.267180 -0.013627 -196.317288 
10 0.208716 810.272134 -0.185962 -2425.176675 
9 0.191066 765.669039 -0.182588 -2325.269235 
5 0.051703 209.440190 -0.179351 -1675.026003 
4 0.039085 172.725375 -0.138078 -1417.724025 
15 0.084517 153.531505 -0.065583 -494.142051 
14 0.099386 183.102351 -0.084770 -567.416599 
10 0.182374 322.334555 -0.009050 -380.389007 
9 0.019112 140.648352 -0.010188 -52.006869 
9 0.018723 45.158478 -0.118982 -596.480238 
6 0.051906 132.098065 -0.012149 -215.205196 
5 0.002341 12.998767 0.000616 -5.852128 
14 0.032719 70.511527 -0.216082 -1060.196141 
13 0.091286 178.547533 -0.118858 -851.280158 
13 0.008343 27.028263 -0.197009 -986.798173 
12 0.018006 40.303568 -0.167243 -890.463766 
8 0.008893 23.878095 -0.053176 -316.866246 
16 0.282818 574.629859 0.077594 -1123.107549 
16 0.058664 120.950040 -0.177549 -1233.004357 
15 0.226352 413.865909 -0.035254 -1590.421665 
15 0.007291 14.017989 -0.225480 -1478.791175 
14 0.007185 29.497050 -0.177476 -1744.047515 
14 0.271044 475.026925 -0.021017 -1850.601658 
13 0.243290 451.278659 -0.026209 -1712.572815 
13 0.224687 434.807705 -0.047347 -1737.245645 
12 0.214154 406.672583 -0.037776 -1630.611441 
12 0.279219 492.104449 0.026039 -1544.333621 
10 0.143685 273.160159 -0.010398 -945.900674 
15 0.019387 88.872982 -0.057186 -518.953936 
7 0.226459 2398.409222 0.003461 -1375.230404 
17 0.004452 38.384089 -0.081458 -332.036954 
16 0.063528 135.960413 -0.003374 -192.569341 
16 0.003849 33.271902 -0.070665 -290.987902 
14 0.031352 78.073776 -0.083040 -383.021977 
4 0.085152 502.973715 0.070564 285.490373 
16 0.144252 238.225170 -0.048105 -747.867532 
14 0.143487 272.611502 -0.003104 -545.435503 
14 0.190680 335.612806 0.016853 -599.991343 
13 0.113516 216.826202 -0.041609 -627.845510 
13 0.010349 38.668378 -0.072733 -794.133625 
12 0.009445 51.562667 -0.043489 -476.191373 
12 0.029998 71.832542 -0.200391 -1076.127813 
11 0.002141 12.935271 -0.045766 -466.217070 
8 0.192510 688.848988 0.056623 -491.412769 
12 0.136506 1684.971880 -0.159207 -3963.041122 
12 0.171101 1599.012914 -0.027616 -1518.142084 
12 0.061487 227.450005 -0.085068 -914.521179 
11 0.065975 250.084986 -0.112735 -1133.903178 
10 0.243846 991.658815 -0.000624 -940.635890 
10 0.180688 647.296144 -0.072294 -1344.611931 
9 0.084824 322.394057 -0.118279 -1392.187410 
8 0.053906 233.479670 -0.026337 -449.288730 
7 0.108066 1212.066086 0.071456 545.014772 
6 0.004679 52.252366 -0.017063 -363.676786 
6 0.021619 87.951051 -0.017500 -266.076333 
5 0.000381 2.410969 -0.000538 -7.776007 
14 0.011260 55.556628 -0.063992 -445.297491 
14 0.030854 119.851484 -0.024648 -298.152322 
12 0.035660 453.778041 -0.166864 -1904.385330 
17 0.022481 167.665984 -0.071480 -700.088143 
15 0.313286 993.519807 0.181224 -121.510141 
13 0.019331 40.385223 -0.006162 -85.965495 
6 0.083342 189.690427 0.072015 100.559063 
16 0.193877 909.207771 0.033945 -318.833211 
11 0.015732 57.010307 -0.055020 -433.194540 
15 0.021537 78.671431 -0.102100 -639.782727 
14 0.031356 96.764334 -0.120536 -847.547166 
14 0.089423 166.276214 -0.155906 -817.526757 
14 0.050369 97.579938 -0.044610 -370.699039 
15 0.001879 3.653793 -0.122600 -584.599609 
13 0.152120 506.577561 -0.028246 -1087.859593 
12 0.372278 1009.902706 0.139924 -1214.073494 
11 0.412786 1037.039961 0.058171 -2170.064409 
10 0.252999 677.471094 -0.076005 -2398.849637 
10 0.013448 58.616801 -0.030291 -188.922731 
10 0.397719 994.503722 0.083666 -1932.091566 
9 0.010440 40.218439 -0.080352 -638.959606 
8 0.011778 27.383087 0.001845 -41.347492 
7 0.005263 20.206197 0.003060 1.294592 
15 0.031481 57.222811 -0.049388 -346.823425 
12 0.071464 141.712951 0.032082 -166.098626 
10 0.091722 174.976441 0.065431 -22.342378 
10 0.056996 187.193621 -0.008111 -210.606054 
15 0.087478 313.428113 -0.019909 -547.375765 
10 0.248713 793.667337 0.094970 -752.836738 
10 0.006116 12.885322 -0.083252 -382.921154 
7 0.002468 5.729946 -0.048636 -267.026922 
4 0.009927 72.386233 0.009091 61.235632 
16 0.238756 1200.534211 0.079392 73.355013 
15 0.078177 188.623865 -0.034194 -419.777054 
14 0.341433 768.342313 0.177987 -491.348386 
9 0.231559 534.288700 0.142271 -84.770377 
16 0.016142 82.593655 -0.054899 -391.114145 
3 0.049677 604.530837 0.047541 554.475968 
16 0.202477 606.943624 -0.076969 -1969.686395 
14 0.249343 722.489088 -0.039966 -2394.185797 
13 0.365380 1058.807176 0.068550 -2139.009871 
13 0.260916 603.805625 0.036137 -721.991117 
12 0.372950 821.967959 0.017684 -3144.439147 
15 0.103765 554.117754 -0.003540 -431.015770 
14 0.051359 257.737178 -0.051568 -606.621806 
13 0.020301 59.943858 -0.037634 -414.441717 
12 0.046952 219.519220 -0.028922 -436.671732 
10 0.007837 23.189563 -0.033161 -337.934454 
9 0.082496 330.571469 0.056581 98.471150 
9 0.009457 50.459029 -0.018889 -225.387562 
8 0.032695 123.077415 0.016782 -28.821659 
8 0.006367 30.093870 -0.015523 -153.998379 
7 0.025787 292.746986 -0.035865 -148.209571 
2 0.009673 120.228257 0.002728 -52.636757 
11 0.406922 1280.936660 0.189136 -298.037378 
5 0.032780 376.035105 0.012572 4.305596 
3 0.068810 238.393285 0.052015 80.939486 
10 0.058110 229.800372 -0.123256 -1143.724336 
9 0.002007 9.067760 -0.067640 -472.281034 
4 0.052784 236.707734 0.050440 195.264648 
4 0.000542 1.826147 -0.033766 -277.449028 
15 0.240177 368.395197 -0.004659 -1058.204942 
12 0.017987 71.905368 0.008444 -0.295567 
16 0.011584 21.297839 -0.092052 -412.663175 
15 0.034403 66.150447 -0.218610 -1334.218730 
15 0.018404 35.302990 -0.082491 -405.830117 
14 0.133485 223.437380 -0.076582 -984.224016 
11 0.330195 4186.041009 0.234632 2722.290600 
10 0.036099 121.052995 -0.094053 -395.117059 
14 0.017949 71.346656 -0.093456 -744.292847 
13 0.004546 17.609289 -0.059762 -451.809411 
9 0.116716 219.781092 0.043607 -157.820451 
15 0.138158 678.330896 -0.097336 -1614.676449 
12 0.176717 922.226112 -0.161520 -2726.893526 
11 0.304113 1383.177713 0.027902 -1652.489563 
10 0.058744 322.868220 -0.187590 -2422.849791 
9 0.131297 691.401629 -0.083001 -1747.530765 
13 0.177640 733.019963 -0.054344 -1106.866504 
10 0.393618 1565.995051 0.246958 500.358943 
5 0.005099 40.914439 -0.000626 -39.586449 
4 0.059396 414.678134 0.053893 334.515863 
3 0.000479 3.924218 -0.000639 -12.596132 
15 0.011798 32.837386 -0.080732 -582.885737 
14 0.011465 32.840225 -0.072605 -531.263992 
4 0.001942 17.614191 0.001720 14.594497 
2 0.034973 305.938671 0.134973 306.038671 
16 0.352713 1670.135914 0.070782 -1998.848333 
15 0.027453 50.475875 -0.212618 -994.503088 
13 0.075342 149.724382 -0.138615 -789.126862 
12 0.361846 605.052580 -0.008240 -938.805419 
12 0.221383 1013.318450 0.054116 -106.200673 
12 0.128934 233.644171 -0.246441 -1324.793623 
11 0.102973 193.794401 -0.250530 -1277.213277 
11 0.360923 604.918111 -0.005264 -897.323544 
16 0.446062 1090.001386 0.220851 -1029.083865 
14 0.141042 335.290263 -0.042718 -1589.083956 
9 0.003770 10.997419 -0.010023 -130.756314 
8 0.019664 147.601846 0.013659 57.082750 
3 0.018360 168.383942 0.017263 149.517300 
3 0.002069 22.844786 0.000867 2.182184 
2 0.005817 70.923164 0.105817 71.023164 
15 0.139281 254.768403 -0.039167 -1128.400994 
14 0.125863 400.447575 -0.100689 -1052.378684 
12 0.031410 89.481434 -0.268243 -1843.840697 
12 0.096891 197.615815 -0.045792 -500.241281 
12 0.149763 457.576468 -0.033303 -600.470426 
11 0.022361 45.237064 -0.104181 -585.454898 
10 0.054024 117.357092 -0.023847 -287.015898 
10 0.021526 64.120600 -0.273640 -2749.647844 
14 0.023442 61.702757 -0.063877 -346.564490 
14 0.021935 53.821203 -0.061269 -338.709547 
12 0.101515 417.311765 0.017222 -188.639919 
10 0.641890 1151.862435 0.534247 454.710765 
9 0.011763 18.380673 -0.093711 -494.506822 
16 0.333826 1916.069231 -0.033976 -3021.528562 
15 0.468393 3906.036334 0.117613 -587.348230 
14 0.450087 2104.784742 0.164377 -1805.358283 
13 0.213463 1133.859774 -0.031832 -2221.271103 
12 0.272176 1688.122984 0.007483 -2272.045492 
12 0.359649 2121.527763 0.122145 -1492.049145 
11 0.288626 3472.241778 0.024793 -1180.578092 
11 0.001856 8.628978 -0.016936 -129.019850 
14 0.022143 56.399200 -0.315586 -1825.888193 
17 0.047637 92.627326 -0.092567 -485.663257 
15 0.165332 289.501590 -0.159557 -890.400145 
17 0.307208 608.081212 0.098118 -514.858961 
16 0.058519 139.344037 -0.132338 -879.799947 
14 0.260949 738.792347 0.066635 -608.627135 
13 0.446206 2228.098119 0.239135 131.152390 
12 0.034800 127.810186 -0.117622 -946.250756 
12 0.071415 428.515791 -0.111043 -1440.005788 
9 0.125593 449.183911 0.036558 -194.247842 
9 0.332947 3073.625009 -0.037545 -1927.659203 
9 0.253593 2517.565383 0.021473 -1076.442727 
8 0.048804 118.552713 -0.003852 -218.167919 
12 0.331043 860.908611 0.219260 -6.766453 
11 0.108112 230.798349 0.012281 -530.628745 
9 0.305044 561.930252 0.187806 -329.240404 
7 0.062851 133.169959 0.023270 -84.169442 
16 0.048516 171.650664 -0.181685 -1425.834348 
12 0.326104 1571.393869 0.035180 -1250.383888 
12 0.064775 569.696575 -0.220308 -1932.510830 
12 0.044185 235.362390 -0.053155 -679.915874 
11 0.071372 435.333117 -0.012069 -336.834311 
12 0.393070 734.207363 0.104217 -1289.168120 
15 0.017239 40.170869 -0.068279 -341.473127 
15 0.011459 40.970361 -0.086201 -594.597393 
14 0.010580 35.957065 -0.055537 -405.360385 

