14 0.354156 72.462416 -0.968191 -5812.567569
5 0.025563 90.086344 -0.04368 -637.748617
7 0.140484 521.594523 0.096139 159.739638
11 0.318761 809.237382 0.054545 -1302.018965
3 0.003437 12.641348 0.003437 12.641348
6 0.052742 21.61013 0.038479 -81.484622
17 0.471182 331.46348 0.471182 331.46348
15 0.564597 309.788844 -1.144319 -7949.259186
10 0.06144 94.064349 0.041933 -19.039325
3 0.001035 0.368866 -0.001468 -10.862861
10 0.239338 570.397694 0.18131 204.929118
15 0.217237 15.937246 0.161506 -187.386837
16 0.534957 294.862356 -0.281679 -2337.793282
6 0.008332 5.400379 0.008332 5.400379
7 0.011124 8.007286 0.011124 8.007286
6 0.016814 1.276088 0.016814 1.276088
8 0.021983 9.063537 0.021983 9.063537
15 0.192819 88.047584 0.141183 -117.314114
17 0.517834 11.566119 0.472134 -128.185256
8 0.003492 0.621756 -0.029429 -86.43378
7 0.065406 540.983142 -0.28075 -5689.827064
11 0.054463 15.459574 0.046853 -22.976018
13 0.247382 25.125992 0.207511 -71.131257
10 0.198642 202.559937 0.198642 202.559937
11 0.220126 219.97596 0.220126 219.97596
12 0.774194 774.193548 0.774194 774.193548
5 0.018748 2.242556 0.018748 2.242556
12 0.280751 27.380587 0.230729 -162.450839
5 0.030246 151.198699 -0.060081 -929.946719
5 0.024447 135.290442 0.024447 135.290442
7 0.123056 479.733712 0.118693 426.304355
8 0.176082 689.512558 0.168404 595.616871
13 0.101831 116.327845 -0.46288 -7607.283615
7 0.054059 13.891446 0.050267 0.264553
10 0.234231 147.8702 0.226914 111.894499
11 0.267951 616.552974 -0.592642 -11592.749084
13 0.333416 2693.022892 -0.437638 -11100.404015
14 0.368356 3092.47064 -0.50111 -12478.905387
3 0.007019 13.088483 0.007019 13.088483
4 0.009073 13.847919 -0.006829 -164.51193
15 0.48088 520.289734 -0.127619 -4273.826166
16 0.168636 269.759913 -0.453224 -4241.675031
8 0.107423 73.993518 -0.038536 -867.431723
11 0.091377 200.528681 0.079117 75.829559
5 0.179572 179.572353 0.179572 179.572353
10 0.176471 176.470588 0.176471 176.470588
12 0.518155 518.154915 0.518155 518.154915
16 0.343766 412.150924 0.261345 -104.9096
13 0.09935 11.988109 -0.270589 -1224.277615
15 0.358348 205.557939 -0.975827 -8496.075097
12 0.688705 1377.40984 0.688705 1377.40984
14 0.417914 82.555732 0.417914 82.555732
4 0.036702 218.482531 0.036702 218.482531
16 0.388041 65.757671 0.214083 -865.627193
4 0.033051 142.604017 -0.007475 -254.577732
9 0.056894 43.60358 -0.400635 -4822.649422
10 0.101003 38.867651 -0.492444 -6270.986283
14 0.157386 148.251757 0.113453 -123.38039
16 0.499933 77.12737 -0.284652 -3398.318668
12 0.258065 387.096774 0.258065 387.096774
4 0.188573 245.145202 0.188573 245.145202
12 0.113934 273.61287 0.113934 273.61287
15 0.212351 267.991951 -0.928824 -6981.372667
10 0.244121 81.540707 -0.587356 -6935.808122
7 0.089629 29.973183 0.080445 -6.825446
10 0.233417 129.728438 0.233417 129.728438
4 0.000391 0.214328 0.000391 0.214328
11 0.316029 917.529606 0.316029 917.529606
12 0.323927 34.126988 -0.609051 -5936.93344
17 0.575767 1056.276748 -1.112631 -14778.554441
3 0.014023 9.10224 -0.013231 -165.323334
6 0.048702 1.646601 0.048702 1.646601
8 0.035018 230.401358 -0.204674 -1617.518386
4 0.006774 0.55575 0.006774 0.55575
3 0.007382 0.957961 0.007382 0.957961
13 0.323803 323.802817 0.323803 323.802817
15 0.429422 84.316442 -0.668034 -2763.70139
16 0.389493 141.89739 0.098553 -664.104868
3 0.004738 10.020101 -0.000848 -33.947394
8 0.050669 10.608299 0.038827 -38.26961
8 0.014809 5.822978 -0.036376 -226.371883
10 0.136996 18.580436 0.127449 -19.447896
3 0.449349 3594.791667 0.449349 3594.791667
4 0.270362 2162.895161 0.270362 2162.895161
7 0.200072 400.144942 0.200072 400.144942
14 0.126937 10.76075 -0.805804 -5795.866597
15 0.101374 96.51604 -0.299894 -1821.515555
10 0.294299 160.481698 0.287635 142.335588
17 0.088782 16.508136 -0.287467 -1065.212034
7 0.123783 269.070223 0.123783 269.070223
8 0.118053 194.974289 0.118053 194.974289
12 0.340549 441.784157 -0.004629 -2051.947846
13 0.401882 333.54896 -0.34598 -3897.863109
14 0.437219 552.643137 -0.030762 -1840.17278
14 0.383096 349.448246 0.268483 -240.703544
16 0.503857 309.599048 -0.141244 -2896.737636
10 0.180395 114.408821 0.13993 -44.887188
11 0.316608 33.086987 -0.592871 -5787.574175
16 0.455166 167.396446 0.398509 19.607967
3 0.007916 30.693843 0.007916 30.693843
6 0.069052 182.109248 0.063582 131.897708
5 0.054867 47.453664 0.040593 -124.892561
9 0.257736 431.533256 0.147984 -895.188768
11 0.125341 72.090864 -0.84195 -4600.633818
15 0.187551 23.601043 0.133855 -212.285744
9 0.05665 6.013651 0.05665 6.013651
17 0.561927 221.314183 -0.192976 -3014.956158
7 0.116658 27.081828 0.078164 -108.17768
13 0.256196 16.364695 -0.292691 -3496.511186
15 0.48857 1340.28992 -0.160058 -3969.809468
4 0.012061 108.785289 -0.027584 -475.569531
9 0.212307 1057.973817 0.097704 -475.585472
15 0.307831 275.529189 0.237335 -158.17415
15 0.393892 101.242437 0.358872 -45.754057
9 0.666667 666.666667 0.666667 666.666667
4 0.030405 150.853743 -0.013322 -372.209567
7 0.130845 745.276456 -0.109251 -2104.515179
11 0.168458 233.653858 0.167549 230.815249
9 0.05606 3.719586 0.034982 -59.454025
10 0.084233 4.058143 0.057431 -64.598316
11 0.330084 47.913438 0.305637 -16.583299
12 0.356436 85.765828 -0.887995 -2961.942093
12 0.170489 71.99787 0.132698 -52.924891
12 0.371238 137.90778 0.122415 -542.744671
15 0.46513 416.612371 -0.034387 -3079.521491
11 0.174804 150.113173 0.155667 33.131921
14 0.024432 6.968822 -0.062483 -543.536911
14 0.387137 1038.227742 -0.457081 -6815.862153
10 0.208716 104.091285 0.208716 104.091285
15 0.418904 397.407095 0.399886 340.076294
15 0.406048 384.484396 0.378253 297.896397
12 0.302532 1778.318962 -0.785039 -10990.274735
16 0.198152 248.260481 0.109848 -151.954968
10 0.776841 776.841348 0.776841 776.841348
13 0.411888 67.087378 -0.845825 -14685.063152
17 0.378457 45.34894 0.286213 -155.256716
14 0.476305 1568.287769 -0.035927 -2262.243221
17 0.559364 1874.655774 0.075634 -1259.34711
14 0.412973 22.367817 0.412973 22.367817
16 0.505366 511.138698 0.393108 232.476218
17 0.535863 349.736484 0.476424 -10.491741
12 0.314881 913.153541 0.314881 913.153541
15 0.388961 468.145027 0.161852 -833.507258
10 0.750857 150.171387 0.750857 150.171387
11 0.804297 804.296562 0.804297 804.296562
12 0.834882 834.881768 0.834882 834.881768
6 0.040409 39.877104 0.040409 39.877104
3 0.005517 18.777477 0.005517 18.777477
3 0.002893 18.274054 0.002893 18.274054
6 0.016687 93.174977 -0.133124 -2238.745498
11 0.290473 380.833749 -0.20844 -2817.191371
12 0.311879 407.768061 -0.34939 -3829.301192
17 0.157988 2.834032 -0.093455 -543.51702
11 0.252636 631.336421 -0.521054 -6796.089534
12 0.279807 1273.288666 -0.597343 -7856.221761
16 0.288565 168.632106 -1.231767 -6216.771367
5 0.067832 261.656742 0.067832 261.656742
7 0.056472 10.617915 0.047961 -14.041905
8 0.071095 13.699192 -0.06734 -610.955084
13 0.295194 77.011062 -0.395338 -3362.869887
15 0.264189 6.427084 0.160568 -223.05558
15 0.431347 292.237528 -0.061723 -2176.6493
4 0.01088 45.818593 -0.040851 -500.313433
8 0.089683 300.51016 -0.238738 -2133.35098
9 0.173579 376.431224 0.132222 8.217279
7 0.087994 224.564517 -0.059282 -952.655423
10 0.148585 307.564898 0.093523 12.841734
14 0.417976 20.19838 -0.346807 -4787.007455
7 0.060417 621.445844 -0.215985 -4292.568233
8 0.111016 276.302838 0.110504 272.210555
11 0.315431 904.182162 0.160182 -805.665765
12 0.354722 30.678136 -0.531125 -9629.693319
13 0.787879 3821.212121 0.787879 3821.212121
15 0.32919 734.022595 -0.560789 -11906.872085
16 0.259488 38.375825 -1.745166 -4385.804946
11 0.260284 109.453558 0.245231 41.792896
12 0.325492 245.127777 -0.970717 -15078.502521
16 0.548174 1759.306002 -0.208749 -7302.670278
13 0.352184 86.941738 0.244394 -381.740707
10 0.09184 21.449897 0.09184 21.449897
15 0.286152 203.197998 -1.701702 -13229.93034
14 0.431161 862.322078 0.431161 862.322078
3 0.011147 12.276774 0.011147 12.276774
11 0.274197 1404.739017 -0.572961 -7348.556041
9 0.074437 23.431201 0.067491 3.250496
10 0.830382 1387.923752 0.830382 1387.923752
16 0.506546 509.700379 -0.262356 -2139.814308
17 0.490762 91.527958 0.26206 -645.080043
15 0.022204 5.543668 -0.073046 -225.632817
14 0.441185 1003.128375 -0.017312 -2825.449727
17 0.059363 62.99726 -0.840271 -6552.836206
9 0.162218 345.513022 0.162218 345.513022
15 0.493054 718.514039 0.44041 372.375468
16 0.287911 287.910798 0.287911 287.910798
5 0.032755 4.350533 0.032755 4.350533
11 0.255338 1022.809662 -0.677662 -15431.217025
12 0.358862 1324.194832 -0.792221 -18946.839304
10 0.043119 36.489891 0.043119 36.489891
11 0.262996 737.019908 -0.753546 -7073.437717
3 0.002411 0.747697 0.002411 0.747697
16 0.512335 364.472587 0.456585 162.170224
11 0.282212 19.608866 -0.210537 -3601.335105
6 0.044014 7.335826 0.041166 0.920107
14 0.229375 31.858742 -0.708061 -2119.795091
3 0.014606 14.594636 0.014606 14.594636
7 0.031072 34.014488 0.031072 34.014488
9 0.041875 1.386083 0.041875 1.386083
7 0.006373 28.805779 -0.008284 -108.530176
8 0.199326 642.921369 0.154825 217.770408
16 0.166844 124.673375 -0.477376 -4139.356834
6 0.071786 317.63658 -0.038835 -1007.100092
12 0.392941 215.827764 -0.593524 -11452.57411
14 0.395753 3024.118194 -0.691941 -9807.474888
15 0.378751 209.267504 -1.055363 -16587.223943
11 0.255505 178.740968 -0.723815 -5786.79285
14 0.479701 594.01066 -0.012123 -1534.164154
14 0.424561 376.223895 -0.936041 -12362.62427
7 0.081347 9.488766 0.074434 -22.523653
10 0.176782 629.835686 -0.603461 -4386.798184
8 0.135995 349.282293 -0.364515 -3695.751876
9 0.167958 430.455437 -0.482682 -4822.558603
11 0.0484 50.84068 -0.169085 -1594.934118
3 0.166667 1100. 0.166667 1100.
14 0.369664 582.643832 -0.963496 -11037.383255
3 0.008071 23.406064 0.008071 23.406064
5 0.001919 16.120609 0.001592 11.458394
15 0.478318 107.894229 -1.212078 -12821.581005
10 0.128416 22.20393 0.127119 16.532139
13 0.388643 37.07016 0.036733 -1678.805165
13 0.423977 441.759186 0.018734 -1173.516605
16 0.027635 21.434528 -0.059795 -394.400832
17 0.448751 338.908769 0.142376 -790.673998
10 0.081039 91.871465 -0.028176 -557.978376
16 0.487458 973.955323 0.450524 888.61716
3 0.010239 6.889937 0.010239 6.889937
7 0.098452 76.128457 0.017633 -278.668677
14 0.052639 88.121476 -0.001447 -210.79822
14 0.225766 193.936508 -0.699717 -3767.85225
15 0.444505 1203.519954 0.379099 844.979284
10 0.238744 681.795123 0.230826 555.416602
11 0.269811 662.181512 0.012377 -2321.725766
4 0.03673 39.814137 0.035096 30.056356
6 0.032828 16.716884 0.032828 16.716884
15 0.406353 395.804047 0.376866 282.685788
15 0.366256 427.285806 0.143451 -940.834569
6 0.127794 384.230842 -0.017712 -1394.600185
12 0.272167 642.745705 -0.345714 -5288.914769
8 0.108959 568.057559 -0.076172 -1158.872811
10 0.155632 91.993467 0.084078 -236.223241
2 0.168421 1296.842105 0.168421 1296.842105
13 0.348558 271.488894 -0.032113 -1718.684634
5 0.02777 18.028558 0.003433 -72.787064
6 0.050358 16.724317 -0.056373 -371.425266
8 0.169393 1059.889765 -0.231247 -3672.972124
3 0.347826 1356.521739 0.347826 1356.521739
3 0.333333 666.666667 0.333333 666.666667
7 0.00217 6.668091 -0.010493 -117.480121
16 0.435653 204.630148 -0.040692 -1290.933205
14 0.487008 232.882454 -0.713609 -3169.140511
13 0.270408 24.538245 -1.465518 -4099.054069
8 0.142483 691.772425 -0.037842 -1338.499372
10 0.263838 117.046265 0.174624 -175.719798
14 0.418861 356.208674 -1.048176 -17974.654587
16 0.514512 226.921386 -0.136361 -1516.416696
3 0.011732 22.878011 -0.005796 -89.3018
4 0.024651 85.558025 -0.018958 -193.537269
6 0.083617 1269.173346 -0.126093 -2529.825429
8 0.033675 122.314771 0.028983 80.72669
11 0.105041 53.041281 0.062941 -277.335782
12 0.096122 13.599147 0.084331 -69.157757
14 0.426833 264.433051 -0.028867 -1590.62329
14 0.028769 3.023979 -0.314963 -1176.880269
11 0.79636 1194.539307 0.79636 1194.539307
15 0.328338 373.794633 0.182361 -67.073086
16 0.343199 404.149145 0.141192 -401.350647
15 0.488148 83.089824 0.460821 23.863815
11 0.25814 63.330376 -0.452977 -6812.7455
12 0.309698 132.652073 -0.554719 -8228.212184
13 0.3898 457.482767 -0.631622 -6259.330934
16 0.113515 16.640761 -0.410381 -1545.673257
17 0.295915 82.292033 0.23201 -98.464013
9 0.0258 8.232628 0.0258 8.232628
10 0.218641 40.614097 -0.221467 -1407.661777
16 0.232084 286.977214 -1.731757 -7900.109302
4 0.019607 16.155199 0.005189 -85.06227
14 0.400659 112.192862 -0.032695 -2088.95117
6 0.065337 62.770534 0.055794 2.151035
7 0.066665 168.22948 0.055067 117.865871
4 0.024928 114.241766 0.024928 114.241766
8 0.119618 97.881951 0.119618 97.881951
6 0.093119 377.843699 -0.029052 -1088.21092
15 0.516891 288.288348 -1.697823 -12705.834645
17 0.310971 216.679711 0.102848 -930.062207
16 0.070217 12.952913 -0.035083 -553.132596
3 0.001532 1.531983 -0.001429 -13.862847
4 0.000141 1.49506 -0.001683 -37.096609
15 0.216579 268.289263 -1.568833 -8333.128212
17 0.292048 18.655163 0.125355 -546.018211
7 0.103458 45.120139 0.103458 45.120139
8 0.151316 78.854905 0.151316 78.854905
9 0.238379 374.722405 -0.562238 -3136.369406
16 0.290675 104.208347 0.222616 -164.407394
16 0.498929 289.056664 -0.303262 -2374.237787
4 0.024791 24.643288 -0.034936 -376.649935
5 0.046134 45.163233 0.015852 -197.091988
8 0.151541 17.78747 -0.210234 -2297.572338
8 0.145041 82.475109 -0.288548 -2847.152833
10 0.25744 257.439706 0.25744 257.439706
13 0.201861 31.09502 -0.345209 -1937.698262
12 0.721311 2091.803279 0.721311 2091.803279
8 0.139627 31.681034 -0.096475 -973.054653
15 0.17527 1054.462884 0.134621 687.137083
7 0.12481 231.562608 -0.153079 -2438.3795
17 0.528171 544.615278 0.430038 325.04037
15 0.480409 954.46645 -0.179334 -2992.97203
12 0.436439 1164.270438 -0.02326 -2524.354197
7 0.176074 40.425228 -0.083976 -1825.704852
16 0.095993 349.291896 0.046831 43.496219
17 0.363547 727.094263 0.363547 727.094263
13 0.202242 5.134563 -0.550218 -1680.368103
17 0.057321 21.799629 -0.118175 -612.570343
5 0.5 6000. 0.5 6000.
10 0.196079 8.937603 -0.116629 -1606.898527
7 0.099957 100.528638 -0.096627 -1786.674202
9 0.255651 32.58707 -0.26843 -3321.534561
12 0.332859 1101.504914 -0.213398 -4578.040991
14 0.092562 11.289679 -0.263161 -1239.328833
3 0.006376 4.410331 -0.001748 -47.579948
6 0.054916 4.989364 -0.128225 -1167.112657
15 0.413402 39.272377 0.247031 -803.409593
4 0.019107 11.121687 0.018778 9.814505
12 0.360302 173.296525 -0.627279 -2596.328004
15 0.411656 259.933017 -1.436729 -8126.287714
17 0.627834 1011.035494 -0.254528 -2854.201087
8 0.137804 177.35744 -0.339237 -3778.378947
10 0.200599 262.741518 0.020271 -716.439328
10 0.23555 254.960279 0.031634 -845.61812
11 0.286417 382.49042 -0.048164 -1437.268788
16 0.21044 189.269226 0.185472 96.908314
14 0.03196 20.814966 -0.050454 -317.448342
5 0.000392 0.08548 -0.004802 -15.806718
17 0.321182 74.831749 -2.050055 -18002.380907
10 0.252313 2726.144741 -0.369334 -8265.892568
9 0.217309 280.660003 -0.135148 -3896.062988
15 0.432113 3249.420151 -0.323992 -5620.7583
15 0.479693 371.151868 -0.944903 -13442.940342
3 0.205034 799.633867 0.205034 799.633867
4 0.023141 34.959662 -0.003331 -282.770449
6 0.079041 432.835831 -0.107756 -1705.509833
10 0.240886 1533.624548 -0.447978 -6283.475298
14 0.160995 153.54191 0.121635 -304.988063
10 0.164516 615.450128 -0.273878 -3015.978579
14 0.426558 313.515616 0.207097 -1164.956125
15 0.339098 444.116086 0.233183 -283.430208
5 0.065617 32.439828 0.065617 32.439828
6 0.109544 29.912019 0.109544 29.912019
5 0.002287 3.817063 0.002287 3.817063
10 0.171449 356.367116 0.145633 182.379296
5 0.00092 0.480376 0.00092 0.480376
8 0.086939 113.970696 0.061299 -37.07521
15 0.512552 555.971343 -0.289756 -4077.969717
16 0.501966 457.948751 -1.58177 -10063.292342
11 0.248306 779.045532 0.248306 779.045532
14 0.235923 36.179564 0.167252 -355.06972
9 0.126336 216.648213 -0.326964 -4245.050375
10 0.190066 127.290144 -0.455083 -6235.498308
13 0.382957 151.232585 0.306975 -159.437415
15 0.40564 70.400292 -0.051672 -1016.921116
6 0.048854 36.119006 -0.085328 -505.849842
15 0.481835 670.602206 0.228018 -760.917274
10 0.238808 735.847679 -0.502128 -4024.019203
15 0.493663 323.377935 -0.093171 -3471.72193
12 0.207408 30.205709 0.152127 -249.538224
16 0.283228 283.518484 -2.111579 -4733.626911
16 0.031452 51.274469 -0.822757 -2726.662343
13 0.352093 1911.514762 -0.89659 -20046.768564
13 0.372957 2833.25911 -0.781013 -17467.18571
15 0.465287 64.550223 0.365368 -404.561784
9 0.22824 35.412437 0.22824 35.412437
10 0.212522 83.411224 0.1672 -271.899332
4 0.01862 4.978748 -0.013288 -140.744454
7 0.008562 0.518398 -0.010127 -49.143234
9 0.124017 766.864139 -0.145485 -994.722734
13 0.101099 63.147318 0.03935 -249.357853
15 0.153667 16.837397 -0.268476 -2015.378908
16 0.202015 32.56206 0.150969 -205.929613
10 0.679245 1969.811321 0.679245 1969.811321
11 0.701754 2035.087719 0.701754 2035.087719
15 0.453691 2665.971038 -1.330263 -17170.568002
3 0.014575 42.268066 0.014575 42.268066
4 0.01817 169.799729 0.01817 169.799729
5 0.039158 172.153643 0.039158 172.153643
5 0.073225 355.274302 0.071731 335.930844
8 0.192452 679.442503 0.165976 335.802415
9 0.026166 80.447208 -0.010987 -398.369399
5 0.036246 55.21343 0.036246 55.21343
13 0.416847 370.213927 -0.320632 -4349.652087
14 0.440877 692.286333 -0.154387 -1811.326781
3 0.008414 47.397321 0.008414 47.397321
5 0.033661 47.872498 -0.046136 -695.288225
13 0.348008 14.524144 -0.941001 -12359.967523
15 0.389157 255.799856 -0.242188 -2234.915543
12 0.307614 156.478151 0.025998 -2739.244675
8 0.010632 12.338143 -0.002976 -97.441055
8 0.20683 76.031138 0.140529 -168.963264
14 0.461724 115.289087 0.133321 -2317.688704
15 0.230982 64.329438 0.1621 -135.730903
13 0.399089 43.821221 0.380685 -57.655589
5 0.046938 46.793745 0.046938 46.793745
15 0.217704 19.548423 0.174902 -88.220416
15 0.30652 151.059913 0.172155 -375.681882
10 0.223786 1421.865862 0.097488 -409.502556
15 0.379206 78.528949 -0.11563 -1905.304577
7 0.157164 828.013067 0.084413 -14.555658
9 0.084994 16.05283 0.077985 -2.788408
5 0.037151 152.753664 -0.049732 -962.316164
5 0.038763 174.488437 -0.041948 -855.657738
5 0.082601 574.628323 -0.096079 -1579.194143
14 0.320739 178.205646 0.170157 -242.625519
17 0.156168 24.929015 0.132225 -29.006724
8 0.152032 13.895092 -0.120459 -2349.966671
12 0.629761 1826.307082 0.629761 1826.307082
14 0.343867 344.712466 0.276405 187.981761
14 0.120496 50.307581 -1.64137 -4585.017277
16 0.427606 2407.159356 0.35735 1931.101846
6 0.015837 77.359092 -0.076713 -1055.567702
7 0.023431 113.26432 -0.119964 -1647.865578
12 0.335338 106.329497 -0.701649 -9585.130208
6 0.054273 14.506686 -0.128697 -389.520121
6 0.003756 28.865819 -0.013827 -132.181232
7 0.004842 4.347313 0.004842 4.347313
15 0.414704 399.697853 -0.749721 -6056.145573
16 0.444687 75.21816 0.355008 -374.780393
16 0.102045 9.203854 0.077332 -55.500877
7 0.106004 145.81405 -0.141028 -2804.299929
15 0.271489 178.920593 -0.099235 -4704.74724
14 0.403152 51.687529 -0.510295 -5794.371548
4 0.021248 79.647303 0.019693 66.9647
10 0.100601 44.434951 0.053598 -148.003144
17 0.569741 603.552486 -0.222822 -3517.911811
11 0.203209 359.600206 -0.166846 -3813.243451
9 0.096552 324.922721 -0.510796 -6832.155635
3 0.012581 72.968707 0.012581 72.968707
17 0.588003 508.807759 -0.228886 -2145.701765
2 0.29816 834.848485 0.29816 834.848485
3 0.347826 782.608696 0.347826 782.608696
5 0.040742 48.888874 0.039755 40.308269
11 0.031988 36.768935 0.031988 36.768935
11 0.054958 66.79246 0.054958 66.79246
12 0.059015 74.313023 -0.15998 -1617.103213
16 0.532374 542.52135 -0.261234 -1834.779532
3 0.001204 1.564786 -0.017722 -119.558599
4 0.013288 17.170656 -0.030298 -261.785547
5 0.032283 42.37172 -0.078832 -668.767358
4 0.339635 2615.188641 0.339635 2615.188641
15 0.406751 15.673207 0.306657 -316.859374
8 0.067871 66.3683 -0.12804 -1159.601911
14 0.054802 16.890275 -0.044118 -196.475736
14 0.4436 248.648673 -0.219678 -1879.755806
8 0.161309 368.287951 -0.28029 -7504.544788
12 0.300449 689.225879 -0.88358 -8049.786094
10 0.117811 21.65958 0.117811 21.65958
12 0.079239 15.378254 0.029582 -218.046
15 0.057011 36.468884 -0.019231 -393.232431
5 0.045518 139.320449 -0.144938 -2127.54239
3 0.004588 28.584248 0.004588 28.584248
4 0.017633 88.784755 0.017633 88.784755
4 0.001264 1.906795 0.001264 1.906795
6 0.025192 37.054698 -0.054322 -433.389763
9 0.111498 27.648456 -0.159839 -2754.959638
11 0.3329 1055.708408 0.145199 -750.622873
17 0.064591 100.599075 -0.180923 -1371.347214
9 0.103705 1.117363 0.096037 -19.32257
16 0.126796 11.827273 0.050427 -171.182878
12 0.152775 226.32454 0.133653 142.977395
16 0.262892 33.513088 0.12004 -651.532679
17 0.545846 323.411297 0.468239 -80.728092
6 0.063355 53.195309 -0.103856 -1016.954704
4 0.011382 0.141126 -0.037843 -100.79426
11 0.072638 33.660781 -0.269984 -1525.031668
16 0.214769 43.626248 -0.544977 -1939.658345
11 0.293554 1474.867734 -0.559437 -8586.573208
15 0.489707 295.654293 -0.418534 -3961.55497
16 0.417893 172.217684 -0.008571 -1535.703008
17 0.348179 183.85496 0.251059 -257.839958
12 0.073194 72.69061 0.024273 -164.946703
13 0.32658 497.430993 -0.538893 -3578.162379
15 0.037815 7.850651 -0.008813 -144.057905
14 0.232828 257.516084 0.201598 176.289765
14 0.241722 187.224219 -0.855928 -6388.368905
4 0.039336 102.170931 0.03239 32.630658
13 0.207809 38.997126 0.187038 -15.328597
15 0.200405 52.957048 0.17496 -34.274347
15 0.4829 307.122187 -1.466756 -9125.726959
16 0.554185 94.193948 -0.598296 -2390.202143
15 0.435181 409.783358 -0.534546 -9191.073027
9 0.110723 25.404089 0.080433 -77.952863
13 0.342738 507.870303 -0.963491 -10173.714675
13 0.086739 70.564202 -1.200325 -10455.857821
15 0.464689 465.405079 0.096763 -2000.077921
16 0.057137 68.857469 -0.306121 -2363.167356
4 0.006633 5.995811 0.002348 -16.931729
4 0.011579 30.743394 0.010947 24.592906
15 0.517672 286.02702 -1.923959 -9120.537745
6 0.540541 702.702703 0.540541 702.702703
3 0.156614 313.228438 0.156614 313.228438
4 0.339635 226.423259 0.339635 226.423259
14 0.185957 363.694465 -1.728932 -15786.045202
9 0.187628 118.737734 0.000748 -1167.622761
16 0.297534 18.056159 0.174118 -275.398162
6 0.062405 81.844019 -0.134301 -1260.353799
7 0.158682 322.296414 0.156146 289.409035
15 0.097649 53.9964 -0.245051 -837.108109
12 0.303819 379.098316 0.178579 -783.188566
13 0.407223 208.797301 0.310981 -781.1047
6 0.020013 7.95174 0.020013 7.95174
14 0.388976 503.731365 -0.847715 -7257.957089
15 0.257242 354.554494 -0.964181 -7034.957067
13 0.272485 114.020964 -0.286754 -1827.915097
16 0.505165 210.453675 0.244985 -653.324545
12 0.072207 37.832763 -0.467155 -3529.10952
16 0.039377 1.070505 -0.000237 -148.688459
5 0.057364 53.470333 -0.005614 -213.771932
14 0.263922 93.338337 0.19662 -121.49162
3 0.006331 31.735827 0.006331 31.735827
3 0.010296 53.539504 -0.008519 -222.408121
3 0.01427 21.405204 -0.013697 -267.840332
4 0.037244 215.871721 -0.022977 -624.876283
10 0.281993 380.667295 -0.122173 -3617.600714
12 0.365734 209.242442 0.259658 -235.304639
5 0.051372 345.435045 -0.023695 -419.536669
6 0.038527 226.278098 -0.009689 -286.510513
7 0.070801 395.917804 -0.017634 -558.81607
8 0.122934 437.485883 0.007411 -460.750052
7 0.129225 54.10318 0.108122 -15.346027
13 0.394377 94.558285 -0.690718 -7242.935913
9 0.155233 139.850621 0.108669 -165.450509
7 0.15747 129.803282 0.070977 -718.587225
8 0.207244 122.085032 0.049627 -924.0581
10 0.270013 6.315494 0.147048 -1297.852271
12 0.27808 1132.156048 -0.210313 -5747.85934
3 0.006694 9.533041 0.006694 9.533041
13 0.2996 203.571511 -0.568612 -5361.543164
10 0.101833 10.000849 -0.08829 -416.989929
7 0.373223 5971.571316 0.373223 5971.571316
16 0.532018 80.006458 0.037777 -2138.709517
16 0.191514 204.28009 0.126728 11.499284
17 0.460525 287.739503 0.404264 113.566599
10 0.086132 71.698209 0.067485 -57.268711
2 0.1125 900. 0.1125 900.
11 0.242292 262.407627 -0.532469 -8698.578765
16 0.37458 71.311147 0.251886 -315.107878
14 0.134633 57.688895 -1.431051 -11474.740439
4 0.024475 18.028161 0.024475 18.028161
3 0.009228 80.729465 0.009228 80.729465
10 0.182914 90.868257 -0.60172 -4930.791296
3 0.008727 70.998286 -0.008049 -118.4663
12 0.052786 20.167819 -0.467869 -3333.432662
14 0.192246 107.537254 -0.468322 -4132.39999
15 0.218315 133.725716 -0.932909 -7310.062591
7 0.064025 27.892071 0.010834 -138.758005
3 0.398169 398.169336 0.398169 398.169336
11 0.245427 1436.400793 0.185448 918.070247
13 0.176306 8.082237 -0.182621 -777.900437
14 0.125221 30.097223 0.012086 -254.630894
6 0.001267 6.071819 -0.078867 -652.058924
16 0.533685 288.014939 0.259474 -661.460389
17 0.588776 390.054384 -0.295606 -2798.435029
5 0.042477 264.326773 -0.046054 -818.54538
7 0.26307 1367.962402 0.26307 1367.962402
7 0.138839 300.425292 0.047208 -784.385552
8 0.173641 438.784486 0.055331 -959.489855
9 0.210305 583.405591 0.04834 -1327.196828
10 0.221119 176.661414 -0.020903 -430.234917
13 0.224929 9.527435 0.161077 -175.718086
15 0.346446 1329.465822 -0.046557 -1409.713743
16 0.46174 2446.039707 -0.000619 -776.302109
3 0.006252 48.139646 0.006252 48.139646
9 0.029033 12.122239 -0.018832 -149.933924
10 0.079589 42.886841 0.054658 -60.466558
13 0.21761 41.668142 0.170109 -149.728408
16 0.789474 789.473684 0.789474 789.473684
4 0.019372 1.501692 0.006423 -28.755413
6 0.016303 25.682843 -0.0562 -992.047347
9 0.064341 20.148905 -0.097149 -2217.868864
10 0.07697 109.666845 -0.138849 -2880.960131
3 0.001925 9.615371 -0.003967 -18.048491
5 0.027352 27.707389 0.027352 27.707389
6 0.05072 396.888739 0.014489 -135.710588
5 0.093395 390.43334 0.037586 -279.610128
5 0.076884 400.131982 0.04064 47.296465
3 0.008803 42.907476 -0.001395 -76.362143
4 0.023836 116.518985 -0.02297 -434.932268
4 0.02976 138.393391 -0.009555 -325.217035
5 0.050504 215.41282 -0.074924 -1253.913249
6 0.014763 42.775391 -0.154397 -1871.690543
7 0.105348 289.958521 -0.14597 -2553.204395
7 0.046005 232.561435 -0.070789 -1838.438559
8 0.168619 1209.845703 -0.009386 -1938.722828
11 0.06956 9.357393 0.059931 -100.392974
14 0.431915 219.749904 0.001351 -2541.23048
5 0.029457 131.420354 0.003011 -42.230141
5 0.020083 85.59004 -0.001483 -55.97325
6 0.050988 173.366822 0.008304 -111.819822
10 0.219037 1082.5839 0.061571 74.801896
7 0.156422 39.725917 0.053354 -887.401653
8 0.745648 161.556961 0.745648 161.556961
15 0.474256 183.288105 0.293998 -541.997342
6 0.063584 65.704879 0.015128 -400.852708
7 0.09357 96.05639 0.014248 -668.186205
9 0.165937 795.011052 0.003973 -403.864033
14 0.405948 135.539055 -0.004201 -1173.723196
5 0.044402 161.379692 0.015453 -177.449801
8 0.182809 621.479549 0.076039 -599.360071
10 0.026898 88.386787 -0.163141 -2084.830457
10 0.166478 590.067774 0.003408 -1257.053355
8 0.165618 165.954836 -0.007364 -940.928692
3 0.016281 233.877234 0.005994 -13.009718
3 0.009859 8.905971 0.001335 -65.655692
12 0.30221 298.453876 -0.043516 -2873.507253
13 0.279849 274.860873 0.234176 2.767374
14 0.340055 333.729886 0.279028 -42.491714
17 0.55229 627.684532 -0.364309 -4732.93887
13 0.375286 1612.77782 0.211808 -85.617116
13 0.088771 13.543819 -1.047294 -2337.016535
14 0.135357 20.328391 0.123772 -10.635138
15 0.072646 9.610715 0.065316 -10.625987
10 0.08383 56.675772 -0.020823 -995.179305
11 0.013531 4.75347 -0.07339 -780.325566
12 0.00694 6.505893 0.00694 6.505893
9 0.172204 440.647096 -0.003222 -1628.375659
11 0.247829 744.187951 0.006026 -2100.971601
13 0.429979 1363.891031 0.078732 -2758.53777
13 0.35268 94.267338 0.35268 94.267338
16 0.463571 1114.810527 0.032864 -1657.973352
4 0.014865 13.534693 -0.016232 -124.308296
12 0.069592 54.098297 -0.269485 -3231.931037
11 0.119181 69.109153 0.042457 -544.682496
14 0.147079 78.210933 0.133839 15.739477
4 0.012037 33.278501 0.012037 33.278501
6 0.088372 329.928226 0.041176 -123.147922
11 0.030875 21.439923 -0.005998 -172.600567
5 0.062846 24.846057 0.015179 -418.718932
5 0.031971 39.701627 0.029977 20.772191
6 0.048441 17.203715 0.048441 17.203715
11 0.142534 75.285376 0.130069 32.179188
7 0.048484 580.955642 0.048484 580.955642
10 0.017059 205.13384 -0.224111 -2688.905314
15 0.262633 54.418425 0.20922 -221.159395
10 0.208012 214.268388 0.156025 20.437716
3 0.009711 8.97219 0.002657 -36.171546
6 0.051645 589.055157 -0.033549 -808.386385
14 0.31259 992.155554 0.212221 -149.061064
14 0.2738 54.12147 0.205233 -373.020245
6 0.062688 29.651458 0.062337 28.088631
11 0.282827 3617.347269 0.084854 -622.837262
14 0.413216 4407.180149 0.274928 1907.410161
16 0.015303 6.335226 -0.864425 -3208.871844
17 0.344016 63.913972 0.252517 -144.67189
10 0.240979 290.127939 0.236038 255.890593
11 0.113665 128.219082 -0.161318 -2432.70531
12 0.231517 406.891491 -0.114209 -2779.55366
13 0.259948 440.964419 -0.123498 -3083.226835
13 0.308513 266.443846 -0.060996 -3129.065403
5 0.011357 0.436666 0.001534 -21.414983
7 0.080933 169.532832 -0.26686 -2657.59543
9 0.107559 209.679834 -0.026682 -802.401718
12 0.321314 619.493936 -0.021332 -2452.808519
13 0.360844 691.646351 -0.020859 -2725.793613
4 0.026441 63.872902 0.010394 -39.191408
9 0.226173 462.555251 0.030281 -796.505691
11 0.131128 212.593628 0.099846 52.846956
3 0.009357 64.124585 0.009357 64.124585
17 0.277429 41.531984 0.230356 -173.746001
12 0.040518 2.293029 0.015236 -67.722813
13 0.041813 2.493418 0.003679 -101.987076
14 0.008124 3.839606 -0.138289 -1114.312033
15 0.180986 20.509661 0.158955 -149.560041
4 0.012218 35.484028 0.002492 -120.321921
9 0.087385 145.454643 -0.098993 -2530.108814
13 0.426943 767.970952 -0.025429 -3245.708961
5 0.025117 21.493034 -0.016193 -244.23652
6 0.086001 88.367906 0.005538 -430.91885
6 0.039542 193.345932 -0.038659 -944.906238
8 0.009454 42.913943 -0.15874 -2258.794773
9 0.004674 4.56074 -0.118118 -1793.843049
16 0.008022 4.421625 -0.185929 -1785.446004
7 0.014975 170.980023 -0.089248 -1164.414004
3 0.013051 15.370782 0.004562 -52.744282
11 0.303598 568.153634 -0.85093 -7029.603061
8 0.010148 49.20104 0.004973 -3.136481
7 0.08922 49.478038 0.077068 -47.908881
9 0.20757 1.780559 0.022236 -1189.368567
12 0.278625 550.218309 0.032943 -2969.153082
15 0.172173 45.364802 0.015665 -361.839669
8 0.063858 30.820711 -0.114005 -1135.320343
15 0.256895 6.988795 0.214821 -172.948131
12 0.281837 46.32884 -0.780712 -8374.74302
10 0.211914 274.459015 -0.019933 -1209.362498
6 0.01863 67.11182 0.016535 50.78296
5 0.029534 133.662329 0.001001 -206.673057
15 0.034148 16.66913 -0.158634 -427.298632
16 0.214362 7.824581 0.168445 -201.198437
12 0.075541 13.433757 0.075541 13.433757
10 0.100352 0.693813 0.093255 -13.69744
12 0.222018 42.157712 0.081438 -272.021419
15 0.283851 60.707833 0.103954 -336.133344
3 0.000829 1.520395 8.4e-05 -6.373385
4 0.016476 11.138018 0.014096 -13.357402
10 0.046375 54.581597 -0.116888 -1571.854819
8 0.1932 1974.660219 0.035229 107.419237
9 0.009136 0.247764 0.003441 -16.249576
17 0.391433 32.635263 0.293492 -365.382765
4 0.002929 3.982127 0.002929 3.982127
4 0.040189 166.00928 0.009021 -395.412202
5 0.033634 38.725195 0.033634 38.725195
6 0.031934 20.788352 0.031934 20.788352
8 0.213813 923.749437 0.048425 -2060.89145
15 0.16072 201.640251 -0.081851 -1025.575046
12 0.294262 109.881237 0.121621 -463.614619
15 0.031215 3.878038 0.019533 -22.022574
3 0.003816 13.807029 -0.019374 -121.139506
4 0.011392 61.625351 -0.056358 -306.54507
17 0.325034 184.571459 -2.204069 -5390.067143
6 0.001511 7.643257 0.001016 1.172305
9 0.00787 3.793784 0.005201 -8.738494
9 0.196054 919.343884 0.124089 58.505102
10 0.224086 248.210741 -0.121838 -3413.875723
11 0.247821 84.130347 -0.001906 -1305.593799
11 0.222828 526.620871 -0.01515 -2254.64422
13 0.322348 2021.549059 -0.029838 -2088.099733
16 0.514666 345.77377 -0.023003 -2639.618652
13 0.356298 1441.750637 -0.021232 -2987.088322
14 0.388413 1618.92576 -0.02463 -3223.030269
7 0.067798 57.468358 0.04333 -202.460677
8 0.041168 22.025851 0.027207 -21.33777
8 0.088175 66.112691 0.031557 -522.80109
11 0.284275 1097.433819 -0.299363 -6485.200003
15 0.050622 6.719967 -0.058264 -298.600213
4 0.027866 102.287553 -0.019568 -544.182196
4 0.04271 33.999393 0.035224 -20.144565
5 0.011723 47.560571 -0.110662 -1013.589787
10 0.308682 132.987067 0.247255 -148.440693
12 0.358869 253.09785 0.358869 253.09785
15 0.474647 328.163927 0.474647 328.163927
16 0.508878 346.87162 0.508878 346.87162
15 0.474159 355.493801 0.373987 87.687474
3 0.011584 23.167615 0.011584 23.167615
16 0.251589 22.671791 0.176906 -310.809789
16 0.502127 269.041916 0.489249 229.394052
2 0.159375 1105. 0.159375 1105.
2 0.363636 2909.090909 0.363636 2909.090909
6 0.036481 235.394068 -0.025409 -405.416589
11 0.12221 474.640869 0.105763 321.347559
13 0.020406 1.310555 -0.106717 -670.22582
16 0.42401 49.981022 0.286278 -657.673918
3 0.013054 103.843494 0.006027 -8.582432
3 0.013548 108.380591 0.007802 16.455004
3 0.012168 105.107038 5.6e-05 -88.699156
7 0.003421 1.079745 -0.004745 -59.518667
13 0.325499 64.463834 -0.063831 -1215.952575
12 0.34806 792.543099 0.227085 -341.270974
16 0.217954 95.202516 0.002707 -450.059469
5 0.03643 59.956101 0.03643 59.956101
6 0.076195 238.495515 0.076195 238.495515
9 0.161947 67.140593 0.114096 -239.105171
6 0.001517 0.711664 -0.036746 -153.658304
8 0.044428 19.67913 -0.423175 -992.262479
9 0.214882 25.733189 -0.417577 -1351.405841
9 0.054783 23.133503 -0.559664 -1316.730701
17 0.190205 596.995295 -0.417345 -3762.41809
4 0.005697 1.282319 0.003474 -11.47423
8 0.109049 253.853265 0.062201 -56.984654
9 0.133134 178.262312 0.08134 -141.095908
3 0.003083 3.821319 -0.003164 -36.156849
4 0.043961 41.490352 0.025111 -80.332603
5 0.058942 56.3293 0.022356 -181.600037
11 0.093964 32.865955 -0.088161 -439.07565
