9 0.997230 -39.889197 0.398892 1595.567867
6 0.110592 425.216000 0.165888 1565.440000
17 0.472318 -2865.051903 0.233564 8470.588235
14 0.542936 5380.240074 1.176362 736.842105
15 0.121333 -10808.000000 0.364000 11536.000000
14 0.401786 835.714286 0.348214 1300.000000
12 0.258362 4451.211073 1.623991 1882.352941
12 0.355248 2161.937716 1.065744 608.996540
13 0.491389 5463.923182 1.220546 1283.950617
9 0.716049 -256.790123 0.172840 1155.555556
8 0.355469 -1279.687500 0.082031 1706.250000
4 0.022099 -599952.369917 0.030939 600509.271721
3 0.122449 198.979592 0.091837 278.571429
14 0.330207 1799.627416 0.566069 2644.013543
13 0.519731 274.116217 0.368841 2621.288715
9
13 0.001957 -1524466.648054 0.311210 1526458.391573
16 0.974121 -14673.339844 0.666504 16406.250000
10 0.275070 -14.262895 0.163005 438.074635
11 0.149389 597.555455 0.448167 298.777727
14 0.156341 -1980661.661808 0.469023 1986102.332362
14 0.235065 -33348.001148 0.302226 36974.718111
14 0.130592 564.155972 0.302226 2337.217598
6 0.195840 133.632000 0.092160 576.000000
4 0.178452 -237.235749 0.020994 398.891967
5 0.030000 -6858.000000 0.045000 7218.000000
19
13 0.309980 -10519.941066 0.387475 15169.638775
11 0.031144 -56753.777778 0.293333 60273.777778
14 0.155965 3567.352066 0.680576 1673.082448
14 0.227679 1904.464286 0.522321 1125.000000
12 0.475200 -95.040000 0.475200 2851.200000
10 0.459184 1316.326531 0.306122 459.183673
9 0.747922 -264.265928 0.199446 1421.052632
15 0.388579 620.615822 0.288659 880.408492
13 0.123769 -9901.487603 0.371306 12871.933884
11 0.010171 -7770.609024 0.274616 11065.998192
9 0.251932 1106.400350 0.146960 598.337950
33
14 0.418271 5437.517955 0.627406 2091.353059
16 0.320435 -1308502.777100 0.346069 1312655.609131
7 0.032799 -1515509.475219 0.262391 1520757.288630
43
7 0.124444 6346.666667 0.622222 1120.000000
13 0.641975 -2343.209877 0.106996 2557.201646
6 0.197997 -41702.321347 0.184342 43472.007283
11 0.779773 5146.502836 0.311909 467.863894
10 0.373394 -349811.529832 0.278624 353155.017797
15 0.432559 -9709.278656 0.266190 10481.229529
10 0.605733 5146.565711 1.022174 1395.348837
53
12 0.944606 2288.046647 0.769679 1714.285714
15 0.137458 -14336.829915 0.962203 22543.049914
11 0.570370 4840.000000 1.140741 1466.666667
10 0.458450 592.928924 0.271674 2015.143321
6 0.204825 -36608.557123 0.286755 41770.141102
11 0.278926 -157475.206612 0.278926 160822.314050
7 0.074617 99.489796 0.086097 348.214286
5 0.127500 -208.000000 0.022500 325.000000
61
16 0.322266 3046.875000 0.615234 1875.000000
14 0.283034 8491.033678 1.509517 3585.103109
12 0.323131 7970.556486 1.436136 3518.533944
14 0.570691 2960.859679 0.893256 4287.273772
69
9 0.059700 -15746.360531 0.179101 16892.606558
16 0.269165 -181078.857422 0.346069 183293.701172
3 0.376878 -9438.324989 0.049158 10224.852071
14 0.514904 -223960.966009 0.201484 226378.777318
9 0.860111 11612.742382 0.797784 2747.368421
8 0.709546 2729.900265 0.307755 2809.688581
6 0.389167 -1374.374147 0.143377 3088.757396
5 0.550000 790.000000 0.200000 250.000000
15 1.015856 -225.745767 1.015856 4627.788229
80
11 0.386496 -78763.869483 0.467864 84378.236213
12 0.559767 2788.338192 1.154519 1714.285714
7 0.087464 -812642.128280 0.131195 814478.862974
3 0.437500 -3250.000000 0.062500 4000.000000
3 0.124636 -303650.000000 0.137755 306129.591837
89
15 0.305861 -5149461.066667 0.341250 5151645.066667
13 0.416132 -2941828.840454 0.294239 2943711.968026
12 0.586178 -45619.309322 0.131890 46674.429872
15 0.352496 -17458.659535 0.324741 21355.549583
9 0.010497 1805.511007 0.587841 2074.238227
4 0.037037 214.814815 0.074074 644.444444
11 0.540643 1260.113422 0.415879 3730.434783
10 0.688241 7317.091577 0.869357 3115.197404
7 0.473700 169.178611 0.225571 2447.450572
12 0.119411 -117584.096614 0.358233 121882.895719
15 0.777158 293.099422 0.577317 2708.949207
13 0.222394 -2876333.973480 0.294239 2879158.664838
99
15 0.144083 -2630253.800000 0.341250 2634348.800000
14 0.174107 1671.428571 0.522321 4596.428571
12 0.701823 -240.625000 0.501302 6256.250000
16 0.414361 -4603690.367234 0.580106 4614132.276939
5 0.240000 2010.000000 0.360000 870.000000
108
4 0.118884 -6118.335620 0.029264 6288.065844
8 0.086204 399.804082 0.188082 333.714286
5 0.330000 120.000000 0.270000 3120.000000
15 0.843771 2606.808499 0.962195 8939.532384
15 0.655567 3802.289282 1.311134 3802.289282
17 1.298854 -207775.739319 0.887022 211235.125978
10 0.519200 4744.186047 0.876149 2790.697674
16 0.253278 -2415449.428148 0.301633 2417379.878370
16 0.273762 -2585563.038347 0.315552 2587582.572532
120
16 1.054688 -234.375000 0.820312 1875.000000
14 0.190331 -1003298.131037 0.190331 1005201.436550
13 1.029586 161.538462 0.585799 1615.384615
17 0.525952 -664.359862 0.415225 5647.058824
14 0.649227 -1190.249703 0.649227 8980.975030
13 0.187243 4060.493827 0.534979 2359.259259
12 0.403200 1449.600000 0.316800 2352.000000
16 0.320561 697.220135 0.560982 2556.473829
15 0.024955 -2645.262691 0.499106 5240.614764
14 1.426965 2563.820447 1.037793 2464.758387
5 0.320539 -7584.449741 0.133147 9981.096408
5 0.047500 645.000000 0.202500 3000.000000
4 0.074074 -222.222222 0.111111 2222.222222
131
14 0.241241 -3209279.570072 0.302226 3212180.943642
14 0.265306 4351.020408 1.591837 1857.142857
12 0.131352 654.372753 0.477644 3166.782007
5 0.045000 -27756.000000 0.135000 28620.000000
13 1.043210 1540.740741 0.641975 962.962963
6 0.528000 643.200000 0.192000 624.000000
11 0.292150 -917008.113440 0.175290 919111.595205
6 0.311040 872.640000 0.552960 6868.800000
5 0.116618 -69522.513767 0.349854 74420.472951
14 0.218172 -2495.420453 0.566069 8156.109572
16 0.601052 1602.804909 0.280491 1763.085399
10 0.544218 2993.197279 0.408163 1904.761905
10 0.675000 6255.000000 0.900000 675.000000
15 0.161778 -949456.266667 0.970667 954503.733333
6 0.072476 -383.967648 0.009453 475.193446
5 0.229500 -33678.000000 0.040500 34272.000000
11 0.430155 482.070447 0.266993 906.292440
142
8 0.020152 -755145.226822 0.120910 756354.323032
10 0.000000 3372.992267 0.481856 481.856038
10 0.680272 10632.653061 1.224490 1428.571429
10 0.663265 -821.428571 0.153061 2596.938776
6 0.414571 -5764.974851 0.243865 8691.358025
6 0.292638 -34736.168267 0.073160 35906.721536
3 0.177778 -2389.333333 0.035556 2816.000000
154
8 0.095042 -3428.148609 0.135774 4134.174639
14 0.266350 714.149822 0.216409 1882.758621
12 0.181761 577.596070 0.807827 2572.927947
15 0.571667 4648.000000 1.061667 933.333333
163
11 0.184352 38.777535 0.114426 298.777727
11 0.354996 -36724.267468 0.202855 38347.107438
10 0.074710 838.114883 0.217339 292.049757
7 0.077494 -260787.814179 0.464964 265127.475501
15 0.080923 -1466664.623761 0.309280 1468644.013509
13 0.419514 -942893.525705 0.311210 944885.269225
5 0.000000 4230.000000 0.450000 1170.000000
4 0.421875 4331.250000 0.421875 731.250000
13 0.292349 764.507614 0.207473 833.036668
15 1.260000 5275.666667 0.606667 700.000000
12 0.502884 585.005767 0.202999 470.588235
11 0.227273 5022.727273 0.681818 227.272727
8 0.151510 -19.853061 0.031347 182.857143
8 0.273560 1497.740688 0.307755 871.972318
173
5 0.129090 -16117.751520 0.073765 17445.529677
4 0.312757 -24803.292181 0.032922 25395.884774
12 0.231128 1306.659640 0.538551 3001.749271
7 0.287778 -4987.555556 0.210000 7507.555556
3 0.251252 290.578061 0.174784 1107.692308
15 0.104500 -1353457.222042 0.294785 1356994.637008
10 1.171921 938.726948 0.535396 731.707317
15 0.237595 -1100195.899171 0.294785 1102082.520486
15 0.126751 1491.402364 0.324741 586.938995
12 0.390450 -315.052402 0.269276 1715.285298
12 0.365234 275.000000 0.322266 1787.500000
10 0.294314 -313.330902 0.289786 1168.199027
6 0.060966 -2657.318498 0.048773 3001.981405
5 0.093910 -3175.203062 0.054031 3520.999425
4 0.095027 -1957.885529 0.009945 2036.448462
5 0.184105 -263.006493 0.118353 1209.829868
187
16 0.597597 -7640.698500 0.832367 14299.631271
12 0.076389 152.777778 0.381944 5500.000000
12 0.315104 -1947.916667 0.143229 3666.666667
12 0.295016 -10226.505909 0.331893 10890.291065
5 0.067500 -71891.000000 0.135000 73511.000000
4 0.094474 -12064.732468 0.062983 12820.527774
17 0.238144 -11826.582536 0.384694 13826.989619
16 0.499878 -3066865.806580 0.666504 3074863.853455
4 0.248273 -29404.820345 0.015517 29632.403827
195
16 0.875052 -28329.810535 0.554911 30493.963686
12 0.343750 1787.500000 0.572917 1191.666667
11 0.537190 752.066116 0.371901 1181.818182
4 0.206894 -16833.361670 0.027586 17109.220436
15 0.162130 861.401094 0.274915 568.158169
12 0.572917 592.013889 0.572917 1145.833333
13 0.326612 3107.107438 0.618843 1843.636364
12 0.101499 2760.784314 0.608997 2111.188005
11 0.099593 3874.151200 0.597555 906.292440
8 0.171981 -28773.276182 0.135774 31760.309383
4 0.048850 165.112966 0.117240 215.916955
9 1.086420 -12325.925926 0.691358 20622.222222
12 0.466330 -93590.323200 0.547430 100159.488000
11 0.466979 -90356.280888 0.509432 96469.466590
206
206
