5 0.184105 -85.477110 0.118353 393.194707
4 0.209943 -200.145794 0.055985 345.706371
12 0.674321 -9126606.362471 0.337161 9129303.648184
11 0.807336 1239.609720 0.686553 2330.466274
16 0.000000 -130838.103044 0.662978 135943.036678
10
12 1.099542 0.000000 0.659725 2572.927947
13 0.332876 1545.496113 0.523091 2482.304527
12 0.506880 152.064000 0.337920 2449.920000
3 0.006560 -31098.104956 0.098397 31873.469388
9 0.411357 1034.626039 0.299169 710.526316
8 0.276817 243.598616 0.193772 705.882353
5 1.750000 -34695.000000 0.450000 37035.000000
6 0.231610 -1734.235496 0.014180 1843.422849
18
12 0.608997 -852.595156 0.608997 1766.089965
12 0.792000 -5105.760000 0.475200 5818.560000
15 0.116396 -478194.979865 0.309280 480669.217051
13 0.242052 -13296.732202 0.311210 14292.603962
15 0.092276 1122.928972 0.340712 1125.768236
14 0.303571 1462.500000 0.696429 3900.000000
13 0.538462 -346.153846 0.461538 3900.000000
12 0.163200 567.360000 0.316800 1872.000000
12 0.219908 747.688463 0.879633 1539.358601
14 1.344414 5131.178824 0.896276 1770.144660
29
6 0.099840 -8182.272000 0.207360 9841.152000
3 0.500000 350.000000 0.500000 650.000000
16 0.160280 881.542700 0.280491 1278.236915
15 0.253768 143.801819 0.183277 1267.429761
4 0.139918 -511.111111 0.082305 1992.592593
15 0.312319 -755832.151474 0.255534 756496.539286
15 0.326667 -2460.888889 0.606667 5413.333333
12 0.156250 -450.000000 0.343750 3200.000000
16 0.592856 -71727.659768 0.248617 74048.084147
16 0.792819 -1665505.734729 0.264273 1667972.283660
15 0.766601 -1157444.279188 0.255534 1159829.261076
16 1.389098 -8582.686368 0.373988 9685.950413
16 1.369317 -9111.227112 0.983100 10585.876587
11 0.325926 717.037037 0.651852 977.777778
10 0.450000 -292.500000 0.675000 2047.500000
41
13 0.242052 -16155.252994 0.311210 17151.124754
16 0.104046 -1252234.785747 1.144504 1257104.130336
16 0.321602 -2480.531634 0.587274 3635.502959
8 0.039184 -41998.628571 0.211592 44537.730612
5 0.116618 -1109.167477 0.155491 2975.056689
49
12 0.158400 5163.840000 1.108800 1869.120000
13 0.320988 -663.374486 0.641975 1925.925926
17 0.067474 6614.532872 1.167820 4129.411765
10 0.583090 -32478.134111 0.583090 34903.790087
4 0.146118 -2429.077148 0.029663 2478.515625
10 0.000000 3102.040816 0.816327 1224.489796
61
15 0.048110 -29323.053471 0.962195 33903.102022
14 0.412759 2471.834249 0.707586 896.275777
13 0.320641 -353.333289 0.345789 1999.288003
9 0.532544 3131.360947 0.852071 1384.615385
11 0.543210 -325.925926 0.434568 977.777778
11 0.253961 2046.627433 0.448167 1404.255319
9 0.272189 534.911243 0.189349 923.076923
8 0.227265 -3050.579592 0.047020 3382.857143
5 0.291545 225.461613 0.116618 707.482993
4 0.228516 -309.375000 0.052734 731.250000
4 0.197531 -785.185185 0.246914 2311.111111
12 0.427083 989.583333 0.572917 500.000000
10 0.638183 1592.212006 0.292050 744.186047
9 0.271605 -439.506173 0.172840 888.888889
73
15 0.106419 -79822.048443 0.851350 86377.446750
10 0.028688 -17109.393750 0.106313 17928.000000
2 0.222222 859.259259 0.222222 918.518519
82
3 0.172053 -2064.633591 0.147474 3834.319527
14 0.635586 -91748.598205 0.873931 96293.039154
13 0.414947 -181967.901019 0.311210 185702.420119
11 0.123967 2219.008264 0.557851 681.818182
16 0.374908 -251384.307861 0.874786 252521.530151
11 0.746944 4501.584427 1.045722 1444.092349
15 0.295624 -2813.807004 1.397497 4910.052910
13 0.660099 2557.884298 0.371306 412.561983
4 0.518519 318.518519 0.148148 866.666667
2 0.375000 -325.000000 0.125000 650.000000
93
12 0.506880 7729.920000 0.760320 3674.880000
5 0.207118 -163.721542 0.133147 589.792060
13 1.199008 1704.396694 0.928264 709.090909
10 0.226395 -514.369804 0.163005 1557.598702
9 0.415112 -157.305416 0.152936 1136.094675
8 0.308540 1357.575758 0.308540 617.079890
6 0.082305 806.584362 0.164609 246.913580
5 0.037807 257.088847 0.075614 226.843100
4 0.033241 159.556787 0.066482 265.927978
14 0.156851 -125.481184 0.470554 1631.255386
102
11 0.069531 -681844.727572 0.162239 682477.458436
9 0.131088 -681.656805 0.152936 1476.923077
3 0.393264 -489.940828 0.032772 617.751479
5 0.189000 -49680.000000 0.081000 50814.000000
4 0.164795 -39276.562500 0.046143 39698.437500
11 0.139430 1607.424174 0.796741 3651.063830
15 0.791194 -1540787.733333 0.341250 1541879.733333
13 0.419514 -948902.940239 0.311210 949898.811999
11 0.054170 -1979136.094757 0.257457 1982225.583599
11 0.077498 -2261444.016461 0.293333 2264964.016461
11 0.260741 130.370370 0.391111 651.851852
10 0.443483 800.432666 0.486750 465.116279
10 0.248110 -629.938625 0.501444 1499.107674
4 0.230937 -39.189386 0.167955 1382.825485
3 0.027778 -20501.388889 0.166667 21834.722222
111
13 0.177429 -5642055.826127 0.329512 5643110.263996
11 0.231770 -17911.901235 0.139062 18635.022222
15 0.567567 -322985.287828 0.567567 324631.231991
8 0.497073 -115212.128280 0.161213 118113.959184
121
6 0.172840 4464.197531 0.493827 6400.000000
6 0.159763 5277.514793 0.532544 6438.461538
5 0.185950 4568.181818 0.495868 6340.909091
4 0.333333 288.888889 0.333333 7044.444444
4 0.446977 208.100957 0.175860 249.134948
16 0.483398 -6038.085938 0.922852 8437.500000
12 0.302935 4941.206470 1.346378 659.725115
6 0.416667 -500.000000 0.052083 1333.333333
17 0.512925 -1382440.056992 1.367800 1385996.336251
5 0.045000 -13104.000000 0.135000 15264.000000
3 0.544000 59.733333 0.042667 106.666667
131
8 0.433137 307.754936 0.341950 2325.259516
6 1.020710 -1353.550296 0.221893 3062.130178
6 0.312500 -583.333333 0.104167 1416.666667
6 0.041667 1229.166667 0.208333 375.000000
14 1.260204 3170.408163 0.596939 928.571429
16 0.253278 -13842114.903683 0.301633 13849354.092014
15 0.244250 2295.945476 0.432988 677.237302
14 0.372190 393.103482 0.255216 1359.379489
13 0.191316 -10339549.966977 0.196159 10344257.785907
10 1.231410 -9080.309340 0.481856 10333.135039
14 0.224936 -167887.663593 0.285496 174739.563441
13 0.779597 -17915.632368 0.553262 20792.595230
5 0.291545 -6394.557823 0.291545 8726.919339
3 0.221211 -4370.141102 0.098316 5943.195266
16 0.550964 -4760.330579 0.330579 7933.884298
15 0.326667 -653.333333 0.606667 1866.666667
15 0.408333 2240.000000 0.525000 2800.000000
11 0.321580 -18281.402469 0.069531 18642.962963
13 0.132027 -4748.520710 0.329512 7384.615385
7 0.458075 -3664.602895 0.241092 5593.341260
141
9 0.094114 -13958.460838 0.047057 14050.222331
4 0.141435 -17708.888053 0.026519 18027.117656
14 0.321747 641.884516 0.627406 1993.220339
13 1.031405 -5837.752066 0.206281 6704.132231
15 0.407603 -179247.549461 0.524061 181972.669138
7 0.144655 -5.166263 0.154988 1198.573127
5 0.024657 -19133.722364 0.133147 20198.898660
5 0.414642 -2560.414642 0.310982 3773.242630
4 0.429880 -2540.199471 0.234480 3454.671280
9 0.077449 -311623.480160 0.232347 312076.557137
4 0.216797 -9018.750000 0.158203 9525.000000
16 0.352478 -12122963.409424 0.230713 12124809.112549
10 0.087464 -59755.102041 0.262391 62903.790087
10 0.101250 -44064.000000 0.303750 46494.000000
6 0.137174 -3753.086420 0.109739 5728.395062
153
10 0.027000 -3317267.850000 0.303750 3319697.850000
16 1.755981 -44335.998535 0.499878 46918.701172
12 0.190080 -68652.736000 0.760320 77776.576000
5 0.245000 508.500000 0.105000 300.000000
15 0.748659 -1961066.767448 0.149732 1962264.622251
12 0.253440 304.128000 0.380160 1900.800000
11 0.379716 -455.658749 0.244103 1871.455577
10 0.765306 566.326531 0.153061 612.244898
2 0.247934 -456.198347 0.297521 2836.363636
12 0.053222 -387980.871680 0.190080 389501.511680
8 0.030762 -2260817.871094 0.276855 2263032.714844
165
15 0.925556 -1486.333333 0.707778 4246.666667
12 0.000000 -130521.313280 0.205286 132902.635520
5 0.087478 -9062.231767 0.030875 9432.727870
9 0.194444 -41585.185185 0.064815 43011.111111
7 0.196793 -37302.113703 0.032799 38089.285714
6 0.261120 -179.712000 0.122880 499.200000
4 0.167955 -95885.231083 0.083977 96892.958157
4 0.218750 1250.000000 0.281250 1000.000000
4 0.632812 -183271.875000 0.140625 184959.375000
3 0.291667 -3000.000000 0.083333 4000.000000
13 0.310162 3363.162879 1.244840 3110.003560
16 0.070123 -30734.785875 0.911595 37754.069622
13 0.928264 -23872.793388 0.309421 25079.537190
15 1.065816 771.236359 0.288659 902.983069
4 0.304688 75.000000 0.070312 487.500000
12 0.124679 -3022843.883574 0.268675 3026067.982902
175
5 0.342000 -9619.200000 0.108000 9900.000000
9 0.116021 -38818.376163 0.104419 40384.662487
3 0.437318 -7067.055394 0.052478 7836.734694
12 0.244800 771.360000 0.475200 480.000000
186
11 0.501767 -8755.157393 0.122051 9731.568998
10 0.600324 -1855.056787 0.097350 3023.255814
6 0.056721 -839802.667974 0.113441 840676.166801
5 0.097182 -3317.136378 0.174927 4716.553288
8 0.327239 170.164454 0.392687 1871.808999
5 0.391222 -340.593408 0.138078 1058.601134
9 0.313715 -17522.000864 0.094114 18651.373085
13 0.345789 -24876.683437 0.345789 25326.208884
11 0.199185 -876.414667 0.398370 1394.296062
10 0.100000 1040.000000 0.900000 1300.000000
195
16 1.353358 -11827.837866 0.357491 13686.789931
7 0.213539 89.548567 0.086104 599.286564
13 0.230769 -830.769231 1.384615 3230.769231
4 0.218750 -700.000000 0.281250 1600.000000
14 0.362427 -6111.160714 0.234512 6685.714286
5 0.027444 -616611.826001 0.082332 617270.485740
5 0.060000 -81.000000 0.540000 4320.000000
4 0.141435 -14052.783511 0.026519 14264.936580
4 0.351562 -56.250000 0.210938 1743.750000
14 0.942881 3274.562638 1.148472 209.135306
2 0.250000 -4250.000000 0.125000 5250.000000
14 0.232687 590.766390 0.504155 736.842105
9 0.259259 -3100809.259259 0.194444 3102364.814815
204
204
