7 -0.021862 -199.088198
7 0.023920 -6.000180
7 -0.013416 -169.356084
7 -0.005717 -106.424019
7 0.037391 65.310014
7 -0.114233 -491.621914
7 -0.076663 -1014.771031
7 -0.018106 -113.947280
7 -0.050581 -533.104638
7 -0.064409 -610.201515
7 -0.050920 -425.734237
7 0.167553 174.165049
7 0.000754 2.317976
7 -0.066213 -358.220697
7 -0.124637 -552.321868
7 -0.000633 -285.156713
7 0.004712 5.040969
7 0.033285 77.156362
7 -0.012014 -184.164264
7 -0.017419 -139.216294
7 -0.132510 -654.546374
7 -0.012155 -328.234930
7 0.014242 -362.501737
7 0.038860 -116.015089
7 -0.043427 -383.881481
7 0.024322 152.246305
7 0.024843 83.612470
7 0.004874 157.429001
7 0.001396 -304.401968
7 0.011763 9.842550
7 0.010382 -130.085100
7 -0.001530 -163.168671
7 0.005006 -10.559348
7 0.008551 -0.010614
7 -0.004179 -35.839868
7 0.005609 -114.097660
7 -0.041236 -217.105619
7 0.023246 79.774498
7 -0.005154 -56.957580
7 -0.029775 -249.884887
7 -0.035116 -263.037580
7 -0.018311 -204.520516
7 -0.056331 -1024.622622
7 -0.046744 -289.965365
7 -0.089778 -789.016125
7 0.005645 -27.975104
7 -0.031724 -409.493251
7 -0.005345 -299.174097
7 -0.015331 -374.597699
7 0.008540 -139.473561
7 0.012248 -9.447816
7 -0.068357 -753.806670
7 -0.020906 -137.451496
7 0.156184 401.323091
7 -0.001799 -15.499019
7 -0.009021 -75.271831
7 -0.012563 -138.060046
7 -0.008496 -131.243934
7 -0.021970 -424.015059
7 0.063393 -397.286678
7 -0.012934 -62.697332
7 -0.080505 -272.212354
7 -0.066569 -492.812331
7 -0.001082 -8.538759
7 0.042482 -394.417593
7 -0.008435 -119.535167
7 -0.069370 -320.665379
7 -0.010137 -91.487804
7 -0.081666 -519.080158
7 -0.010303 -93.027675
7 -0.000554 -6.956290
7 0.044182 240.324363
7 0.000217 -11.368683
7 -0.005116 -50.229210
7 -0.048690 -264.115149
7 -0.003759 -267.230147
7 -0.073299 -758.576302
7 -0.011682 -291.261263
7 -0.083121 -750.650221
7 -0.080883 -416.166976
7 -0.012616 -95.267045
7 0.036680 131.443297
7 0.001948 8.587550
7 -0.022484 -520.490440
7 -0.007494 -128.887474
7 0.050698 85.264706
7 -0.070240 -546.641872
7 0.022913 166.098155
7 -0.011876 -58.924455
7 0.039917 -136.120662
7 -0.042940 -236.762791
7 -0.023974 -188.133417
7 -0.012678 -879.478708
7 -0.172463 -1325.604659
7 -0.154643 -691.637688
7 0.098748 64.494364
7 -0.014997 -540.018033
7 -0.004275 -36.353420
7 -0.036712 -310.139474
7 0.025391 -93.280880
7 -0.017983 -129.395836
7 -0.006379 -42.784287
7 0.027586 -214.226762
7 -0.018652 -312.659507
7 -0.056201 -335.070010
7 -0.030241 -195.586368
7 0.016329 72.249483
7 -0.086418 -1352.756477
7 -0.001135 -64.938573
7 0.134331 146.023890
7 -0.008411 -151.810089
7 0.117560 96.697807
7 0.054553 194.618721
7 -0.024272 -173.289248
7 0.083066 -4.173364
7 -0.016016 -97.109324
7 0.111582 -99.482611
7 0.060019 132.841252
7 -0.044710 -1348.551635
7 0.023057 36.053991
7 -0.047809 -380.673786
7 -0.029640 -231.814119
7 -0.001600 -32.491613
7 -0.033042 -242.268784
7 0.147547 370.209820
7 0.133733 433.271472
7 0.008145 -34.830583
7 -0.004987 -69.623881
7 -0.029310 -180.427435
7 -0.029421 -243.357398
7 0.267132 285.511575
7 0.036359 100.257721
7 -0.107058 -977.889020
7 -0.009110 -58.626227
7 -0.009862 -179.191731
7 0.151663 14.787012
7 -0.034782 -339.379905
7 -0.022036 -270.087328
7 -0.007527 -77.517985
7 -0.053663 -330.019038
7 -0.001202 -24.466946
7 -0.038078 -457.475219
7 0.051081 129.735632
7 -0.013965 -71.523076
7 0.053878 65.940700
7 -0.088361 -995.450587
7 0.146020 -521.481946
7 -0.040778 -232.336869
7 0.078173 164.455009
7 0.115146 217.196334
7 -0.020748 -215.466646
7 0.017254 108.054619
7 -0.003203 -826.446302
7 0.000738 -66.986088
7 -0.002429 -122.437814
7 -0.004709 -85.151403
7 -0.098407 -589.751958
7 -0.094236 -528.975872
7 -0.075776 -408.879581
7 -0.044269 -484.645279
7 -0.024466 -292.158076
7 -0.001605 -38.800111
7 0.000002 -44.932315
7 -0.008450 -134.306518
7 0.053644 -22.419544
7 -0.033423 -179.741755
7 0.082736 68.483143
7 0.000996 -42.815827
7 -0.002476 -54.496011
7 0.006715 11.465972
7 -0.001851 -25.525742
7 0.031471 71.423488
7 -0.003521 -73.551557
7 0.002945 -21.448353
7 0.036739 40.719168
7 -0.025722 -454.192397
7 -0.044971 -197.314131
7 -0.033479 -367.579573
7 -0.001315 -14.351191
7 -0.039665 -381.078610
7 0.064841 200.630961
7 -0.163775 -917.525934
7 0.309578 1160.605104
7 -0.089426 -501.769572
7 -0.012701 -608.192738
7 -0.038129 -383.197430
7 -0.032412 -698.183893
7 -0.001830 -453.255420
7 -0.019096 -197.076420
7 -0.075336 -729.351877
7 -0.049602 -257.151283
7 -0.010954 -85.974498
7 -0.025293 -230.328204
7 -0.007845 -105.720559
7 -0.042547 -293.274054
7 0.189880 682.432893
7 -0.014978 -298.845477
7 0.001154 -32.689917
7 0.009021 94.468298
7 -0.049492 -593.151608
7 0.363585 1452.280567
7 -0.001262 -26.615671
7 0.151599 574.886696
7 -0.062080 -728.966526
7 -0.011043 -67.967920
7 -0.046651 -222.581978
7 -0.002282 -77.685587
7 -0.087680 -481.941619
7 -0.030067 -285.704400
7 0.001226 -244.923874
7 0.005396 46.115065
7 -0.002219 -29.591920
7 -0.031824 -268.346626
7 -0.004503 -202.853990
7 -0.015126 -341.722843
7 -0.038965 -803.737207
7 -0.147325 -693.703494
7 0.037649 177.611397
7 0.034375 79.410126
7 -0.029471 -748.933036
7 -0.045985 -368.878421
7 0.117876 91.273248
7 0.022802 -108.871404
7 0.021078 -68.574201
7 0.000176 -86.651231
7 0.001174 -7.366803
7 -0.013588 -81.026876
7 0.060862 295.933110
7 0.074769 78.546513
7 0.001549 4.248878
7 0.011562 -186.259884
7 -0.014866 -126.778103
7 -0.062656 -321.415273
7 -0.133890 -873.853784
7 0.029911 -122.333209
7 0.027629 -221.967740
7 -0.092096 -703.796133
7 0.041663 170.101695
7 -0.024576 -123.858641
7 -0.042767 -438.578264
7 -0.105366 -985.398414
7 -0.030656 -333.319893
7 0.043804 -92.951822
7 -0.028683 -268.166529
7 -0.036121 -270.656584
7 0.193349 -149.099887
7 0.012293 172.321529
7 0.035354 -64.906987
7 0.007693 40.303707
7 0.002040 -18.531520
7 -0.033575 -168.061248
7 -0.054840 -543.616528
7 0.054839 -319.749945
7 -0.022178 -173.808814
7 -0.115351 -1151.419261
7 0.005474 -78.572068
7 -0.009679 -55.284821
7 0.004400 -22.547636
7 0.012965 49.373891
7 -0.067816 -501.247228
7 0.000560 -23.210018
7 0.028668 -587.909024
7 -0.020740 -603.161584
7 -0.016734 -311.324412
7 0.022216 81.835588
7 0.278489 790.874992
7 0.002068 -2.260673
7 -0.170691 -870.503933
7 -0.000196 -21.497482
7 0.013213 -17.708320
7 -0.137550 -1368.842957
7 0.000775 -118.526266
7 0.005971 -7.289442
7 -0.060734 -802.699847
7 -0.020046 -149.810420
7 0.003090 -128.921197
7 -0.013395 -113.475189
7 -0.000115 -8.877817
7 0.061313 94.572110
7 -0.023318 -368.913086
7 -0.048770 -824.059417
7 -0.009553 -62.642594
7 0.011374 30.764216
7 -0.013229 -176.948028
7 -0.041455 -387.519109
7 -0.024884 -364.003327
7 0.015450 -6.885238
7 -0.046440 -371.169379
7 -0.019074 -119.451476
7 -0.018460 -292.783383
7 -0.006999 -301.772372
7 -0.051218 -596.126441
7 -0.011980 -229.713455
7 0.074810 75.774601
7 -0.021698 -269.175305
7 0.146034 366.409645
7 -0.075479 -534.986893
7 0.023808 2.183055
7 -0.082998 -845.775583
7 0.067201 -3.435782
7 -0.014897 -152.847650
7 -0.037574 -543.794282
7 -0.086072 -424.420072
7 -0.023475 -238.739488
7 -0.049911 -270.775592
7 0.027636 239.272483
7 0.173261 258.204516
7 0.011419 -66.931988
7 0.039604 -308.081789
7 -0.039058 -400.994425
7 -0.043181 -360.310211
7 -0.067014 -440.776570
7 -0.003553 -40.825478
7 -0.009864 -101.810221
7 0.086982 164.366927
7 -0.008630 -67.749378
7 -0.065154 -529.138113
7 -0.004590 -31.542404
7 -0.012941 -193.232595
7 0.040597 204.425594
7 -0.008645 -114.210797
7 -0.012777 -157.073037
7 -0.081276 -689.324973
7 -0.003306 -40.204105
7 -0.012243 -115.095945
7 0.029935 195.675725
7 0.025300 -19.844943
7 -0.100226 -615.410239
7 -0.017267 -156.057320
7 0.034919 229.740446
7 0.003506 8.208764
7 -0.013435 -160.213746
7 0.046504 235.601449
7 0.005156 -7.585780
7 -0.061000 -627.528219
7 -0.023629 -237.744031
7 0.038682 25.196774
7 -0.000373 -97.192975
7 -0.017339 -644.537656
7 -0.005064 -126.041371
7 0.126482 754.047185
7 -0.044731 -457.315912
7 -0.039520 -215.757649
7 -0.003849 -32.114031
7 0.004961 -5.530788
7 0.005077 -414.102197
7 0.072757 19.777760
7 -0.056663 -369.936794
7 -0.091180 -854.593195
7 -0.000087 -69.030305
7 -0.085319 -773.103965
7 -0.010003 -93.073523
7 -0.018222 -95.770435
7 -0.048459 -348.990136
7 0.028393 86.105858
7 -0.012350 -109.243034
7 -0.029767 -209.817211
7 0.016681 -11.887126
7 0.002378 4.284524
7 -0.079987 -852.387611
7 -0.030434 -254.241611
7 -0.158325 -1664.283679
7 -0.035483 -368.816013
7 0.006889 50.064108
7 -0.016999 -125.473881
7 0.049829 -39.178899
7 -0.060363 -916.716404
7 -0.002792 -31.936051
7 0.013035 -22.808892
7 -0.173693 -905.673421
7 -0.023001 -125.240527
7 0.083240 74.373925
7 -0.046650 -573.723332
7 -0.021751 -187.931786
7 -0.108204 -1218.325835
7 -0.007803 -297.377320
7 -0.004571 -44.909346
7 0.052998 21.842182
7 -0.002091 -35.108281
7 -0.023925 -164.175940
7 -0.045182 -1140.675031
7 -0.001337 -80.751504
7 0.044144 218.353808
7 -0.024877 -262.679383
7 0.030522 34.029098
7 -0.081390 -404.866891
7 0.000963 -3.751880
7 -0.026138 -148.969754
7 0.017123 93.562083
7 0.010817 -5.848002
7 -0.062991 -420.321818
7 -0.119883 -849.410747
7 0.047136 80.770459
7 0.134831 250.345311
7 -0.077757 -330.646768
7 -0.216965 -1632.599321
7 0.066678 175.522587
7 0.011471 109.853382
7 0.082935 -2255.681820
7 -0.111303 -850.066267
7 -0.072400 -873.364365
7 0.067749 516.479297
7 -0.002173 -14.440189
7 -0.020811 -874.444977
7 -0.015680 -120.806634
7 -0.009964 -73.358069
7 -0.081331 -782.957213
7 -0.032031 -370.274340
7 -0.034871 -511.177441
7 -0.018976 -173.148335
7 -0.016321 -94.136012
8 -0.001900 -15.466696
8 -0.030536 -350.277175
8 -0.207730 -1074.688839
8 0.009688 -324.659288
8 -0.007858 -130.038064
8 -0.115707 -547.918991
8 0.024296 -1244.395553
8 -0.109853 -495.109880
8 0.100418 211.332366
8 -0.027198 -130.248031
8 -0.292365 -2433.355314
8 -0.067781 -380.839382
8 -0.000126 -26.269011
8 0.001268 0.774280
8 -0.001336 -52.905028
8 -0.243777 -2104.584295
8 -0.102708 -965.445825
8 0.063790 -212.191495
8 -0.012034 -357.041761
8 0.015835 -20.043081
8 0.005466 -26.043511
8 -0.015267 -92.086203
8 -0.027476 -195.003711
8 0.060152 -253.400473
8 -0.041094 -694.188193
8 -0.120153 -577.151648
8 0.023942 -136.211192
8 -0.057897 -1918.129961
8 0.051202 -227.909238
8 -0.270694 -1099.195017
8 -0.097040 -691.044674
8 0.027488 -328.549098
8 -0.015446 -109.656386
8 -0.045616 -554.839646
8 -0.038816 -213.337957
8 0.029062 59.090154
8 0.048417 356.388553
8 -0.115028 -962.482838
8 -0.058956 -359.659701
8 0.125827 -53.963757
8 -0.004544 -439.992360
8 -0.061273 -444.170736
8 -0.002818 -24.192285
8 0.200555 269.558136
8 -0.081670 -677.294572
8 -0.079526 -757.165614
8 -0.002250 -464.728838
8 -0.072168 -748.274510
8 -0.019751 -110.449571
8 -0.125097 -735.634356
8 -0.102824 -969.607627
8 -0.033524 -293.329431
8 0.003106 -56.949647
8 -0.006010 -96.030937
8 -0.027305 -221.953983
8 0.025348 9.790679
8 -0.016613 -230.051155
8 -0.005186 -402.410962
8 -0.003783 -724.792111
8 0.024053 14.286504
8 0.085955 327.564320
8 -0.195053 -2467.443660
8 0.016370 -17.616523
8 -0.056881 -1597.371450
8 0.053487 70.376315
8 0.191523 187.319137
8 0.020119 159.528140
8 -0.060557 -464.464665
8 0.075360 -315.134621
8 -0.091791 -2027.492295
8 -0.000288 -299.293649
8 -0.015521 -350.016147
8 -0.057060 -295.331479
8 -0.098603 -1070.562758
8 -0.039718 -949.251363
8 0.110410 -1883.353705
8 -0.099850 -688.355817
8 -0.029253 -145.526568
8 -0.040870 -582.854577
8 -0.050270 -344.238185
8 -0.050339 -342.445289
8 -0.019488 -221.369310
8 -0.073050 -454.500025
8 -0.067683 -439.027349
8 -0.062466 -419.153085
8 -0.020729 -147.598950
8 -0.082735 -236.148299
8 0.222482 439.285088
8 0.195021 170.496651
8 -0.047454 -279.539748
8 0.251907 101.864841
8 0.164254 -397.165003
8 -0.009828 -164.226147
8 -0.001417 -21.682564
8 -0.016753 -177.320517
8 -0.003288 -373.349296
8 -0.149219 -604.631062
8 -0.062495 -499.779639
8 -0.180845 -853.673077
8 0.020574 29.992658
8 -0.084352 -4136.158402
8 -0.045616 -520.495650
8 -0.050754 -513.559421
8 -0.069514 -317.962691
8 -0.001406 -690.956364
8 -0.023110 -632.852124
8 0.198348 1039.108288
8 -0.052092 -483.805617
8 0.108924 -325.655555
8 -0.090986 -668.054724
8 -0.005718 -1024.255574
8 -0.058626 -1127.216418
8 -0.022123 -185.611595
8 -0.045335 -398.896536
8 0.030054 -231.177902
8 0.020647 -65.275539
8 0.067803 -46.616163
8 -0.003873 -1026.143580
8 -0.069051 -327.754334
8 -0.038753 -288.054933
8 -0.012886 -175.119589
8 -0.075815 -296.496637
8 -0.110887 -970.396650
8 -0.084402 -407.230212
8 -0.002659 -81.858822
8 -0.008994 -134.398545
8 0.001738 -172.418165
8 0.006029 -4.691567
8 -0.110685 -466.402217
8 0.010618 25.255144
8 0.029014 -1.690161
8 -0.026274 -214.027982
8 0.116885 -783.124682
8 -0.005865 -525.753773
8 0.025454 -218.957372
8 -0.035206 -372.122466
8 -0.014484 -318.378757
8 0.180379 -347.346531
8 0.007633 2.812653
8 0.024531 -42.140880
8 0.002044 -5.231721
8 0.089351 -170.991445
8 -0.122725 -877.715468
8 0.030087 -111.113323
8 0.038278 90.452237
8 -0.064178 -589.042999
8 -0.074927 -671.437269
8 -0.010489 -71.566963
8 -0.043083 -336.183977
8 -0.027031 -468.378991
8 -0.040478 -273.935176
8 0.025225 -172.940945
8 -0.101091 -1189.629858
8 -0.016779 -77.186268
8 0.070163 45.040223
8 0.099535 -11.103063
8 -0.084035 -503.782168
8 0.005664 -2.189686
8 0.061395 -19.394639
8 0.007302 -67.477779
8 0.012690 13.532927
8 0.036782 37.620762
8 -0.056723 -262.696511
8 -0.052556 -244.678081
8 0.176736 -21.771165
8 0.015771 22.982172
8 -0.067226 -802.521793
8 -0.053721 -731.092856
8 -0.077192 -996.550083
8 -0.081660 -1091.461899
8 -0.120210 -1379.627413
8 0.103143 -581.793260
8 -0.007230 -167.904176
8 -0.111594 -513.635086
8 -0.005558 -41.499390
8 -0.004036 -223.942238
8 0.031130 -61.473974
8 0.018785 -39.693934
8 0.072873 -91.650436
8 -0.298099 -2341.820775
8 -0.132671 -698.430865
8 -0.010668 -391.201368
8 0.006571 -132.412477
8 0.226414 -205.116732
8 -0.052677 -1041.101202
8 0.102333 96.923012
8 0.069145 -98.468782
8 0.011082 1.284838
8 -0.008552 -104.971783
8 0.008084 44.981359
8 0.015980 -38.938095
8 -0.033467 -191.629679
8 0.004005 -87.126782
8 -0.160278 -1227.544028
8 -0.245634 -1401.711037
8 -0.114297 -1144.789638
8 -0.083531 -1000.459876
8 -0.320507 -1952.007682
8 -0.086070 -695.826520
8 -0.030978 -536.738363
8 0.120317 -799.537658
8 -0.025864 -359.513062
8 0.013779 128.551659
8 -0.008633 -113.900745
8 -0.002560 -30.972308
8 0.018072 4.810090
8 -0.022990 -310.228400
8 -0.003488 -92.595073
8 0.013618 1.506505
8 -0.035881 -275.711154
8 -0.035679 -277.912502
8 -0.044123 -472.191633
8 -0.083442 -837.499422
8 0.255958 1333.218011
8 -0.037015 -154.180004
8 0.240295 531.402534
8 -0.078332 -1132.190034
8 -0.045580 -266.316436
8 0.024756 62.847356
8 0.155911 103.448588
8 0.010405 92.219689
8 -0.035684 -322.035659
8 0.164438 89.101599
8 -0.035025 -201.357821
8 -0.105824 -696.848420
8 -0.002852 -18.956222
8 -0.056260 -422.814360
8 -0.024254 -207.719140
8 -0.056533 -428.147336
8 -0.032740 -344.151485
8 -0.007410 -71.393766
8 0.003644 -30.628937
8 -0.055685 -327.958567
8 0.002912 -73.577035
8 -0.009208 -76.085237
8 -0.046383 -413.469791
8 0.042818 -108.337877
8 -0.063939 -711.566296
8 0.149087 145.103483
8 -0.102924 -1051.151275
8 -0.018969 -192.369996
8 -0.181684 -1034.263576
8 0.020693 -270.488532
8 0.017337 35.895725
8 -0.093874 -1033.284878
8 -0.026874 -448.881618
8 -0.025310 -419.887423
8 -0.017455 -109.908285
8 -0.003904 -95.288359
8 0.007804 -16.044151
8 -0.290912 -2022.738504
8 -0.001409 -13.337282
8 -0.016099 -328.001322
8 0.001099 -12.357716
8 0.057365 123.076084
8 -0.045398 -299.371721
8 -0.394029 -3290.227479
8 -0.072467 -817.310277
8 0.032366 125.624751
8 -0.186828 -1750.328943
8 0.008186 -5.993240
8 0.036897 102.335149
8 0.126275 6.451281
8 -0.002862 -97.533720
8 0.123226 -215.615764
8 -0.011777 -372.268966
8 -0.081694 -408.570941
8 -0.078926 -604.703012
8 -0.078546 -443.651487
8 -0.010237 -106.230721
8 0.027473 36.928328
8 0.012089 -4.496827
8 -0.114182 -1045.005704
8 -0.108760 -1282.864939
8 -0.001475 -113.995059
8 0.062674 -73.276377
8 -0.039530 -713.075749
8 -0.167016 -1082.746679
8 -0.019895 -658.368421
8 -0.035345 -431.926831
8 0.006197 33.417948
8 0.151622 445.730162
8 -0.049794 -544.058735
8 -0.035210 -245.991881
8 -0.059014 -277.461847
8 0.001124 -462.506533
8 -0.028265 -213.699479
8 -0.125581 -512.982387
8 0.051495 -94.111176
8 -0.038864 -281.360619
8 0.014115 14.999624
8 -0.026746 -209.241228
8 -0.024641 -210.841165
8 -0.075956 -565.970520
8 -0.078866 -1051.579832
8 0.004621 -132.918858
8 -0.021860 -526.927850
8 0.057538 176.866160
8 0.173810 -274.883049
8 -0.119990 -704.326031
8 0.125443 -786.365056
8 -0.060521 -329.935826
8 -0.052615 -714.164521
8 -0.007979 -99.512238
8 0.066789 119.030995
8 -0.187147 -838.078295
8 0.074324 -376.561564
8 -0.015047 -438.575667
8 0.069451 25.826453
8 -0.074575 -584.122678
8 0.012200 -1.466468
8 -0.060214 -367.211999
8 0.040213 3.161232
8 -0.186409 -2155.716071
8 -0.038008 -480.457368
8 0.032804 -144.649669
8 -0.086092 -514.780454
8 0.069282 9.462365
8 0.002511 -15.462920
8 0.022207 -485.259147
8 -0.075314 -882.294558
8 -0.023051 -249.615239
8 -0.124158 -983.297385
8 -0.047442 -387.372797
8 -0.046924 -479.824364
8 0.065595 -455.654539
8 0.013638 -13.961133
8 0.008915 -28.549823
8 0.009598 -42.363186
8 0.274540 316.032865
8 -0.066558 -600.432423
8 0.025500 -115.330157
8 0.049935 154.189812
8 -0.181632 -1693.381581
8 -0.031501 -280.109166
8 -0.003268 -299.257622
8 -0.010016 -156.954513
8 0.004108 18.880233
8 -0.024481 -276.450560
8 -0.004611 -30.172250
8 -0.138620 -774.405710
8 -0.124082 -733.105923
8 0.006214 2.728414
8 -0.120631 -1317.555385
8 0.105152 -471.801918
8 -0.016078 -150.948182
8 -0.024780 -565.104342
8 -0.056829 -438.057324
8 -0.029570 -208.911570
8 -0.095594 -1104.998124
8 -0.036564 -634.006785
8 0.018061 41.079955
8 -0.111445 -544.232790
8 0.026446 -251.798267
8 -0.028015 -154.504662
8 -0.044075 -1074.389246
8 0.050704 86.806519
8 0.118212 428.574914
8 -0.022655 -551.442779
8 0.076637 -427.244301
8 -0.080186 -1510.100664
8 0.012484 33.475765
8 -0.010619 -393.236385
8 0.001629 -9.942755
8 -0.006849 -55.145676
8 -0.025322 -235.407953
8 -0.108608 -1130.210956
8 -0.016444 -168.433515
8 0.001313 -24.295529
8 -0.004453 -71.950676
8 -0.043872 -1468.136650
8 0.056731 7.046904
8 -0.009774 -169.579978
8 -0.087783 -909.167841
8 0.000457 -8.221181
8 -0.011953 -108.736787
8 -0.015139 -132.653455
8 0.000195 -0.647371
8 0.084868 181.117377
8 -0.007820 -481.479719
8 -0.024804 -142.741835
8 0.306693 691.445977
8 0.106783 367.247013
8 0.098211 313.641670
8 0.197757 303.934502
8 -0.119281 -803.939227
8 0.066325 30.620976
8 -0.071312 -567.255458
8 0.138916 71.337353
8 0.031395 -328.775839
8 -0.026369 -218.734976
8 0.018202 63.903778
8 -0.015308 -481.453367
8 0.086487 45.413692
8 -0.020655 -150.287703
8 0.139775 207.386216
8 -0.019552 -206.337313
8 -0.032754 -277.654303
8 -0.087066 -594.026744
8 0.023457 -75.531277
8 -0.068811 -572.551095
8 0.058664 102.291887
8 -0.015068 -193.123481
8 -0.090251 -835.041082
8 -0.063688 -379.837000
8 0.035342 -126.284725
8 0.038222 229.709838
8 -0.009021 -56.786827
8 0.004369 19.132108
8 -0.159384 -1727.930877
8 0.002474 -46.941821
8 -0.049372 -429.367389
8 0.089156 319.850102
8 -0.032815 -485.191301
8 0.035473 -28.435234
8 -0.009225 -242.579434
8 -0.046485 -926.638869
8 -0.070341 -823.635494
8 0.021848 -644.359703
8 -0.000191 -486.783127
8 0.002255 -0.818314
8 0.020287 5.982512
8 0.173892 -261.634929
8 0.287890 -164.295540
8 -0.009833 -713.339828
8 -0.080983 -1404.694481
8 -0.120333 -610.976096
8 -0.098972 -683.549400
8 0.016874 -21.239163
8 0.182261 -113.645402
8 -0.056930 -873.195012
8 0.290612 972.829348
8 -0.039743 -534.991923
8 0.008731 -2.057167
8 -0.048046 -621.562838
8 0.008520 -106.661408
8 -0.005234 -1034.655171
8 -0.000742 -11.504849
8 -0.337819 -2524.688389
8 0.002778 -31.320763
8 0.028008 16.476323
8 -0.049974 -482.654580
8 -0.091001 -1110.271909
8 0.004973 -498.625523
8 -0.023462 -96.456508
8 -0.046268 -341.282034
8 0.005647 -110.899197
8 -0.030721 -361.088103
8 -0.003403 -705.684929
8 0.056255 76.210530
8 0.048113 231.944588
8 -0.074613 -513.593259
8 0.009705 -275.079321
8 -0.001038 -74.784035
8 -0.079856 -762.206066
8 -0.012655 -79.839005
8 -0.060168 -1194.027607
8 0.009425 -222.825663
8 -0.086917 -560.618858
8 -0.052970 -542.715358
8 -0.106058 -1710.589931
8 -0.113450 -898.491710
8 -0.055695 -409.296268
8 -0.101631 -464.108282
8 -0.065214 -1028.646950
8 0.004689 -180.146731
8 0.074058 -99.420923
8 -0.019751 -114.007081
8 -0.056529 -562.999827
8 -0.242438 -1652.539883
8 0.022948 -370.783450
8 0.017964 93.948381
8 -0.006874 -64.640931
8 -0.022008 -332.527187
8 0.011719 26.080914
8 -0.029898 -406.315900
8 0.065711 -236.808764
8 -0.025884 -127.709677
8 -0.016171 -101.442644
8 -0.037500 -274.976850
8 -0.069983 -521.636105
8 -0.019313 -236.516337
8 0.026378 50.273967
8 -0.025043 -496.016805
8 -0.036314 -258.717966
8 -0.007017 -79.592177
8 -0.073000 -720.260127
8 0.131763 698.367149
8 -0.013580 -113.301865
8 0.048479 51.728851
8 -0.012249 -169.971952
8 0.035571 -201.947619
8 -0.098102 -1297.615127
8 0.001306 -128.115816
8 -0.006880 -57.005009
8 -0.021058 -215.499335
8 -0.001465 -154.155638
8 -0.014564 -117.616896
8 -0.242357 -3874.335101
8 0.087544 130.672103
8 -0.074267 -504.665537
8 0.016116 -68.078791
8 -0.019252 -567.433462
8 -0.024377 -261.948301
8 -0.002065 -2081.188237
8 -0.063164 -340.188174
8 0.004797 -21.035995
8 -0.121487 -1082.363819
8 0.005533 18.658687
8 -0.020201 -525.430233
8 -0.019548 -161.141353
8 -0.024434 -191.472567
8 -0.125500 -1024.553754
8 -0.064127 -730.549345
8 -0.092785 -449.762339
8 0.018047 -7.529172
8 0.005630 -91.259305
8 0.221263 -121.005210
8 -0.552841 -1964.472826
8 0.173951 104.047348
8 0.001034 -278.849875
8 0.026812 -1069.347299
8 0.051583 -900.990114
8 -0.005780 -53.769815
8 -0.005404 -251.076430
8 -0.043212 -351.276342
8 0.031974 -148.863761
8 -0.018220 -161.207736
8 -0.013194 -187.402418
8 -0.002796 -628.032467
8 -0.046682 -399.588203
8 0.039171 -298.565221
8 0.032767 69.749415
8 -0.032594 -175.000632
8 -0.033534 -269.304461
8 -0.000857 -222.868014
8 0.016136 -167.356779
8 -0.147511 -855.150693
8 -0.134145 -921.012956
8 -0.061607 -557.784033
8 -0.007934 -51.913298
8 -0.107713 -738.305178
8 -0.086521 -871.519960
8 -0.039313 -309.508569
8 0.162395 -301.743513
8 -0.004196 -99.000603
8 -0.041137 -445.736760
8 -0.010745 -64.385340
8 -0.117431 -1246.097795
8 -0.117472 -553.481305
8 0.051040 -48.416823
8 -0.027165 -221.105979
8 0.006039 -149.315941
8 0.029183 118.023822
8 -0.002900 -20.554346
8 -0.072628 -953.878539
8 -0.085357 -727.619875
8 -0.043755 -263.529704
8 -0.003686 -318.411842
8 -0.000995 -171.232207
8 -0.006213 -717.763080
8 -0.001312 -254.849367
8 -0.026514 -202.409312
8 0.055353 -130.894723
8 -0.039334 -563.456951
8 -0.108747 -958.995091
8 -0.033867 -216.028394
9 -0.139333 -1362.734207
9 -0.053090 -289.677635
9 -0.160345 -799.680947
9 -0.127920 -951.721408
9 -0.138642 -1770.381756
9 -0.028583 -357.356828
9 0.006969 -213.381966
9 0.325322 -1516.938224
9 -0.139056 -700.627874
9 -0.262332 -1299.500922
9 0.262969 -1050.263489
9 -0.083411 -895.409828
9 -0.010684 -125.519883
9 -0.250291 -1455.864850
9 -0.039368 -378.660376
9 0.078455 -815.606022
9 0.047434 -152.616079
9 0.095569 -61.687214
9 -0.046886 -379.939391
9 -0.103024 -1078.505646
9 -0.163287 -787.710684
9 -0.155862 -799.980709
9 0.020508 -441.852178
9 -0.329562 -2787.815483
9 -0.033841 -295.406333
9 -0.037387 -324.770591
9 -0.128036 -579.297367
9 0.037845 -496.726442
9 -0.004577 -82.829113
9 -0.043146 -1026.863379
9 -0.042928 -355.617834
9 0.024326 -50.687371
9 -0.041069 -856.335460
9 -0.055016 -285.155152
9 -0.082407 -671.409998
9 0.004954 4.280035
9 0.141401 -297.690889
9 -0.055080 -265.458789
9 -0.011446 -462.743204
9 -0.031209 -311.462462
9 -0.327186 -1269.142559
9 -0.245080 -1813.793612
9 -0.007696 -1045.210395
9 -0.037278 -186.483702
9 -0.020804 -517.914773
9 -0.014007 -224.392109
9 -0.028394 -346.496372
9 -0.054296 -597.792603
9 -0.180438 -1610.010816
9 -0.154177 -1540.297669
9 -0.090778 -545.506120
9 -0.080117 -546.046524
9 -0.035253 -170.440703
9 -0.286404 -3422.122776
9 -0.297931 -1433.907352
9 0.192489 -2.880494
9 0.040198 -250.931964
9 0.026610 -292.698461
9 -0.208870 -1093.750467
9 -0.068184 -1459.018716
9 0.045574 -2.548941
9 -0.279683 -2620.679730
9 -0.214044 -1521.146542
9 -0.185165 -784.199924
9 0.000851 -357.091681
9 0.111144 2012.245618
9 0.270175 4132.322569
9 -0.115418 -1024.609477
9 0.030467 -157.614203
9 -0.123042 -568.489067
9 -0.006963 -927.715673
9 -0.109157 -1134.228570
9 0.342718 -327.440845
9 -0.073610 -543.595422
9 -0.097941 -1387.205783
9 0.008720 -13.366684
9 -0.024143 -285.223170
9 -0.002963 -19.100600
9 -0.131464 -812.135779
9 -0.196990 -1261.553683
9 -0.000950 -11.705287
9 0.023358 -66.521364
9 -0.006537 -1218.197095
9 -0.066384 -811.262083
9 -0.482926 -3317.673967
9 -0.071456 -341.182990
9 -0.130851 -940.157358
9 -0.010405 -76.494899
9 0.109658 -537.035496
9 -0.105066 -1007.102774
9 0.049232 58.239155
9 -0.007397 -90.699618
9 0.022816 -563.554988
9 0.021688 -142.373734
9 0.065112 48.904733
9 -0.109482 -1133.804809
9 -0.071505 -725.997440
9 -0.129595 -1482.535467
9 -0.047916 -439.898399
9 0.178633 -406.985411
9 -0.091754 -1555.425051
9 0.035351 -575.007929
9 -0.161665 -2329.292620
9 0.150971 -994.727866
9 0.101565 -161.292740
9 0.216033 -114.055937
9 -0.062413 -774.556762
9 0.401650 206.215720
9 0.236518 -2694.890147
9 -0.197854 -1617.855457
9 -0.034370 -213.691212
9 0.145878 -713.991215
9 -0.043315 -329.196944
9 -0.015869 -532.587727
9 0.165566 -913.276806
9 -0.025016 -157.313940
9 -0.121363 -1831.179384
9 -0.007140 -98.796461
9 -0.140370 -1376.820514
9 -0.112462 -1011.438501
9 0.101695 213.721439
9 -0.023517 -618.377460
9 -0.208464 -1633.950903
9 -0.074542 -442.507577
9 -0.161131 -2133.417439
9 -0.253856 -1574.117699
9 -0.010348 -69.557813
9 -0.252242 -1135.843375
9 -0.058293 -468.838861
9 -0.035773 -439.850329
9 -0.168331 -915.807330
9 0.143981 -390.355971
9 -0.155497 -1150.968243
9 0.259859 -462.591079
9 -0.054637 -1611.481195
9 0.069742 -1273.249836
9 -0.409005 -1744.080981
9 -0.065829 -216.270510
9 -0.009478 -1013.475695
9 0.095515 -775.348039
9 0.015950 -374.211116
9 -0.079847 -468.823657
9 -0.014062 -113.429503
9 0.033206 -3117.465173
9 -0.106240 -1853.326122
9 0.015886 -158.667980
9 0.242255 -984.278649
9 -0.019310 -337.084617
9 -0.033263 -248.719104
9 0.011536 88.847631
9 0.270816 78.164515
9 0.000664 -95.361597
9 -0.089638 -780.169277
9 -0.079056 -605.802515
9 0.029480 -636.420803
9 0.043026 -43.455565
9 -0.227040 -1388.262665
9 -0.020802 -210.590569
9 -0.047388 -2101.422285
9 0.006657 45.033658
9 0.038052 -63.063951
9 -0.009602 -489.525166
9 -0.025395 -2130.525604
9 -0.204467 -1930.056310
9 -0.036276 -1312.168012
9 -0.162914 -809.923666
9 -0.065247 -627.173100
9 -0.044214 -829.169633
9 0.080385 -42.920299
9 -0.079199 -560.471919
9 -0.137695 -1251.846206
9 0.068768 238.709169
9 0.087963 2.893689
9 -0.058209 -683.251164
9 -0.089070 -1028.959348
9 -0.046943 -991.419321
9 -0.102773 -1558.193555
9 -0.028574 -188.607234
9 0.163580 -336.081735
9 -0.268688 -1902.063428
9 -0.195181 -3785.612012
9 -0.029762 -1133.200966
9 0.023505 -375.871218
9 -0.186499 -2047.301775
9 -0.041242 -502.110067
9 -0.125580 -1721.583259
9 -0.209216 -1927.770710
9 0.024307 -3.532784
9 0.042247 -187.567744
9 0.040189 -150.476018
9 0.348140 -704.814182
9 -0.021095 -338.063540
9 0.012430 -168.169080
9 -0.029222 -1163.462790
9 -0.112318 -1490.128723
9 -0.085849 -589.344906
9 -0.178023 -1026.725007
9 -0.001942 -61.888203
9 -0.139602 -934.879019
9 -0.084297 -654.577376
9 0.015213 -971.118960
9 -0.173647 -1432.920355
9 -0.089987 -756.100757
9 -0.106247 -832.168142
9 0.293988 -1766.146019
9 -0.174058 -3918.230884
9 -0.018708 -490.586397
9 -0.086385 -492.312438
9 -0.142238 -786.798879
9 0.002508 -2903.511773
9 0.065870 -961.837978
9 0.065581 84.068984
9 -0.025504 -146.177526
9 0.079732 -904.220789
9 -0.073250 -312.358663
9 0.081934 176.955199
9 0.149921 -310.566037
9 -0.024942 -1005.100880
9 -0.026895 -168.121214
9 0.007879 -4.704750
9 -0.118544 -1270.320703
9 -0.237241 -1586.640643
9 0.089860 -862.999264
9 -0.126428 -2485.515620
9 -0.344172 -1494.519497
9 -0.000118 -14.937347
9 -0.061706 -829.449204
9 0.077100 -1178.574189
9 -0.012537 -139.610523
9 -0.087689 -1969.474030
9 -0.049299 -368.392400
9 0.155360 1.259977
9 -0.028991 -158.542342
9 -0.099051 -753.053325
9 0.167792 -709.108581
9 0.144743 133.646907
9 -0.150975 -920.463494
9 0.087160 -299.366317
9 0.102333 -322.614799
9 0.015550 -1026.280084
9 -0.022822 -416.568094
9 -0.050156 -779.117699
9 0.060837 66.323258
9 -0.212416 -1993.545052
9 -0.064105 -590.847890
9 0.001417 -2.818894
9 0.021159 -294.748906
9 0.007035 -1148.864848
9 0.028994 176.137954
9 -0.010591 -206.859581
9 -0.012533 -375.122704
9 -0.330739 -3725.804254
9 -0.210965 -1524.450818
9 -0.079996 -816.737249
9 -0.258443 -2566.799987
9 -0.159823 -593.280255
9 -0.054623 -1503.111045
9 -0.056718 -766.079695
9 -0.076394 -822.204094
9 -0.082703 -819.624723
9 0.034944 -91.964916
9 0.085092 -757.361653
9 -0.097369 -1441.896208
9 -0.076953 -749.763808
9 -0.038192 -235.760529
9 -0.126738 -953.522662
9 -0.032226 -420.435988
9 -0.166544 -1163.652317
9 -0.017124 -113.169140
9 0.029473 -527.834536
9 -0.179064 -1590.809889
9 0.097004 -86.673689
9 0.159071 1032.702893
9 -0.037001 -409.854591
9 0.016635 47.995815
9 -0.000151 -93.426162
9 -0.090113 -434.379559
9 -0.138371 -1827.128944
9 -0.055209 -1910.691417
9 0.013396 -302.125400
9 -0.092185 -727.986667
9 -0.080579 -655.432463
9 0.071000 -1294.107294
9 -0.142215 -1022.125067
9 -0.051379 -1204.836636
9 -0.118462 -963.131834
9 -0.034226 -269.990049
9 -0.096690 -1095.616854
9 -0.037316 -255.237301
9 -0.028074 -593.720918
9 -0.004957 -254.939524
9 -0.238986 -3448.361329
9 -0.039813 -521.500827
9 -0.017099 -266.638487
9 -0.064076 -345.687236
9 -0.031791 -185.221158
9 -0.042164 -614.159060
9 -0.032330 -203.076546
9 0.017322 -947.693010
9 -0.025178 -131.365236
9 -0.317096 -2483.687280
9 0.007908 -1472.792762
9 0.034381 128.740225
9 -0.126709 -2568.409598
9 -0.140158 -1113.007171
9 -0.099258 -1139.168407
9 0.157983 -430.586979
9 -0.024263 -192.554552
9 0.081256 -2114.730830
9 -0.028180 -166.928509
9 -0.059736 -1245.550377
9 -0.091914 -464.665117
9 0.288211 237.341124
9 0.026668 -819.732872
9 0.237273 -532.899558
9 0.198852 -17.181385
9 -0.264184 -1231.440746
9 0.020629 -1120.294846
9 0.008473 17.269381
9 0.029209 -198.355862
9 0.011740 -41.725930
9 -0.059794 -679.717127
9 -0.109581 -851.316260
9 -0.101879 -788.221126
9 -0.085032 -851.266621
9 -0.034938 -445.391706
9 -0.020415 -554.117354
9 -0.033078 -584.288170
9 0.007469 -442.286196
9 -0.001071 -117.815972
9 0.065955 -39.836728
9 -0.007897 -79.573936
9 0.284778 -1112.388216
9 -0.094306 -681.587170
9 -0.036117 -781.427192
9 -0.034294 -154.837295
9 0.174023 221.469966
9 -0.146613 -1831.837985
9 -0.003340 -39.194580
9 0.221317 1331.578040
9 0.015785 -43.154233
9 0.065706 -794.626648
9 -0.138622 -1963.067801
9 -0.019042 -397.763548
9 -0.071279 -430.048735
9 -0.157437 -2112.820174
9 -0.155828 -815.750395
9 -0.181454 -1667.728303
9 0.040511 8.416865
9 -0.065300 -685.010885
9 -0.050757 -280.451312
9 0.018183 88.671176
9 -0.203393 -1476.736837
9 -0.165936 -1570.642049
9 -0.047602 -346.661123
9 -0.178511 -2947.550708
9 -0.010331 -176.801201
9 -0.011485 -725.754596
9 -0.055745 -333.330411
9 -0.041983 -382.555797
9 -0.065348 -1154.725268
9 -0.094082 -461.633327
9 -0.080710 -625.619628
9 -0.082014 -544.252906
9 -0.045915 -446.136764
9 -0.117629 -1707.467231
9 -0.063706 -378.509822
9 -0.111112 -646.019958
9 -0.075407 -726.572811
9 -0.051055 -482.329597
9 -0.012810 -74.829161
9 -0.262881 -1961.693330
9 -0.019175 -228.797146
9 0.012623 -116.536662
9 -0.017211 -302.943660
9 -0.067537 -570.253905
9 -0.046241 -452.706203
9 0.035935 -186.530444
9 -0.127110 -764.782856
9 -0.002599 -293.717360
9 -0.214112 -2106.854085
9 -0.147997 -1101.216722
9 -0.094986 -962.611583
9 0.004511 -79.783277
9 -0.057315 -657.872711
9 -0.021000 -294.539963
9 0.026978 73.374457
9 -0.052554 -451.209130
9 -0.059492 -364.007185
9 -0.101836 -602.920279
9 -0.029193 -208.606774
9 -0.027629 -2029.541483
9 -0.194379 -1298.317449
9 0.034637 -28.226840
9 -0.111125 -586.173543
9 0.003133 -462.477043
9 -0.023213 -325.951481
9 -0.005876 -146.854861
9 -0.316392 -3280.266461
9 -0.119978 -1189.514035
9 -0.143645 -1218.004427
9 0.120004 318.706011
9 0.035558 50.736099
9 -0.298317 -2425.398589
9 0.184977 -640.954999
9 -0.091834 -662.719615
9 -0.019864 -313.828435
9 -0.053886 -307.216995
9 0.048456 -1086.262595
9 -0.090648 -683.180196
9 -0.025820 -214.127707
9 -0.069504 -694.651654
9 -0.099187 -1216.266969
9 -0.072488 -820.394048
9 -0.115476 -802.009208
9 -0.128111 -736.063787
9 -0.186076 -2768.421067
9 -0.158992 -1248.511304
9 -0.048335 -366.642842
9 -0.024868 -394.675037
9 -0.067575 -722.494280
9 0.098201 -1048.719532
9 -0.249470 -1900.468963
9 -0.065443 -325.233829
9 -0.017037 -2191.397504
9 -0.052084 -255.704203
9 -0.041490 -284.544394
9 -0.087215 -1247.613745
9 -0.084015 -706.312874
9 -0.085666 -1042.754747
9 -0.119410 -2764.405617
9 0.062210 22.787953
9 -0.055272 -584.344252
9 -0.197991 -3550.766772
9 -0.040268 -446.237708
9 -0.007698 -72.417852
9 0.007865 -58.386033
9 -0.023111 -402.982146
9 -0.026815 -360.764199
9 -0.039010 -380.429469
9 -0.030296 -315.459861
9 -0.080982 -633.351996
9 -0.106999 -743.729480
9 -0.098879 -792.889292
9 -0.041993 -297.798671
9 0.017066 15.595316
9 -0.141022 -652.040048
9 -0.077510 -601.263296
9 0.006915 -17.492992
9 0.026487 -373.441954
9 -0.159160 -2627.117048
9 0.073361 792.480887
9 0.154396 -708.535776
9 -0.142792 -706.416678
9 0.237105 -221.323338
9 0.163950 -1292.746896
9 -0.078689 -406.042015
9 0.097088 164.148085
9 0.249858 -789.827278
9 -0.537036 -3033.893972
9 -0.005340 -785.348418
9 -0.003541 -2176.677359
9 -0.124118 -707.847303
9 -0.081956 -522.475418
9 -0.069743 -642.842382
9 -0.075552 -630.769439
9 -0.037427 -871.961891
9 -0.274559 -1071.597159
9 -0.092949 -705.537889
9 0.011298 -23.288080
9 -0.072541 -1419.488157
9 0.092538 -43.263319
9 -0.162330 -1753.481532
9 -0.270894 -2058.873402
9 -0.109048 -1062.372010
9 0.018291 86.080974
9 -0.066204 -572.190481
9 0.123033 -52.926462
9 -0.111522 -766.987013
9 -0.122154 -840.671859
9 -0.125700 -1270.107478
9 -0.051952 -261.781876
9 0.224932 -531.211002
9 -0.101328 -1584.782994
9 -0.035489 -243.361668
9 -0.138658 -671.126365
9 -0.218000 -1464.400869
9 -0.193187 -1066.009328
9 -0.103875 -1377.975664
9 -0.190222 -1348.650557
9 -0.007439 -161.340839
9 -0.104948 -1271.633359
9 0.084610 -546.292238
9 -0.080121 -701.680680
9 -0.010047 -83.998544
9 0.025643 -600.292792
9 0.045704 -668.274848
9 -0.152602 -685.963715
9 -0.076967 -648.007466
9 0.034351 4.540899
9 0.038561 -875.754612
9 -0.021501 -193.893766
9 -0.070906 -436.711397
9 -0.011042 -110.018865
9 -0.182943 -1730.090019
9 -0.017654 -100.188464
9 -0.043140 -274.036903
9 -0.196099 -2047.556773
9 -0.270615 -2865.808889
9 0.095539 -1244.028522
9 0.013717 -372.100476
9 0.160772 387.483804
9 -0.054238 -535.234857
9 -0.031857 -176.236482
9 -0.023158 -311.449255
9 0.011858 -44.766369
9 -0.000712 -289.340442
9 -0.016338 -92.698132
9 -0.125956 -1447.803658
9 0.250305 -419.136393
9 0.143413 -2084.312550
9 -0.045401 -347.002853
9 0.207660 397.756138
9 -0.208662 -2307.708636
9 -0.001599 -377.954031
9 -0.124978 -787.291011
9 -0.190392 -1214.143033
9 -0.050520 -975.113445
9 0.017652 20.395872
9 0.215581 207.832843
9 0.072530 -156.825218
9 -0.023540 -468.549920
9 -0.019371 -87.221684
9 -0.020622 -333.641648
9 0.164558 -405.661787
9 -0.036192 -1201.095537
9 -0.034408 -427.133843
9 -0.011597 -183.616420
9 0.208989 -291.537950
9 -0.089892 -1961.723030
9 0.053084 -831.182031
9 0.325837 -78.380108
9 0.038217 -763.308690
9 -0.146125 -2073.950198
9 -0.071788 -536.108505
9 0.072580 -24.666729
9 -0.033144 -261.996063
9 -0.088774 -1296.897084
9 0.207527 -575.744027
9 -0.055867 -1253.256311
9 -0.054657 -1230.115852
9 -0.001846 -32.713552
9 -0.118018 -897.112321
9 -0.086303 -601.382762
9 -0.103916 -720.614266
9 -0.005076 -36.009929
9 -0.002279 -66.326763
9 -0.011749 -70.575980
9 -0.028061 -313.160188
9 -0.121606 -577.097529
9 0.053646 -395.529959
9 -0.047383 -736.416405
9 0.160708 546.966048
9 -0.058211 -328.591737
9 -0.038113 -1407.059613
9 -0.195718 -1890.147032
9 -0.218501 -1218.124289
9 -0.046922 -514.666754
9 -0.161110 -1469.830960
9 0.042502 -373.930334
9 0.155027 -2228.845705
9 0.152787 -2277.075544
9 -0.030200 -339.169883
9 0.138635 -40.513597
9 -0.032704 -328.770018
9 -0.104384 -805.837377
9 0.122706 -429.007065
9 0.101350 -2466.813280
9 -0.162114 -844.730462
9 0.093095 -9.975660
9 -0.031234 -300.206638
9 -0.081911 -535.081895
9 0.055468 46.674707
9 -0.192397 -852.159478
9 -0.285368 -2221.102427
9 0.244897 -281.660627
9 -0.190065 -1294.051348
9 -0.001228 -9.810801
9 -0.133632 -816.924225
9 -0.165680 -965.237593
9 0.062092 -213.636363
9 -0.197309 -2228.689416
9 -0.218073 -1498.821380
9 -0.046254 -410.605154
9 -0.044311 -510.699895
9 -0.024024 -784.046896
9 0.005727 -1040.401183
9 0.033783 -1253.067065
9 -0.124887 -1479.403525
9 -0.055792 -394.025783
9 -0.176935 -1761.895756
9 -0.005611 -107.700867
9 -0.138416 -1645.617842
9 -0.111319 -1474.722632
9 0.150180 -389.194232
9 0.077361 -336.485371
9 -0.115689 -1017.698058
9 -0.036671 -1083.943366
9 -0.051275 -1238.985108
9 0.025137 -96.281364
9 -0.244930 -2551.549793
9 -0.050165 -383.112150
9 -0.506362 -3337.765895
9 -0.023940 -785.960252
9 -0.007536 -504.402114
9 -0.055012 -419.985805
9 -0.080665 -1348.872085
9 0.001730 -697.548420
9 -0.097904 -713.264225
9 -0.000542 -478.139997
9 0.079511 -2087.424840
9 -0.079515 -370.049119
9 -0.009577 -317.315398
9 -0.062290 -763.672302
9 -0.079186 -1370.614261
9 -0.094428 -1076.930094
9 0.085516 -1077.960073
9 -0.340573 -1634.388523
9 0.039015 10.793815
9 -0.098184 -667.192946
9 0.106128 -535.492130
9 -0.134958 -1326.323419
9 -0.200137 -1631.323656
9 0.238525 -905.807507
9 -0.156658 -1071.311811
9 -0.110300 -1229.714173
9 -0.163125 -801.091834
9 0.021838 -683.573775
9 0.030178 -546.649822
9 -0.016293 -512.759663
9 0.067785 -545.001463
9 0.030375 -692.949786
9 -0.138109 -1743.555715
9 -0.141837 -1762.686306
9 -0.268982 -6089.992223
9 0.032207 -1370.825652
9 -0.203046 -1907.351525
9 0.415544 -469.436111
9 -0.045783 -423.214374
9 -0.006190 -1315.765074
9 -0.087503 -348.696781
9 0.003336 -7.568489
9 -0.116631 -512.451410
9 0.013390 -300.452026
9 -0.108448 -1140.776921
9 -0.129163 -867.235813
9 -0.180232 -1338.007030
9 0.112671 -788.526183
9 -0.117481 -2045.490204
9 -0.034250 -1955.765028
9 -0.066800 -677.781878
9 -0.125867 -539.299644
9 -0.103791 -1033.793185
9 -0.169976 -1786.298100
9 0.275965 -154.252668
9 -0.254859 -1237.081142
9 -0.025314 -121.198633
9 -0.029317 -201.557909
9 -0.390698 -2778.282680
9 -0.028542 -746.688407
9 -0.169345 -2403.576224
9 -0.029728 -790.906588
9 -0.075675 -729.451423
9 -0.087362 -521.241685
9 -0.122900 -1234.023321
9 -0.111202 -1269.623522
9 -0.039219 -825.999005
9 0.061447 -418.509767
9 -0.043530 -248.764584
9 0.073687 -931.837270
9 -0.060976 -302.778083
9 -0.068041 -391.542406
9 -0.134710 -1438.214823
9 0.076048 -680.696332
9 -0.008744 -64.216217
9 -0.122768 -710.666500
9 0.055307 262.848764
9 0.101258 -255.920529
9 -0.035879 -1167.997401
9 -0.093024 -821.934723
9 -0.134486 -937.245335
9 0.042206 -917.687411
9 -0.095584 -1041.339620
9 -0.026471 -140.154927
9 -0.164952 -1086.604205
9 -0.035582 -321.830938
9 -0.026589 -450.680758
9 -0.281077 -1520.201427
9 -0.002115 -61.261989
9 0.053272 -395.913575
9 0.120256 37.770086
9 -0.204756 -1003.752574
9 0.135621 -275.379738
9 -0.176867 -1220.620877
9 -0.112960 -1500.985779
9 -0.027027 -330.994324
9 -0.229161 -4238.983653
9 -0.529736 -5419.529358
9 -0.299930 -1807.661815
9 -0.223183 -1830.701576
9 -0.004495 -1702.051112
9 -0.052248 -394.651394
9 -0.045711 -566.799604
9 -0.043772 -879.650275
9 0.023204 -1241.906424
9 -0.004336 -607.039777
9 -0.039845 -204.485155
9 -0.176332 -1206.424729
9 0.281124 -2088.415628
9 -0.041269 -1700.416989
9 -0.164700 -866.815461
9 -0.008452 -119.463120
9 -0.097539 -1510.098062
9 -0.028379 -422.830326
9 -0.070441 -315.631158
9 0.039317 103.049184
9 -0.080339 -941.699106
9 -0.096012 -957.358582
9 0.249990 187.980964
9 0.238135 -17.624651
9 0.116213 -242.620168
9 -0.119031 -888.058514
9 -0.089313 -614.508685
9 -0.006520 -626.506371
9 -0.027942 -359.114040
9 0.087235 -1147.423125
9 -0.095804 -707.330481
9 -0.066373 -322.025984
9 -0.125546 -521.541307
9 0.020441 -565.885199
9 0.021917 -574.950926
9 -0.043376 -371.377567
9 0.006266 -329.660014
9 -0.047454 -955.299789
9 -0.206888 -2205.089840
9 -0.032742 -2021.281975
9 -0.318311 -2257.944362
9 -0.164906 -2121.134981
9 0.018929 -419.489051
9 0.279300 -754.019909
9 0.249037 -1453.353370
9 -0.162681 -1823.842418
9 -0.051310 -350.448133
9 0.062454 -240.942665
9 0.006864 -267.545106
9 -0.114447 -822.680216
9 -0.040658 -287.199829
9 -0.193923 -1299.934856
9 0.002655 -1.996076
9 0.029269 -453.804954
9 -0.261871 -1926.831058
9 -0.229647 -1808.167014
9 -0.052839 -656.525349
9 -0.045511 -744.527486
9 -0.023661 -990.255182
9 0.016622 -296.391657
9 0.046724 -30.259923
9 0.003818 -29.157449
9 -0.206488 -1018.904140
9 -0.076388 -658.886225
9 0.095769 121.568714
9 0.142164 -91.904870
9 0.122126 -154.376564
9 -0.039219 -247.569427
9 -0.039638 -458.071640
9 -0.031311 -373.678340
9 -0.053547 -377.458284
9 0.048132 53.857360
9 -0.103537 -883.136622
9 -0.045203 -232.712550
9 -0.249386 -2276.986615
9 -0.028468 -233.668621
9 -0.097272 -888.231769
9 -0.035075 -334.375788
9 0.012199 -54.069355
9 -0.087679 -779.084046
9 0.004770 -12.086217
9 -0.095374 -731.925215
9 0.222593 -541.931152
9 -0.197134 -877.532434
9 0.160729 -1065.008329
9 -0.131080 -1396.165285
9 -0.205492 -1357.524568
9 -0.046936 -329.945047
9 0.036051 -1350.628730
9 -0.022896 -299.655757
9 0.057751 21.399844
9 -0.021483 -152.742913
9 -0.079642 -470.362558
9 -0.011051 -169.582087
9 -0.066504 -607.053375
9 -0.229602 -1142.045377
9 -0.041217 -610.239280
9 -0.367557 -1749.348694
9 -0.059693 -351.546328
9 -0.320922 -3394.618999
9 0.003400 18.033353
