10 -0.120349 -1067.596989
10 -0.120106 -969.961858
10 -0.142810 -1509.572039
10 -0.096355 -515.934199
10 -0.023375 -677.506270
10 -0.048123 -894.217933
10 0.127758 -374.057091
10 -0.074527 -421.126647
10 -0.052391 -455.007908
10 -0.252524 -1563.361481
10 0.021128 -183.940965
10 -0.053870 -291.497707
10 -0.352980 -2501.147004
10 -0.280959 -2250.607568
10 0.135832 911.470542
10 -0.052952 -593.384308
10 -0.069549 -1216.244614
10 -0.063457 -601.424892
10 0.023861 -1011.021755
10 -0.224342 -2232.652154
10 -0.030803 -775.602305
10 -0.051222 -270.155736
10 -0.174869 -796.308033
10 -0.106365 -439.902881
10 -0.151355 -922.789717
10 -0.012156 -243.815483
10 -0.337890 -1300.771051
10 -0.276781 -1411.672067
10 -0.057768 -250.462210
10 -0.114585 -491.759633
10 -0.010451 -340.948396
10 -0.143583 -1597.618541
10 -0.122587 -1744.331310
10 -0.113620 -838.440828
10 0.077900 -310.354565
10 -0.062189 -455.542315
10 -0.102400 -546.726329
10 -0.102086 -605.161079
10 -0.133235 -861.564704
10 0.119415 -212.645294
10 -0.006498 -769.500695
10 -0.095029 -616.626868
10 -0.008943 -69.944155
10 -0.029539 -166.131278
10 -0.036542 -216.007650
10 -0.234551 -2672.506802
10 -0.244935 -1396.329576
10 0.169020 -271.776778
10 -0.009677 -276.128402
10 0.009417 -464.674664
10 0.281503 -721.768427
10 0.002480 -443.311867
10 -0.198768 -827.677161
10 -0.271940 -3299.623987
10 -0.049023 -449.155774
10 -0.010616 -79.181668
10 -0.001556 -1075.430399
10 0.133076 -225.240136
10 -0.012766 -1338.895056
10 -0.111464 -1630.479665
10 0.376963 1044.796305
10 0.095497 -444.027852
10 -0.086867 -757.712524
10 -0.299060 -2381.506475
10 0.110355 -1597.195995
10 -0.010863 -1058.217811
10 -0.015416 -1295.334267
10 -0.121982 -894.680704
10 -0.285640 -3282.120702
10 0.139719 192.755884
10 -0.268160 -1194.235637
10 -0.180713 -2122.272239
10 -0.054641 -786.726413
10 0.045941 38.966606
10 -0.097788 -534.553402
10 -0.176859 -709.988678
10 -0.122031 -1201.679473
10 -0.120476 -1111.546410
10 0.280028 152.581088
10 0.023951 -151.010439
10 0.031566 -144.441287
10 -0.453165 -1840.691569
10 -0.064307 -1531.478995
10 -0.211465 -1595.878847
10 -0.042950 -277.094193
10 -0.032877 -261.076526
10 -0.001862 -1371.381420
10 -0.133450 -782.278150
10 0.188741 -308.330783
10 -0.076382 -464.363654
10 0.070739 -1571.994856
10 -0.200111 -2001.042090
10 0.025945 -231.810185
10 0.301447 -180.148046
10 -0.037094 -172.227334
10 -0.056140 -496.492506
10 -0.121600 -1013.929798
10 -0.023257 -214.585653
10 -0.185595 -734.239724
10 -0.151254 -1462.214772
10 -0.037031 -1957.777425
10 0.127068 -926.787592
10 -0.123650 -1159.393689
10 0.005646 -264.187843
10 -0.082035 -1321.089876
10 -0.007178 -165.686982
10 0.195677 -503.526759
10 0.097433 -1070.475213
10 -0.173826 -2176.775903
10 -0.003497 -1827.997467
10 -0.078042 -405.854273
10 -0.139317 -743.599779
10 0.056148 -3140.240386
10 -0.085719 -654.588565
10 -0.034957 -451.131793
10 -0.091769 -1632.240643
10 -0.203455 -1751.072338
10 -0.206408 -870.446860
10 0.138983 1131.695529
10 0.167930 -1650.052639
10 0.201741 -2048.476895
10 -0.141745 -664.163896
10 -0.047102 -633.497438
10 -0.106694 -616.448041
10 0.039331 241.988194
10 0.029692 -214.217691
10 -0.219518 -1199.498350
10 -0.094263 -1487.094611
10 -0.046528 -653.199871
10 -0.058065 -666.079175
10 -0.109277 -696.484684
10 -0.240252 -3103.108416
10 -0.110641 -762.974312
10 -0.101856 -694.091015
10 -0.116356 -2114.239223
10 -0.012395 -1847.856143
10 -0.068012 -830.814254
10 -0.052223 -392.654830
10 -0.040803 -242.719630
10 -0.050129 -282.533194
10 -0.105233 -797.318530
10 -0.408164 -1830.778723
10 -0.093451 -481.611891
10 0.004786 22.568375
10 -0.123558 -1640.912865
10 -0.132005 -767.200653
10 -0.214584 -2024.507512
10 -0.162872 -1174.867412
10 -0.111100 -1720.955653
10 -0.071146 -680.669838
10 0.062991 -138.304143
10 -0.060476 -656.426458
10 -0.008099 -77.503446
10 0.056006 145.241671
10 -0.070829 -1142.152435
10 -0.083734 -936.648910
10 -0.054863 -393.547303
10 0.382136 -206.425687
10 -0.274470 -1956.486493
10 -0.048905 -300.942197
10 -0.047909 -698.352416
10 -0.072244 -546.786334
10 -0.069685 -674.065506
10 -0.033140 -495.798228
10 -0.040452 -565.077820
10 0.127446 111.756293
10 0.089506 -55.047342
10 -0.197117 -2942.600733
10 -0.172941 -1006.960467
10 0.065991 -175.597106
10 -0.003808 -2006.621052
10 -0.095818 -666.994859
10 -0.086313 -943.284320
10 0.028233 17.309681
10 -0.121993 -816.298046
10 -0.023621 -218.708139
10 -0.192696 -1561.638335
10 -0.063231 -462.543293
10 0.072750 28.196642
10 -0.027459 -146.323071
10 -0.025657 -189.194814
10 -0.307828 -1901.216018
10 0.127856 -2297.213346
10 -0.027531 -186.048508
10 -0.157697 -1808.286175
10 -0.029248 -574.447329
10 -0.220534 -2874.108279
10 -0.015728 -271.978065
10 -0.093848 -465.010258
10 -0.250021 -3559.550949
10 -0.248107 -1081.993268
10 0.128253 58.059391
10 -0.004570 -83.661748
10 0.358159 149.636835
10 0.029636 -1161.224832
10 0.193367 1148.786044
10 -0.058031 -2682.850665
10 -0.068228 -603.174041
10 -0.209619 -808.354269
10 -0.021413 -142.445842
10 -0.093917 -635.680139
10 -0.032573 -866.182221
10 0.048550 -1409.267269
10 -0.143014 -826.708047
10 -0.008202 -347.869364
10 -0.219362 -2753.546172
10 -0.155262 -1769.465638
10 -0.002209 -469.091002
10 -0.080002 -2930.202034
10 0.198133 -2049.591240
10 -0.025264 -579.344983
10 0.037259 255.629224
10 -0.080434 -907.299537
10 0.109575 -492.982190
10 -0.105167 -643.140512
10 0.064499 -193.209618
10 0.090983 -515.115176
10 -0.030240 -162.479448
10 0.023251 -409.312738
10 0.124539 -7.431920
10 -0.221649 -3330.310763
10 0.071025 193.540357
10 -0.038624 -334.571385
10 -0.028371 -156.570758
10 -0.179949 -1119.714874
10 -0.204756 -2030.487240
10 -0.087114 -675.078905
10 -0.045454 -213.963036
10 -0.107742 -1460.382989
10 0.047237 28.453232
10 -0.052249 -432.888606
10 -0.059887 -314.734125
10 -0.414309 -1529.149230
10 0.057959 -0.733206
10 -0.129636 -1009.996645
10 0.002111 -31.885018
10 -0.050929 -216.878028
10 -0.085973 -1456.218549
10 0.102707 -144.514436
10 -0.168327 -1285.305616
10 -0.083300 -883.795407
10 0.024759 113.572546
10 -0.299737 -1411.082926
10 -0.164026 -764.876741
10 0.048612 -2326.872161
10 0.002886 -103.393651
10 0.070649 185.036203
10 0.008555 9.186517
10 -0.015939 -164.593425
10 -0.089191 -402.547005
10 -0.148905 -1188.458712
10 0.010756 -924.944733
10 -0.189079 -1259.276422
10 -0.021926 -386.474176
10 -0.078821 -599.590621
10 0.024610 -103.955570
10 -0.008982 -1449.517163
10 0.277427 -650.497402
10 0.574870 468.903796
10 0.032646 -191.779871
10 -0.138390 -1053.574124
10 0.105477 -804.107389
10 -0.079320 -1160.276188
10 0.014006 -318.113990
10 0.057550 -484.150351
10 0.020674 -180.458177
10 -0.170657 -1473.588894
10 -0.098543 -717.027837
10 -0.139401 -1313.724821
10 -0.291025 -2489.340450
10 -0.099268 -900.134643
10 -0.219686 -1595.327413
10 -0.211969 -1579.631379
10 0.024404 -70.222881
10 0.030798 200.588423
10 0.020071 163.665452
10 -0.005907 -1363.129174
10 -0.203549 -2193.845023
10 -0.124161 -738.450095
10 -0.058275 -456.939601
10 0.005836 -141.828371
10 -0.146091 -998.018216
10 -0.085171 -3587.130591
10 -0.155942 -1378.312787
10 0.261431 -140.456341
10 0.113390 -374.784554
10 0.173833 -1587.223413
10 -0.016480 -338.313319
10 -0.265680 -2169.380086
10 0.095918 -51.852737
10 -0.222084 -929.322051
10 0.296432 -800.066066
10 -0.173260 -1662.180949
10 0.022917 -504.103154
10 -0.077554 -936.930497
10 -0.011458 -96.173122
10 -0.002443 -205.765045
10 -0.074935 -1049.481017
10 -0.165421 -795.902626
10 -0.073724 -1455.112605
10 -0.088752 -855.125499
10 -0.037949 -439.259157
10 -0.154714 -1606.138757
10 0.003932 -75.930595
10 0.002890 -171.208214
10 -0.046196 -1809.801581
10 -0.027249 -287.999836
10 -0.074618 -2314.738226
10 -0.023470 -363.136208
10 0.087994 129.051449
10 0.260318 72.236082
10 -0.119757 -1215.028918
10 -0.174635 -792.163820
10 -0.174530 -781.758027
10 0.000007 -174.000153
10 -0.335974 -1575.871301
10 -0.120424 -1050.877004
10 0.061351 -114.480038
10 -0.073266 -1127.221483
10 -0.114054 -1948.251683
10 -0.072915 -516.630192
10 -0.036510 -312.836275
10 0.012834 -198.374466
10 -0.101142 -1991.088938
10 0.088650 -571.739786
10 -0.012772 -1082.648131
10 -0.116452 -1118.578842
10 -0.333045 -1883.221733
10 -0.048216 -755.337103
10 -0.259482 -1503.805724
10 -0.342062 -3088.340851
10 -0.004399 -996.842034
10 -0.214936 -1087.630894
10 -0.005345 -1372.652014
10 -0.160642 -1041.627741
10 0.041393 -206.916616
10 -0.327957 -2687.151880
10 -0.062310 -614.862206
10 -0.123517 -914.988171
10 -0.052499 -2905.514202
10 -0.192577 -1238.510104
10 -0.054397 -1415.335988
10 -0.039878 -1119.502021
10 -0.056935 -418.152076
10 0.243370 -803.441932
10 -0.128038 -590.849373
10 -0.313059 -1134.459013
10 0.017393 -809.097085
10 -0.246150 -3122.651086
10 -0.169343 -2152.890483
10 -0.018464 -227.468175
10 -0.134200 -732.297663
10 -0.013099 -495.870332
10 -0.195732 -1299.892082
10 -0.025408 -330.059037
10 0.156676 -283.027213
10 0.004076 -50.856145
10 -0.122185 -719.307210
10 -0.142624 -1433.478157
10 0.011231 -720.429509
10 -0.031684 -385.033460
10 -0.108768 -693.723081
10 -0.120003 -748.425322
10 -0.022619 -596.282202
10 -0.148113 -1093.354736
10 -0.231574 -972.081477
10 -0.087858 -605.016747
10 0.113768 140.667119
10 0.041219 -576.676350
10 -0.528286 -2014.981935
10 -0.041534 -622.542980
10 -0.123029 -2298.088086
10 -0.195862 -1550.958507
10 -0.178827 -1011.136503
10 -0.055448 -298.681003
10 -0.113361 -665.103071
10 -0.318153 -2450.818241
10 -0.019594 -544.937839
10 -0.060973 -479.204242
10 -0.014485 -2083.595559
10 -0.088901 -483.369509
10 0.010484 29.025097
10 -0.079944 -518.101692
10 -0.038976 -176.640073
10 0.113241 211.920952
10 -0.014859 -694.461509
10 -0.118356 -572.530606
10 0.024942 -68.556530
10 -0.232035 -4325.785446
10 -0.200103 -1834.881893
10 -0.106648 -1042.320989
10 0.224196 -145.097676
10 -0.078020 -1118.148409
10 -0.133179 -2005.569648
10 -0.080106 -525.229250
10 -0.040461 -336.428172
10 -0.134672 -1018.088502
10 -0.298168 -2309.639395
10 -0.056532 -345.400136
10 -0.113776 -705.021621
10 -0.129437 -577.102287
10 0.013273 -2.537238
10 -0.115458 -918.985799
10 -0.234139 -1500.033578
10 -0.064398 -1033.546394
10 -0.119046 -1615.887637
10 -0.019659 -406.916425
10 -0.008443 -148.027850
10 -0.182389 -1480.973876
10 -0.010567 -79.658234
10 0.158917 650.558490
10 -0.154152 -1203.086496
10 -0.148589 -1113.174009
10 -0.059818 -393.335672
10 0.080658 -71.663477
10 0.028842 -984.610985
10 0.041454 -566.825770
10 0.497463 1165.386686
10 -0.043242 -1266.730351
10 -0.094241 -1939.771628
10 -0.056225 -309.431226
10 -0.058391 -307.043649
10 -0.269924 -1216.742056
10 -0.340595 -2334.125842
10 -0.021657 -393.895631
10 -0.219682 -1714.038772
10 -0.278049 -1848.138570
10 0.158983 48.847456
10 -0.158149 -744.547048
10 0.025338 -425.472494
10 -0.025071 -222.767796
10 -0.184780 -1380.108525
10 -0.098882 -702.368095
10 0.405457 686.977253
10 0.003682 6.749751
10 -0.069706 -784.932509
10 -0.190863 -1154.203432
10 -0.050422 -388.051202
10 -0.092267 -877.842579
10 -0.084542 -923.615297
10 -0.355075 -2118.267427
10 -0.129562 -1443.251124
10 -0.161627 -1755.417110
10 -0.022924 -149.259319
10 0.053015 -706.579284
10 -0.093897 -1377.190225
10 -0.102039 -830.000966
10 -0.273971 -1861.340092
10 0.082734 275.667936
10 0.085319 -393.923188
10 -0.282470 -2138.651058
10 -0.149257 -1524.282671
10 0.118832 637.718943
10 -0.072640 -610.645106
10 -0.024686 -347.713869
10 0.009370 -439.905861
10 0.174229 -258.306375
10 -0.258737 -1893.486811
10 0.118670 517.170798
10 0.010377 -836.224604
10 0.016804 21.876255
10 -0.119795 -1266.823895
10 0.148936 -1135.698653
10 -0.131132 -893.912468
10 0.273068 105.529165
10 -0.145282 -1168.230456
10 -0.166268 -748.257028
10 0.094771 55.985947
10 -0.013387 -782.813860
10 -0.046484 -278.289424
10 -0.107150 -2933.387295
10 -0.163817 -2026.649353
10 -0.046152 -1014.837740
10 -0.229571 -2149.532545
10 0.184950 -64.591690
10 0.296252 1829.569695
10 -0.015587 -93.340028
10 -0.089302 -442.660183
10 -0.211005 -2096.965236
10 0.175204 -2868.289298
10 -0.087256 -1516.254963
10 -0.193747 -1500.166878
10 0.326763 -629.234579
10 -0.064123 -310.790368
10 0.235485 507.390975
10 -0.129579 -903.327092
10 0.107274 22.301379
10 -0.260554 -2780.543973
10 -0.063996 -499.956325
10 -0.054225 -875.223540
10 -0.015106 -79.393046
10 -0.165450 -762.512902
10 -0.044640 -283.028487
10 0.034144 -229.289413
10 -0.031625 -673.431887
10 -0.159973 -1494.675876
10 -0.165724 -980.615477
10 0.069321 223.708251
10 -0.072620 -381.472618
10 -0.146687 -1696.212722
10 -0.025945 -233.771943
10 -0.058151 -1121.209383
10 -0.074562 -2132.379705
10 -0.212876 -2786.517250
10 -0.004895 -1677.859133
10 -0.204965 -997.121690
10 0.104548 -150.538232
10 -0.056203 -283.655215
10 0.007913 -123.166609
10 0.216615 -218.819313
10 0.002590 16.493920
10 -0.120754 -570.439400
10 -0.055843 -476.799999
10 -0.002414 -72.420830
10 0.070269 -957.464277
10 -0.047470 -254.006561
10 -0.027752 -417.777574
10 -0.064629 -380.865645
10 -0.067546 -1134.013086
10 0.414984 5.620334
10 0.151668 992.464059
10 -0.077868 -1088.123336
10 -0.046538 -2506.688155
10 -0.178293 -2771.393427
10 -0.016348 -203.120455
10 0.003828 -1008.911736
10 -0.124594 -2042.907078
10 0.260934 -314.410609
10 -0.050465 -399.290178
10 -0.222828 -1390.230648
10 -0.072066 -435.269914
10 -0.006423 -2976.256641
10 -0.234555 -1114.596880
10 -0.013997 -150.054103
10 -0.136368 -1106.768430
10 -0.061772 -658.945547
10 -0.060972 -422.093676
10 0.067098 -266.319288
10 0.136579 -75.329545
10 0.033910 73.373967
10 -0.064613 -547.695646
10 -0.077035 -1933.928376
10 -0.005764 -109.867305
10 -0.001892 -32.341255
10 -0.126825 -884.966633
10 -0.095611 -729.800224
10 0.036295 -279.959065
10 -0.105951 -752.124553
10 -0.104202 -1102.744339
10 0.353577 233.186198
10 0.102762 24.161597
10 -0.122304 -1861.566240
10 -0.072684 -1086.329296
10 -0.108617 -1808.156361
10 -0.153800 -1558.491857
10 -0.075503 -2080.167712
10 -0.192217 -1283.629327
10 -0.257604 -2582.596370
10 0.044983 -301.632691
10 -0.174749 -1327.871601
10 -0.119579 -1841.046252
10 -0.025440 -833.457740
10 0.036922 -748.596784
10 -0.090018 -632.570088
10 -0.036466 -1555.663893
10 -0.123706 -815.267243
10 -0.072569 -704.759151
10 -0.113933 -684.451857
10 -0.072678 -906.784298
10 -0.113585 -875.050876
10 0.167042 -285.267741
10 0.033521 -2320.093511
10 -0.063771 -724.569706
10 -0.032549 -214.113792
10 -0.066908 -494.566476
10 0.074025 -186.299381
10 -0.066493 -689.623250
10 0.007855 -170.432616
10 -0.109646 -2056.893428
10 -0.206417 -1108.541286
10 -0.103780 -711.895910
10 -0.078188 -1333.623960
10 0.053924 -13.437824
10 -0.026787 -393.651487
10 -0.049279 -382.298300
10 -0.109969 -1132.990253
10 -0.003339 -24.797539
10 -0.138385 -891.193084
10 -0.158695 -1280.714391
10 -0.348916 -3681.735708
10 -0.014945 -1270.693336
10 -0.155131 -1702.283547
10 -0.063274 -543.374636
10 0.085838 170.799836
10 -0.052713 -1237.811670
10 -0.192110 -2125.918798
10 -0.243814 -1028.250448
10 -0.021813 -1143.607173
10 -0.106400 -819.105581
10 0.165612 -235.749386
10 -0.262963 -3442.978880
10 0.047980 -221.740681
10 0.064900 -27.938767
10 0.070478 -81.705959
10 0.060683 -171.962059
10 0.027283 -48.259856
10 0.095014 -1988.899833
10 0.092159 -30.781651
10 -0.093138 -1012.442452
10 0.111647 -509.986002
10 -0.004725 -1618.762687
10 -0.069518 -1441.588407
10 0.094324 -687.199573
10 -0.153992 -2414.649291
10 -0.041088 -498.441052
10 -0.181105 -1522.604866
10 -0.169943 -744.692322
10 -0.035522 -470.741400
10 0.355249 727.862353
10 0.156095 -522.509689
10 -0.044011 -215.944878
10 -0.075372 -345.930297
10 -0.205567 -1262.895273
10 -0.240301 -1198.025041
10 -0.147245 -1075.698885
10 0.062830 -417.646792
10 -0.171086 -1000.332783
10 0.025647 -235.018700
10 -0.123420 -1130.962014
10 -0.091172 -731.430443
10 -0.048337 -295.441624
10 0.064602 -150.998038
10 0.064373 79.556864
10 -0.106074 -491.726478
10 -0.058524 -660.369317
10 -0.160826 -1345.626922
10 0.083747 -626.642901
10 0.016859 -867.153020
10 0.276535 -599.593301
10 0.062442 -206.852402
10 0.148643 -941.249899
10 -0.042475 -440.892272
10 -0.006332 -1229.560057
10 -0.161103 -1489.510108
10 -0.098728 -466.035706
10 -0.005382 -141.355942
10 -0.262993 -2113.480904
10 -0.028508 -138.026783
10 0.072052 -419.488778
10 -0.285242 -1318.770780
10 -0.142977 -1075.228416
10 -0.212509 -960.347275
10 0.152926 -133.639852
10 -0.167292 -708.850624
10 -0.140616 -1056.073815
10 0.138958 350.196622
10 -0.267656 -1384.615240
10 -0.029241 -318.882158
10 -0.065969 -292.967353
10 0.016540 -25.533073
10 0.008963 -368.047851
10 0.184884 -331.070569
10 -0.058234 -454.253443
10 -0.043743 -935.571731
10 0.315366 -659.940204
10 -0.017768 -184.930012
10 -0.244799 -1089.365004
10 0.070457 -288.057035
10 -0.007577 -1438.963790
10 -0.064523 -658.652193
10 -0.061519 -825.586779
10 0.009321 -5.157866
10 -0.157805 -1090.989502
10 -0.212255 -1478.070882
10 -0.101262 -797.119187
10 -0.022479 -269.055252
10 -0.031893 -285.822222
10 -0.071982 -736.389530
10 -0.055869 -845.488274
10 -0.050452 -1215.471993
10 -0.141346 -1270.031239
10 -0.098425 -1631.680011
10 -0.357782 -1548.126809
10 -0.166433 -718.686003
10 -0.251408 -2306.703638
10 -0.228947 -2086.584055
10 -0.414323 -2900.103305
10 -0.050267 -1783.895889
10 0.014342 -586.397089
10 -0.006454 -1915.287314
10 -0.055138 -752.795512
10 -0.075792 -1003.919111
10 -0.102119 -1191.705979
10 0.170797 30.111360
10 0.048613 -1009.279939
10 -0.052287 -291.822057
10 0.105736 -362.326259
10 0.422460 1050.430543
10 0.004683 -546.442130
10 -0.082844 -372.682432
10 -0.063064 -976.801895
10 -0.215158 -1458.218348
10 0.111022 -599.224908
10 -0.023862 -143.857561
10 -0.120822 -807.879513
10 0.061333 94.908230
10 0.002427 -464.462238
10 0.100207 -467.408056
10 0.032282 20.929104
10 -0.043161 -1171.395336
10 -0.191047 -773.217390
10 0.031919 -273.616963
10 0.190034 506.704334
10 0.160276 -829.058314
10 0.150492 -809.839400
10 -0.024656 -190.411396
10 0.171445 193.026785
10 -0.056014 -411.113162
10 0.099293 -707.741455
10 0.130536 -622.740764
10 -0.004869 -1260.129144
10 -0.183920 -1096.542679
10 -0.060577 -434.662323
10 0.097261 -722.590182
10 -0.060423 -735.895703
10 -0.037756 -934.862838
10 -0.070170 -1456.519527
10 -0.189850 -863.242304
10 0.000304 -667.404040
10 -0.008793 -126.852899
10 0.025118 -44.420066
10 -0.118579 -1173.055703
10 0.083166 200.248086
10 -0.215394 -1426.171039
10 0.132566 -240.424894
10 -0.057684 -659.929817
10 0.152403 -263.957323
10 -0.116041 -725.544055
10 -0.035286 -1123.787516
10 -0.149680 -1524.566628
10 0.386182 -72.337590
10 -0.104294 -888.453021
10 0.220571 -2033.081350
10 -0.004342 -81.051861
10 -0.087043 -997.649651
10 0.037828 -59.523612
10 -0.065525 -527.065925
10 -0.054085 -398.064535
10 -0.009400 -1206.241276
10 0.046906 -355.087708
10 0.094743 6.457795
10 -0.013161 -464.598220
10 0.011258 17.122871
10 -0.132552 -641.734085
10 -0.058631 -1252.294662
10 -0.007610 -193.087845
10 -0.238866 -1498.692148
10 -0.289780 -3096.460788
10 0.013184 4.935382
10 -0.087881 -996.590353
10 -0.008459 -174.959914
10 0.000459 -15.439392
10 -0.391433 -1739.370588
10 -0.136988 -1038.047800
10 -0.010487 -853.644404
10 0.461103 -215.338347
10 -0.566607 -2001.885555
10 -0.023713 -289.205729
10 -0.053603 -383.521182
10 -0.000805 -4.021047
10 -0.236619 -2875.737527
10 -0.144716 -1502.645937
10 -0.235067 -2835.133935
10 -0.111991 -949.425727
10 -0.089561 -696.448250
10 -0.116133 -941.700023
10 -0.077412 -564.920836
10 -0.104122 -1830.525345
10 -0.187268 -992.101709
10 -0.068096 -408.166350
10 -0.028514 -547.310436
10 0.151972 1458.570492
10 -0.232054 -1680.458406
10 -0.004089 -499.570522
10 -0.084056 -446.018191
10 0.063767 -176.350528
10 0.282802 -67.628884
10 0.234828 -15.877753
10 -0.063407 -816.550170
10 -0.026508 -164.258183
10 0.011563 -234.730677
10 -0.297883 -1686.540792
10 -0.006953 -502.016165
10 -0.028750 -666.179248
10 -0.013450 -723.347465
10 -0.173202 -977.852454
10 -0.012181 -65.100584
10 -0.024672 -628.903332
10 0.033579 -449.396656
10 -0.070010 -430.497067
10 -0.107355 -1653.082556
10 -0.149551 -2371.848704
10 -0.183803 -1249.703143
10 0.012866 12.282561
10 0.021267 -311.605482
10 0.005434 -54.123207
10 0.026222 -122.182489
10 -0.155315 -983.809036
10 -0.152953 -1038.688301
10 -0.176218 -1395.547236
10 -0.051528 -832.899509
10 -0.318168 -1225.117765
10 -0.160970 -755.898237
10 -0.084197 -2243.130485
10 -0.024597 -327.819770
10 -0.202586 -1393.864369
10 -0.006389 -226.433076
10 0.006564 -198.993126
10 0.017756 -23.629298
10 -0.059943 -637.880415
10 -0.092932 -1379.081926
10 -0.085214 -870.568190
10 -0.063156 -309.509603
10 -0.069409 -325.601284
10 -0.022647 -289.216642
10 -0.226559 -1007.386374
10 -0.236297 -927.016765
10 0.119892 -409.088070
10 0.022929 -347.024324
10 -0.001728 -437.777871
10 -0.102770 -1206.064986
10 -0.037039 -301.734675
10 0.040014 -25.154623
11 0.238614 633.916444
11 0.283259 -1524.108842
11 -0.108357 -498.889209
11 0.023252 -26.014930
11 -0.144149 -1630.888304
11 -0.011564 -155.695551
11 -0.085093 -2595.243650
11 0.166448 -2003.918505
11 0.245391 -1980.136005
11 -0.004840 -48.830076
11 -0.122501 -1533.726688
11 -0.124431 -530.721829
11 -0.123341 -1505.828356
11 -0.063822 -615.464065
11 -0.233308 -1553.974892
11 -0.207552 -1325.574414
11 -0.022755 -160.934120
11 0.012956 -280.637022
11 0.025201 -255.989836
11 -0.049800 -674.425850
11 -0.083386 -722.824722
11 -0.078125 -717.889371
11 -0.003912 -94.814766
11 -0.097008 -1898.549730
11 0.127838 -273.696262
11 -0.027829 -950.289532
11 -0.002920 -99.017460
11 0.062280 -378.861592
11 -0.193184 -964.838995
11 -0.186744 -1466.310486
11 0.172205 366.124658
11 -0.025866 -141.140197
11 0.262364 111.344974
11 0.040737 -1021.218658
11 0.012392 -194.737772
11 -0.205359 -1075.500271
11 0.040301 -182.896471
11 0.336678 188.135179
11 -0.120125 -1034.986820
11 -0.160788 -682.015582
11 -0.140685 -848.624819
11 -0.193498 -1029.957208
11 -0.025734 -628.870282
11 0.285173 40.005391
11 0.080509 -670.185225
11 -0.171018 -830.990415
11 0.009983 -360.242205
11 0.194254 344.522613
11 0.002610 -1095.993646
11 -0.147676 -1058.400122
11 -0.080414 -555.483428
11 -0.016396 -131.231525
11 -0.340831 -2734.148354
11 0.007545 -387.048127
11 0.029394 8.323473
11 -0.032254 -349.720487
11 -0.141848 -805.623990
11 -0.066125 -597.557431
11 -0.110819 -782.766018
11 -0.143704 -928.333502
11 0.122097 -407.074081
11 -0.071433 -988.587856
11 0.128311 508.477085
11 -0.228783 -1226.603284
11 -0.133413 -855.130702
11 0.073200 -435.754840
11 0.138999 -303.182483
11 -0.215755 -1609.011346
11 -0.235603 -1539.328174
11 -0.027134 -1265.918724
11 -0.095665 -736.953454
11 -0.100298 -1180.181404
11 -0.194262 -798.519079
11 -0.093763 -1627.994952
11 0.039658 -575.318618
11 -0.162980 -671.228296
11 -0.155411 -645.230424
11 0.173572 -1462.235450
11 -0.430746 -2244.192988
11 0.432935 33.010495
11 -0.229656 -2433.131164
11 -0.108807 -2139.636308
11 -0.001596 -1137.341895
11 -0.011564 -886.099968
11 -0.298589 -4645.086241
11 0.081198 -1738.360197
11 0.094967 -516.254553
11 -0.076001 -782.330541
11 0.037194 39.754703
11 -0.141884 -736.936459
11 -0.007266 -483.678146
11 0.018031 -113.812674
11 0.082691 -826.619794
11 -0.219615 -1135.232527
11 -0.011156 -1370.608476
11 -0.133006 -933.514679
11 -0.056329 -847.556100
11 -0.026444 -518.648993
11 -0.259101 -1853.870843
11 0.011889 -1533.005915
11 -0.061364 -300.450515
11 -0.056696 -1284.515571
11 0.333727 -162.057086
11 -0.145358 -661.599767
11 -0.014373 -1388.414696
11 -0.090983 -1006.491189
11 0.091940 299.154877
11 -0.201432 -2799.393513
11 0.061038 -239.547806
11 0.090772 -6.962854
11 -0.042231 -1350.344772
11 -0.093247 -751.074272
11 0.052861 7.267565
11 -0.114605 -692.286218
11 -0.155839 -952.218542
11 -0.026045 -216.800522
11 -0.206888 -2544.260993
11 -0.008285 -238.811871
11 0.108977 -548.231952
11 0.015629 -838.772436
11 -0.077562 -610.795656
11 -0.109347 -747.281636
11 -0.143007 -825.660897
11 -0.102000 -796.831108
11 -0.082407 -1701.170235
11 -0.097356 -1097.541177
11 -0.311857 -2052.851302
11 -0.383527 -6646.676622
11 -0.150208 -1304.139198
11 0.073417 -883.088239
11 -0.239683 -1075.496562
11 0.023557 -1295.587912
11 -0.291196 -2520.464262
11 -0.084686 -1685.330107
11 -0.165714 -1281.390557
11 0.004383 -909.331262
11 0.117080 -727.314755
11 -0.008887 -745.070546
11 -0.002819 -397.464418
11 -0.016375 -783.666300
11 -0.109510 -602.939123
11 -0.227654 -1307.185389
11 0.015773 -1331.121950
11 0.041192 -116.225372
11 0.087605 -10.505419
11 -0.345072 -3212.939321
11 0.378017 -779.579461
11 0.116707 -1469.479326
11 0.131982 -550.949918
11 -0.196931 -957.543607
11 -0.111702 -805.513251
11 0.021176 -3791.198739
11 -0.046561 -403.094045
11 -0.282970 -1781.337380
11 -0.162685 -2159.032319
11 -0.372705 -1680.291772
11 0.073674 -130.899254
11 0.069358 -803.705931
11 -0.238537 -2448.792365
11 -0.111164 -627.509268
11 -0.099682 -1853.379105
11 -0.148507 -719.457019
11 -0.316027 -1657.012714
11 0.008512 -413.553056
11 -0.217948 -1265.680781
11 0.022675 -514.545849
11 -0.138189 -877.641967
11 -0.030791 -312.321171
11 0.067456 -120.196959
11 -0.064348 -744.266925
11 -0.059091 -710.768840
11 0.040067 -188.687115
11 -0.051044 -301.683786
11 -0.010447 -572.565328
11 -0.242942 -2150.275952
11 0.232979 53.615876
11 -0.040046 -304.461025
11 -0.178603 -676.982363
11 -0.052467 -631.943896
11 -0.007563 -129.927141
11 -0.126209 -1124.837457
11 -0.083484 -416.338148
11 -0.146077 -1563.964959
11 0.026848 -122.379078
11 -0.180586 -1878.972677
11 -0.266227 -2071.912907
11 0.029441 -701.009749
11 -0.027771 -428.471456
11 -0.187117 -2050.229866
11 -0.011111 -1599.301596
11 -0.055871 -2247.964357
11 -0.019788 -705.918584
11 -0.026626 -137.232910
11 -0.019532 -146.401696
11 0.006006 -159.720675
11 0.090550 -168.555110
11 -0.090426 -1112.936714
11 -0.249028 -1935.445702
11 -0.137038 -2019.431488
11 0.024619 -1236.588441
11 0.067368 -1096.928019
11 0.020060 -404.987164
11 -0.392584 -3967.429724
11 -0.030747 -607.248536
11 -0.248791 -1988.360197
11 -0.027745 -1007.602871
11 -0.062825 -364.618963
11 -0.050810 -744.223852
11 0.039958 -451.807527
11 -0.021956 -1354.722238
11 -0.075043 -724.637725
11 -0.058214 -755.585511
11 0.107980 -359.729642
11 0.064711 -418.608859
11 -0.207074 -1934.815700
11 0.118006 58.533616
11 -0.162131 -1291.032285
11 -0.183953 -1371.087402
11 0.123648 54.352059
11 -0.021782 -408.216721
11 -0.091385 -993.686125
11 -0.048489 -346.538288
11 0.019903 -97.407172
11 -0.060667 -291.971946
11 -0.179439 -1308.507452
11 -0.027218 -1064.383464
11 0.268963 -153.093781
11 -0.234409 -1342.034070
11 -0.016786 -110.837322
11 -0.128325 -1610.367181
11 -0.020660 -174.324588
11 -0.114097 -1299.179005
11 0.264426 -581.996297
11 0.135757 -1057.201428
11 -0.036395 -494.830924
11 -0.030188 -185.801423
11 0.153655 -639.836656
11 -0.034378 -176.886103
11 -0.127708 -1067.905371
11 -0.237014 -1641.591064
11 -0.000573 383.495508
11 -0.005491 -1233.460160
11 0.018730 -369.934858
11 -0.007872 -247.841090
11 0.218903 -14.429525
11 -0.050287 -291.522086
11 -0.183931 -1082.928294
11 -0.114224 -456.465947
11 0.111701 -119.631839
11 -0.258782 -1125.437154
11 -0.183495 -1405.169159
11 -0.064487 -1158.623329
11 -0.228292 -1006.745634
11 -0.189347 -1302.719536
11 -0.014134 -464.899648
11 -0.214147 -1693.171977
11 0.008320 -641.693042
11 -0.142411 -1236.086816
11 -0.209084 -3872.483721
11 -0.091662 -672.451326
11 -0.208375 -1129.435946
11 -0.114435 -790.535834
11 -0.042773 -640.680099
11 0.046111 -1207.422002
11 -0.116138 -1252.911183
11 -0.082585 -607.907996
11 0.056327 -471.486434
11 0.045501 -288.171121
11 -0.256949 -1772.570575
11 0.061491 389.466298
11 -0.135645 -875.242953
11 -0.122686 -1674.281676
11 0.006112 -709.045492
11 -0.201062 -1769.010638
11 0.237593 -1112.865519
11 -0.123793 -784.736463
11 -0.007917 -1969.123484
11 -0.260834 -2873.821602
11 0.157104 -2487.888468
11 -0.146246 -2397.550266
11 -0.094863 -1073.887736
11 -0.077745 -627.841511
11 0.369119 104.212541
11 -0.061394 -334.031629
11 0.063411 -269.619372
11 0.063906 -1054.183539
11 -0.010663 -587.112451
11 0.020932 -157.906924
11 -0.015832 -91.667311
11 0.013409 14.207591
11 -0.118559 -878.421415
11 -0.091094 -394.292176
11 -0.014870 -295.562075
11 0.090329 -208.798682
11 0.235600 -1857.708884
11 0.014653 -240.930299
11 -0.250455 -1501.103307
11 0.025447 -162.928043
11 -0.057264 -234.797969
11 -0.274001 -1662.378463
11 -0.077029 -1549.066834
11 -0.100124 -512.530002
11 -0.107048 -799.223675
11 -0.045237 -905.551431
11 -0.178348 -1240.305742
11 -0.050228 -314.994642
11 -0.191941 -883.373650
11 -0.108424 -1153.490381
11 0.078345 82.743235
11 0.145765 123.223719
11 0.122223 149.054890
11 -0.210432 -5657.303305
11 0.006431 -382.171988
11 0.073686 -543.809065
11 -0.127533 -1064.833580
11 0.182842 -1508.904406
11 -0.250333 -2042.667503
11 -0.017586 -285.007360
11 -0.031640 -339.122661
11 -0.017200 -330.457338
11 0.053950 -14.137725
11 -0.011032 -895.859978
11 0.041569 -614.930166
11 -0.041448 -236.796885
11 -0.248558 -1355.503350
11 -0.075220 -559.578971
11 -0.037412 -310.609758
11 -0.118627 -1012.970540
11 -0.019428 -216.235605
11 -0.218107 -2669.700284
11 -0.100735 -976.481807
11 0.003091 -508.934492
11 -0.121916 -1059.743363
11 0.258060 -2374.167995
11 0.180566 -643.469880
11 0.150921 -326.950116
11 -0.138340 -676.325705
11 0.035685 -222.611309
11 -0.125390 -571.137125
11 0.049243 -1082.128118
11 -0.006317 -65.782355
11 0.090593 -1343.377355
11 -0.030984 -658.842891
11 -0.326296 -2450.955150
11 -0.118254 -459.274361
11 -0.147595 -984.352006
11 0.322904 -132.868156
11 -0.109626 -1328.411658
11 -0.157823 -909.039690
11 -0.131042 -605.034092
11 -0.309156 -2627.479110
11 -0.095299 -978.348053
11 -0.146065 -1655.143665
11 0.019278 -669.736845
11 -0.098379 -1081.305623
11 -0.156476 -876.071425
11 -0.184824 -1300.673428
11 -0.012075 -79.677838
11 -0.064094 -693.006527
11 -0.088899 -597.933725
11 -0.080145 -679.824840
11 -0.106289 -1902.029094
11 -0.149352 -1453.969544
11 0.122914 -541.283875
11 0.159923 -1722.447941
11 0.008390 -250.417228
11 -0.044099 -559.967702
11 -0.274622 -1120.925209
11 -0.108603 -563.284987
11 -0.008481 -1168.625119
11 0.131276 -344.015936
11 0.236104 -1211.059638
11 -0.231867 -1348.500243
11 -0.019396 -313.699875
11 -0.072505 -1114.082406
11 -0.125620 -679.105056
11 0.135986 6.730758
11 -0.041358 -634.392477
11 0.010291 -174.920643
11 -0.041455 -1875.040668
11 -0.327825 -1987.209607
11 -0.035732 -545.225625
11 -0.149774 -3266.181225
11 0.136702 -803.292743
11 0.158633 -626.743921
11 0.081295 -176.145599
11 -0.193649 -1859.286207
11 -0.072757 -1248.689227
11 -0.099830 -978.466215
11 -0.037974 -344.059395
11 -0.365256 -1656.733842
11 -0.068048 -956.444531
11 -0.118138 -1421.540785
11 -0.142064 -1520.019919
11 0.000805 -52.916149
11 -0.055369 -457.862777
11 -0.161334 -971.479814
11 -0.299923 -1730.510806
11 0.017151 -572.151558
11 -0.101045 -1082.338163
11 -0.321260 -1915.145190
11 -0.354526 -1938.261663
11 -0.052090 -679.684980
11 -0.240017 -1112.501040
11 -0.231731 -1941.340744
11 -0.044059 -504.295517
11 -0.132632 -1041.757156
11 -0.132913 -1038.792028
11 -0.024274 -882.723772
11 -0.328015 -2853.472862
11 -0.322052 -2902.191623
11 -0.152682 -3362.814119
11 -0.101264 -686.701151
11 -0.202420 -1294.069846
11 0.066415 -199.159503
11 0.065013 -184.668977
11 -0.073009 -539.184700
11 -0.077426 -585.490000
11 -0.073731 -835.129299
11 0.062529 -62.424991
11 -0.146937 -1715.982786
11 -0.289228 -2587.243902
11 0.014270 -405.745756
11 -0.197931 -958.443214
11 0.145603 -287.269834
11 -0.006943 -407.102318
11 0.083312 -208.452498
11 -0.007675 -394.627438
11 -0.117657 -1615.474270
11 -0.097421 -943.331261
11 -0.030498 -503.712768
11 -0.210937 -2006.431989
11 0.182088 -1017.848209
11 -0.114848 -538.427128
11 -0.018958 -415.106645
11 -0.050968 -642.081445
11 -0.004464 -602.945763
11 -0.211959 -1232.952994
11 -0.016106 -333.571757
11 -0.037978 -1032.569891
11 -0.050753 -436.616709
11 -0.147936 -896.366250
11 -0.080132 -973.268283
11 -0.096787 -552.054471
11 0.097803 64.142783
11 -0.019259 -601.758877
11 0.122548 -253.328807
11 -0.082171 -408.723590
11 -0.111556 -748.707343
11 0.001832 -23.677886
11 -0.110145 -752.299099
11 -0.154297 -881.597949
11 -0.077955 -434.064450
11 -0.052325 -481.205850
11 0.170296 -490.993874
11 -0.042609 -995.763472
11 -0.067769 -330.743968
11 0.067185 -13.496667
11 -0.046507 -828.802801
11 -0.025068 -181.916988
11 -0.032921 -237.040403
11 -0.222956 -2232.112446
11 -0.171675 -1120.980918
11 -0.160337 -1240.912894
11 -0.043310 -1047.381176
11 -0.012364 -1412.367659
11 0.129743 -2511.175275
11 -0.098955 -452.051063
11 -0.158269 -1403.731300
11 -0.129234 -948.005771
11 0.159595 -194.847968
11 -0.139479 -1486.474057
11 -0.130211 -666.809564
11 0.044167 146.157366
11 -0.055345 -396.091223
11 0.241041 1183.476166
11 -0.087001 -566.432926
11 -0.091052 -965.112378
11 -0.168471 -1283.138740
11 -0.133272 -1318.697160
11 -0.255191 -2561.336692
11 0.079163 314.042301
11 -0.108486 -529.811687
11 0.111485 -524.574435
11 -0.082907 -1028.730065
11 -0.352379 -1507.986557
11 -0.082471 -1200.769482
11 -0.091610 -753.304584
11 -0.225872 -1703.347390
11 -0.096187 -939.760414
11 -0.104148 -1529.026493
11 0.128791 -860.084953
11 -0.026172 -520.406546
11 -0.069394 -1466.014038
11 -0.032294 -291.693721
11 0.245132 -138.572634
11 0.043482 -751.237672
11 -0.112399 -1701.989482
11 -0.353507 -2421.832387
11 -0.248686 -1093.084171
11 -0.231563 -2131.546113
11 0.162984 24.330089
11 -0.217619 -1004.358336
11 -0.612460 -2107.611093
11 -0.514564 -1870.894303
11 0.006666 6.888353
11 -0.329557 -2076.776762
11 -0.370129 -5610.911585
11 -0.037740 -332.548917
11 -0.016540 -128.783830
11 -0.110682 -754.831334
11 -0.010188 -609.718862
11 -0.118906 -1990.269483
11 -0.089634 -606.962223
11 -0.049290 -816.063889
11 -0.216305 -3754.954100
11 -0.014784 -108.692686
11 -0.161048 -1003.057654
11 -0.002986 -47.594914
11 -0.160628 -689.559944
11 -0.194439 -1351.558889
11 -0.095080 -891.909367
11 0.082140 -380.021785
11 -0.131220 -1470.540395
11 -0.106519 -797.109750
11 -0.140157 -1036.679627
11 0.046555 -1586.099148
11 0.453750 65.006505
11 -0.093139 -849.972409
11 0.067486 -255.437912
11 -0.351247 -4094.367221
11 0.159784 -1832.329302
11 -0.201074 -2051.373784
11 -0.186233 -1343.671115
11 -0.158205 -1601.589532
11 0.095942 -1535.451091
11 -0.012520 -827.536040
11 -0.138466 -1327.092535
11 -0.057743 -493.473891
11 -0.039375 -878.750057
11 -0.214589 -1513.036165
11 -0.076958 -885.914893
11 0.040394 -1396.820876
11 -0.203997 -1666.316423
11 -0.027389 -796.776300
11 0.070538 -1105.845830
11 -0.172355 -1209.346745
11 -0.247126 -979.656961
11 -0.113280 -994.104289
11 -0.176843 -1632.672827
11 -0.071512 -1299.113148
11 -0.076964 -407.115859
11 -0.088284 -419.998997
11 0.167562 -734.538745
11 -0.130714 -1139.547027
11 0.057143 502.984419
11 -0.043697 -1201.639170
11 -0.007509 -1139.338631
11 -0.232596 -2289.676486
11 -0.085045 -1011.408737
11 0.005164 -15.882498
11 -0.081901 -514.782420
11 0.044588 -2688.817294
11 0.145527 -1260.536006
11 0.057258 -2486.777281
11 -0.094411 -1155.395771
11 -0.207166 -1589.253985
11 -0.251714 -2502.918268
11 -0.240466 -1198.616026
11 -0.154483 -704.954202
11 -0.214377 -2038.602830
11 -0.072526 -564.236221
11 0.057602 -156.940779
11 0.022522 -548.808482
11 -0.026633 -114.452567
11 -0.085407 -684.118803
11 0.024701 -73.933585
11 0.023618 -188.268100
11 -0.034325 -299.395543
11 0.019012 -344.513699
11 -0.023878 -751.118270
11 -0.142918 -1088.649147
11 -0.051221 -746.226969
11 0.110871 146.269769
11 -0.193330 -2156.878152
11 0.100171 -212.775372
11 -0.088326 -1367.721796
11 -0.044026 -210.145964
11 -0.053900 -766.371323
11 -0.269509 -1644.481962
11 -0.130031 -1005.589588
11 0.129422 633.051321
11 0.147214 -1054.348598
11 -0.154382 -2689.288088
11 -0.004802 -89.031202
11 -0.143542 -2564.079828
11 0.003872 -225.474150
11 0.234161 -825.134371
11 0.000857 -61.669421
11 -0.052309 -536.221249
11 -0.024508 -303.646344
11 -0.128138 -563.897484
11 -0.071140 -349.419824
11 0.077651 -1457.522401
11 -0.350904 -1196.211821
11 -0.151961 -1417.701904
11 -0.498687 -4518.427478
11 -0.011415 -253.487503
11 -0.032981 -759.099822
11 -0.093541 -2136.074474
11 0.043951 -174.263663
11 -0.170083 -2055.923962
11 -0.194187 -916.966344
11 -0.074120 -344.014861
11 0.029580 -462.740976
11 -0.079167 -600.238472
11 0.095627 -218.062889
11 -0.067486 -345.347242
11 0.043685 -265.703467
11 0.138435 284.756929
11 -0.024247 -508.357101
11 -0.005313 -86.766579
11 -0.139919 -1217.470855
11 -0.068320 -373.946847
11 -0.135175 -1076.806565
11 -0.018827 -407.417565
11 0.046654 -242.426292
11 0.001021 -43.388609
11 -0.004142 -35.887929
11 0.010007 7.471234
11 -0.082637 -538.134373
11 -0.004714 -1396.865752
11 -0.069787 -332.335524
11 -0.020560 -160.638447
11 0.019845 -575.249329
11 -0.206132 -1132.206041
11 0.033839 -345.963705
11 -0.173711 -1087.724255
11 -0.117440 -817.657624
11 0.134071 560.107714
11 0.092520 -104.147488
11 -0.151313 -2245.277871
11 0.062226 -1023.246273
11 -0.041874 -743.072760
11 -0.270166 -2650.660128
11 -0.055614 -886.303296
11 -0.185276 -1285.439115
11 -0.156671 -1116.938579
11 0.171086 -1340.769957
11 0.162374 -908.342805
11 -0.009894 -2929.389661
11 -0.213839 -1577.317224
11 -0.133892 -1421.418276
11 0.047951 -107.395960
11 -0.049603 -795.211305
11 -0.070874 -574.430586
11 -0.083995 -635.029421
11 -0.123172 -1851.461832
11 -0.137168 -945.000026
11 -0.005452 -85.209653
11 0.056579 -1223.178396
11 -0.078031 -676.850495
11 -0.098174 -1139.379361
11 -0.011671 -738.676192
11 -0.289604 -2008.564363
11 -0.212825 -1760.079725
11 0.271329 949.504788
11 -0.138770 -1668.754504
11 -0.142910 -1617.481494
11 0.090362 -1237.997087
11 0.004021 -227.810919
11 -0.092769 -650.294813
11 0.239979 -442.291466
11 -0.068281 -713.598400
11 -0.016343 -397.021305
11 -0.151786 -2363.413689
11 -0.200959 -903.040167
11 0.428319 173.175162
11 -0.113390 -1182.358365
11 0.045794 44.651182
11 0.459510 1801.908505
11 -0.061917 -292.311884
11 -0.184752 -1095.141030
11 0.197365 1058.047933
11 -0.064481 -531.314597
11 -0.005475 -1292.156126
11 0.168210 -332.517991
11 -0.321493 -3639.114109
11 0.018872 -2096.063523
11 -0.021186 -781.258501
11 0.070309 17.363984
11 -0.147229 -707.607497
11 -0.108315 -1175.842388
11 -0.035144 -999.436497
11 -0.094248 -765.865116
11 0.134776 -1386.611573
11 -0.018864 -1560.613357
11 0.224246 1816.724641
11 -0.678266 -2530.793050
11 -0.183793 -3449.923432
11 0.214836 -2456.497761
11 0.025536 -97.388392
11 0.039553 -567.770219
11 -0.049398 -393.950610
11 -0.136322 -2608.427934
11 -0.232577 -1658.783431
11 -0.031317 -295.534373
11 0.045805 -837.502906
11 -0.129164 -1851.700633
11 0.007552 -981.929177
11 0.105795 -1010.150933
11 0.019272 96.722668
11 -0.117590 -1032.164094
11 -0.163804 -761.098594
11 -0.068813 -657.876620
11 -0.119206 -821.685004
11 -0.145022 -2741.709294
11 -0.073397 -331.389617
11 -0.005983 -38.935496
11 -0.080102 -670.964032
11 -0.133078 -890.599364
11 0.181449 -300.730374
11 -0.181491 -1273.879952
11 -0.093258 -786.906463
11 -0.130322 -576.269939
11 -0.143102 -841.439752
11 -0.179334 -903.570346
11 0.260425 -1713.688003
11 -0.004147 -2281.335670
11 0.023229 7.951696
11 -0.133598 -1126.437509
11 -0.062065 -749.863501
11 -0.111803 -2418.861661
11 0.081434 -570.991013
11 -0.046418 -344.331036
11 -0.003619 -1487.495962
11 -0.002182 -227.329403
11 -0.040647 -300.516832
11 -0.029657 -248.874743
11 -0.053189 -481.019300
11 0.036938 -1155.445062
11 -0.202339 -888.640203
11 -0.107857 -1130.081769
11 -0.007914 -274.037972
11 -0.167610 -1431.030867
11 -0.246322 -2004.276681
11 0.085522 -1125.448294
11 -0.002126 -103.419691
11 0.091626 -602.821322
11 -0.072051 -623.111802
11 -0.063670 -461.940409
11 -0.046586 -840.252959
11 0.099867 -327.302908
11 0.135133 -333.846838
11 -0.001328 -659.646491
11 0.022995 -512.418897
11 -0.082533 -360.175081
11 -0.160462 -1895.346255
11 -0.110316 -1080.460535
11 -0.007634 -513.204170
11 -0.029584 -345.568327
11 -0.033537 -1772.284055
11 -0.034416 -429.221555
11 -0.005389 -4464.597293
11 -0.220620 -1430.829757
11 -0.029891 -963.441050
11 -0.250465 -1410.817510
11 -0.069479 -1062.546653
11 0.122999 31.650339
11 -0.177738 -1256.477177
11 0.112596 193.720120
11 -0.057952 -718.223446
11 -0.083807 -1107.931720
11 -0.107032 -747.657494
11 -0.075242 -694.468268
11 -0.083970 -852.549073
11 -0.098609 -1013.181553
11 0.020466 4.375375
11 -0.121221 -898.080129
11 0.071392 -204.050780
11 -0.056725 -708.157022
11 0.116042 -73.670899
11 -0.079034 -345.026098
11 -0.172189 -818.904628
11 -0.125625 -1322.758355
11 0.107948 -1310.043601
11 0.117799 6.851975
11 -0.056008 -239.140664
11 -0.029748 -930.134222
11 0.021259 -2980.531169
11 -0.100612 -473.317554
11 -0.140575 -1173.846656
11 -0.123992 -1190.933489
11 -0.126056 -1618.672017
11 -0.088096 -611.392441
11 -0.040910 -284.723361
11 0.470793 393.131084
11 -0.163339 -786.989883
11 -0.176837 -886.222357
11 0.040884 -89.252826
11 -0.331727 -2452.429070
11 -0.081786 -1303.621094
11 -0.121265 -1264.110989
11 -0.009235 -259.978477
11 -0.214851 -936.890302
11 -0.160198 -1621.335044
11 -0.122664 -1427.622498
11 0.128664 -2255.115448
11 -0.044932 -378.517794
11 -0.075109 -773.334296
11 0.151798 -385.349962
11 0.017954 53.772696
11 -0.047849 -841.748554
11 0.010580 -276.711031
11 -0.128727 -598.000053
11 0.123500 -337.338725
11 -0.200029 -1093.448999
11 -0.049196 -277.435094
11 0.262876 410.662444
11 -0.026177 -397.490420
11 0.138643 -1014.872972
11 -0.078516 -737.195128
11 -0.029950 -197.399701
11 0.058561 -768.753247
11 -0.141547 -979.473446
11 0.065192 54.874308
11 -0.029085 -222.649319
11 -0.101227 607.995511
11 -0.077304 -458.236155
11 -0.156242 -1296.200899
11 -0.104580 -1063.347208
11 -0.014202 -218.429257
11 -0.041923 -1437.521683
11 0.058858 -258.384897
11 -0.010240 -150.531119
11 -0.350184 -1588.277611
11 -0.060116 -307.972573
11 -0.067798 -492.818920
11 0.119253 -276.568062
11 -0.180853 -1413.564685
11 -0.037684 -335.014101
11 -0.007380 -89.429942
11 -0.067488 -2086.858907
11 -0.319892 -1219.897742
11 -0.195121 -1351.950382
11 -0.070632 -1027.630228
11 -0.122503 -1148.099534
11 -0.037287 -255.223543
11 -0.083477 -1557.911056
11 -0.113616 -848.176120
11 -0.005667 -153.802666
11 -0.106030 -753.468173
11 -0.222696 -3528.590018
11 -0.106803 -926.843087
11 -0.150388 -1017.640285
11 -0.327039 -1524.892627
11 0.043157 -669.231432
11 0.025764 -264.084178
11 0.003840 -200.854200
11 -0.064479 -698.020018
11 -0.019225 -128.640432
11 0.085717 -1408.165337
11 -0.218568 -1740.744729
11 -0.102650 -1057.268290
11 -0.035074 -208.662657
11 -0.168620 -763.059628
11 0.001188 -230.846955
11 0.049063 -351.793869
11 -0.055369 -461.713805
11 -0.018966 -1333.213808
11 -0.047811 -816.309863
11 -0.048571 -921.588862
11 0.164292 -709.495490
11 0.355148 -986.484169
11 -0.586565 -2043.582355
11 -0.041553 -790.101030
11 -0.013454 -920.555519
11 -0.042790 -730.812277
11 -0.106964 -1059.431509
11 -0.237898 -2492.992155
11 -0.175286 -2082.397233
11 -0.134286 -505.450848
11 -0.182787 -1232.695830
11 -0.046160 -487.562544
11 0.019265 -309.238167
11 -0.255007 -1832.837085
11 -0.287469 -2100.042825
11 0.277003 -1147.511080
11 -0.045088 -452.054888
11 -0.060139 -1183.074626
11 -0.073706 -761.417746
11 -0.000431 -73.745173
11 -0.051161 -664.310981
11 0.004964 -33.203918
11 -0.166510 -1095.092637
11 -0.319297 -1821.452062
11 0.005654 -295.337887
11 0.234276 127.082098
11 -0.174868 -3037.130970
11 -0.170710 -1252.055145
11 0.023000 -589.153752
11 0.013165 -1065.226286
11 -0.049164 -481.334530
11 -0.085568 -608.314434
11 -0.110441 -503.522321
11 -0.248708 -3735.289618
11 -0.010030 -2036.117799
11 -0.016756 -210.108441
11 -0.087353 -1009.439232
11 0.256130 -2152.212565
11 -0.024126 -342.025563
11 -0.098018 -666.125552
11 -0.078348 -375.290859
11 -0.034513 -426.811296
11 -0.248010 -1438.735529
11 -0.101481 -989.536914
11 -0.058968 -696.435320
11 -0.161497 -1083.845873
11 -0.076996 -400.693311
11 -0.389716 -3397.155655
11 -0.215475 -1611.874071
11 0.050079 -735.981305
11 -0.014249 -565.148491
11 -0.142739 -1438.767730
11 -0.006899 -971.308765
11 -0.148160 -938.603809
11 -0.115506 -703.509166
11 -0.233135 -978.663184
11 -0.040956 -669.439108
11 -0.167613 -886.797575
11 -0.013503 -208.040202
11 0.272672 -310.477619
11 -0.073002 -1076.162588
11 -0.377180 -6463.473123
11 -0.099784 -755.446276
11 0.256747 339.716331
11 -0.096679 -707.976991
11 -0.077767 -386.421190
11 0.053375 -484.398915
11 -0.055975 -449.192442
11 0.075768 -769.273908
11 0.036151 -1031.624936
11 0.030899 -360.095870
11 0.026003 -196.302168
11 -0.020592 -669.722598
11 0.077563 -398.671727
12 -0.066340 -515.783948
12 0.215996 247.321753
12 -0.012987 -666.216925
12 0.158985 -1191.953372
12 -0.125983 -597.627951
12 -0.089362 -508.778054
12 -0.340646 -1444.259779
12 -0.092234 -1083.421495
12 -0.095885 -1053.574778
12 0.102730 -591.714691
12 -0.010708 -269.640893
12 -0.088780 -780.109230
12 -0.039489 -860.332879
12 0.012223 -668.134898
12 -0.068299 -494.494357
12 -0.035973 -484.453611
12 -0.202522 -1401.417344
12 0.030408 -31.140486
12 -0.065924 -376.649680
12 -0.320583 -1910.382565
12 -0.413587 -2017.169425
12 -0.107134 -2484.596344
12 0.135045 -1075.641458
12 -0.135268 -807.903781
12 0.006847 -170.766994
12 -0.059814 -1346.740971
12 -0.052379 -845.576659
12 -0.213565 -1023.744257
12 -0.018126 -158.342160
12 -0.092829 -1022.670972
12 -0.068962 -479.333352
12 -0.071983 -620.358036
12 -0.222722 -2366.645884
12 -0.125184 -690.010676
12 -0.126869 -672.648859
12 -0.087304 -661.881841
12 -0.376057 -5267.341773
12 -0.241362 -1403.508452
12 -0.001914 -107.356739
12 -0.203115 -1477.319940
12 -0.089611 -517.399160
12 -0.159757 -1755.845371
12 -0.042089 -1395.081879
12 -0.106591 -1292.300771
12 -0.048773 -390.025014
12 0.002378 -124.399269
12 -0.104854 -532.224431
12 -0.142181 -709.697557
12 0.013611 -302.078267
12 -0.117070 -1556.777961
12 -0.167544 -905.030077
12 -0.016385 -142.970978
12 -0.106710 -730.011489
12 0.085415 209.873087
12 -0.119992 -591.870656
12 -0.160802 -965.502268
12 -0.108643 -1985.615360
12 -0.206011 -2167.357915
12 -0.039523 -235.465103
12 -0.030516 -776.796812
12 0.205374 54.402749
12 -0.068697 -647.748402
12 -0.139017 -1326.454865
12 -0.164451 -2837.443904
12 -0.062814 -660.016647
12 -0.079458 -725.130747
12 0.100973 -456.608508
12 -0.103729 -578.570699
12 -0.067431 -345.712949
12 0.086250 -47.468608
12 0.020632 -1578.968187
12 -0.002878 -51.023826
12 -0.025634 -210.911236
12 0.000208 -291.181063
12 -0.016226 -243.845720
12 -0.291276 -1765.258996
12 -0.140525 -638.379861
12 -0.066753 -585.607805
12 0.124604 60.462981
12 -0.104925 -1370.739580
12 0.121432 -487.429855
12 -0.233598 -1712.992928
12 -0.067594 -683.091973
12 0.009538 -438.971459
12 0.002418 -41.623422
12 0.025151 39.099789
12 -0.072261 -357.545899
12 -0.162222 -968.415330
12 0.102414 -1116.770872
12 -0.076921 -1066.666552
12 -0.013534 -182.466652
12 -0.164464 -2187.818554
12 -0.188688 -759.559379
12 -0.078562 -2148.334227
12 0.045374 -1011.145132
12 0.060151 -636.041410
12 0.070107 -506.063363
12 0.157354 429.770681
12 -0.094507 -579.277764
12 -0.156068 -2033.469863
12 -0.111190 -901.191905
12 -0.135024 -750.300051
12 -0.309812 -1648.515526
12 -0.082647 -1308.984884
12 -0.237881 -2543.631551
12 0.126532 -571.567784
12 0.064557 -657.377624
12 0.041730 -471.071464
12 -0.187100 -2205.421787
12 -0.195254 -849.217398
12 0.153295 -404.286821
12 -0.012940 -73.343396
12 0.102827 201.416206
12 -0.106457 -975.494094
12 0.040221 -875.668977
12 -0.237450 -1338.457553
12 -0.062553 -282.938896
12 -0.227794 -1183.763990
12 -0.126676 -1081.318542
12 -0.005777 -738.505029
12 -0.083879 -1014.960504
12 -0.098916 -522.119346
12 -0.202124 -1752.780286
12 -0.308417 -2154.910498
12 0.034327 -19.192303
12 -0.075480 -326.585668
12 -0.054456 -304.334507
12 -0.116861 -777.390632
12 -0.089129 -422.834853
12 -0.164558 -1182.582285
12 -0.028972 -1376.893645
12 -0.042349 -294.917966
12 -0.071456 -469.334896
12 -0.009039 -268.721903
12 -0.412658 -3022.789961
12 -0.130583 -877.179889
12 -0.108520 -1164.617979
12 -0.106026 -945.250725
12 -0.068275 -543.946864
12 0.149133 -436.972084
12 -0.002122 -693.869985
12 -0.135357 -675.980490
12 -0.119649 -899.213554
12 -0.028231 -1066.508634
12 -0.083383 -1360.732478
12 0.001642 -294.552728
12 -0.082329 -1106.629234
12 -0.164092 -1725.899313
12 -0.080916 -473.234568
12 0.194026 -215.101048
12 0.076724 -514.424116
12 0.118359 -586.865908
12 0.140245 -885.773017
12 -0.009857 -278.149501
12 -0.240967 -1295.923016
12 0.049142 -824.093106
12 -0.086202 -839.349598
12 -0.182184 -988.858616
12 0.139492 -1380.117231
12 -0.095127 -938.587842
12 0.067553 -860.609043
12 -0.046651 -173.648710
12 -0.008817 -192.373957
12 -0.121722 -888.000722
12 0.042314 -126.129307
12 0.080737 -368.032033
12 -0.031365 -263.444709
12 -0.481881 -4393.208169
12 -0.209998 -1583.790907
12 0.032063 -1276.029191
12 0.125819 -55.135364
12 -0.041748 -428.411477
12 0.189025 -1300.814435
12 0.055182 152.040723
12 -0.059743 -555.375716
12 -0.234530 -1553.555000
12 -0.043114 -1003.150572
12 -0.289263 -2552.222619
12 -0.260357 -2223.131269
12 -0.015665 -201.352605
12 0.144288 -788.598532
12 -0.046639 -1464.738047
12 0.094609 -251.655984
12 -0.055066 -380.482084
12 -0.034687 -1715.321599
12 0.109713 -1701.560136
12 0.021462 -347.647754
12 0.148395 -2333.118385
12 -0.036173 -294.420580
12 0.164074 305.642777
12 -0.039801 -291.932126
12 0.105441 -486.727059
12 -0.223028 -1108.785521
12 0.147816 -610.682803
12 -0.286690 -1390.348901
12 0.103239 97.388170
12 -0.211376 -2781.562064
12 -0.121966 -650.856864
12 -0.168533 -1799.360726
12 -0.070725 -389.155848
12 -0.080700 -381.928415
12 -0.079706 -628.689157
12 -0.105873 -784.313724
12 -0.103118 -728.236025
12 0.214629 3.667638
12 -0.019273 -523.699832
12 -0.081973 -724.724649
12 0.054239 -450.757515
12 -0.276488 -1909.281875
12 -0.109662 -1431.470746
12 -0.254057 -1069.673243
12 -0.452335 -1844.719802
12 0.295309 4289.760850
12 -0.025961 -417.356430
12 0.061043 -897.307988
12 -0.325099 -2290.361630
12 -0.059634 -513.559609
12 -0.087661 -387.209449
12 -0.180169 -2150.126415
12 0.082645 -264.525741
12 -0.052884 -639.477030
12 -0.279435 -3866.584629
12 -0.018166 -655.291323
12 -0.038933 -921.001734
12 -0.091075 -1069.226935
12 -0.331437 -1183.778410
12 -0.053316 -383.958001
12 -0.234093 -3673.297877
12 0.160585 -246.878441
12 -0.252898 -2659.479698
12 0.021283 -510.840145
12 -0.160351 -1362.549948
12 0.029393 -1536.022259
12 -0.203341 -976.590817
12 0.255320 1950.594060
12 -0.038851 -285.485297
12 -0.037964 -906.988803
12 0.099353 44.669175
12 -0.036218 -605.413760
12 -0.173431 -828.610047
12 0.263672 185.399371
12 -0.143543 -1029.451969
12 -0.209846 -1528.300086
12 -0.073227 -1247.619378
12 -0.259590 -2453.398455
12 0.440287 -1294.049247
12 0.000732 -110.383469
12 -0.104232 -1074.562802
12 -0.371171 -2262.127254
12 -0.032868 -461.245079
12 0.001230 -30.666794
12 -0.011997 -127.387689
12 -0.073234 -544.435199
12 -0.064780 -462.661857
12 -0.072324 -1107.204434
12 -0.088469 -1158.234864
12 -0.122405 -840.924038
12 -0.289085 -2115.749650
12 -0.087239 -1021.946661
12 -0.045966 -1462.854746
12 -0.060691 -356.445595
12 -0.238698 -1435.232194
12 -0.137279 -1307.484077
12 0.070988 101.926291
12 0.005273 -19.168387
12 0.138906 -313.100148
12 -0.171232 -1580.023075
12 -0.245952 -1427.834134
12 -0.177263 -1808.111870
12 0.076802 -1095.451456
12 -0.007878 -489.987843
12 -0.107053 -1224.672989
12 -0.090882 -500.609049
12 -0.140357 -861.379888
12 -0.059944 -1770.140144
12 0.038056 -670.120317
12 -0.091676 -659.747669
12 -0.000962 -299.072986
12 -0.190847 -1446.636190
12 -0.181121 -1690.990163
12 -0.025976 -484.500911
12 0.014051 -277.438363
12 -0.024344 -537.812055
12 -0.160815 -1314.252753
12 -0.013209 -447.429292
12 0.057511 -7.943978
12 -0.039753 -248.164746
12 -0.055030 -1208.205781
12 -0.015371 -1618.288475
12 -0.065012 -577.212119
12 -0.264554 -1821.281352
12 -0.008966 -188.024815
12 -0.141270 -708.799430
12 0.321069 160.116764
12 0.085835 -1309.292552
12 -0.148615 -770.507993
12 -0.143948 -888.002055
12 0.088534 -1069.836608
12 0.087538 -1085.935291
12 -0.113698 -1400.295128
12 0.161053 -1013.388731
12 0.031403 -210.487131
12 0.130644 -894.929380
12 -0.047326 -240.226329
12 -0.007148 -425.553958
12 -0.111926 -476.666848
12 -0.017037 -296.194017
12 0.046814 -1524.534192
12 0.159163 -1793.457116
12 0.052102 -817.157838
12 -0.074089 -846.769989
12 -0.026775 -962.724385
12 -0.111127 -2499.717794
12 0.034793 -2267.006455
12 0.067213 -309.710649
12 -0.201880 -1222.061213
12 -0.061462 -923.313247
12 0.097981 -344.423460
12 -0.081710 -700.012774
12 -0.093391 -633.425295
12 -0.218144 -1552.281024
12 0.006679 -74.128705
12 -0.149375 -668.938492
12 -0.226624 -1785.763080
12 0.006148 -153.437998
12 -0.092855 -819.496450
12 -0.045751 -1184.848564
12 -0.216195 -1623.883727
12 -0.044486 -1626.841143
12 -0.053111 -1284.231076
12 -0.064922 -2699.993056
12 -0.098258 -744.574477
12 -0.096873 -731.787852
12 -0.273073 -1323.981699
12 -0.056042 -789.231458
12 0.005020 -627.366232
12 -0.211711 -1216.431841
12 -0.221446 -1080.225459
12 -0.034202 -1463.947531
12 0.155477 1582.695984
12 -0.071008 -478.709075
12 -0.108695 -1196.428853
12 -0.258126 -1137.020448
12 -0.022747 -596.673974
12 -0.104675 -533.747737
12 -0.042938 -202.088674
12 -0.119280 -1847.245530
12 -0.011620 -1245.483367
12 -0.088019 -745.789760
12 0.082184 111.763279
12 -0.068860 -641.569966
12 -0.029383 -362.860690
12 -0.184384 -953.550639
12 -0.004204 -713.895646
12 0.134873 -302.470214
12 0.041380 -972.606774
12 0.066896 -540.561251
12 -0.065733 -1037.746857
12 0.008724 -645.466274
12 -0.180569 -1294.292972
12 0.037579 -75.260783
12 -0.062593 -425.636611
12 -0.004910 -211.676365
12 -0.234978 -1432.875588
12 -0.066961 -416.174467
12 -0.239129 -1478.615253
12 -0.053642 -447.426260
12 -0.065070 -594.470205
12 -0.019986 -639.744280
12 -0.023845 -597.385370
12 -0.203444 -1145.048130
12 0.053133 -749.921226
12 -0.045589 -395.708802
12 -0.160939 -800.699032
12 0.039251 -516.760512
12 -0.001951 -278.099433
12 -0.316791 -1494.973408
12 -0.012584 -96.792086
12 -0.023414 -506.731530
12 -0.278435 -1137.993925
12 -0.083071 -538.194381
12 -0.017465 -801.353187
12 -0.149885 -1463.071089
12 -0.155278 -1631.612382
12 -0.211425 -5843.943077
12 -0.072281 -707.199525
12 -0.037678 -1043.759169
12 -0.065939 -1931.723974
12 0.026520 -2237.949708
12 -0.252580 -2855.238384
12 -0.105519 -693.357056
12 -0.138345 -1883.828657
12 0.209536 -483.584592
12 -0.006464 -1413.749756
12 -0.025560 -1112.308929
12 -0.022005 -188.329515
12 -0.002455 -410.818773
12 -0.099166 -623.856458
12 -0.109843 -682.297000
12 -0.086801 -550.509891
12 -0.158246 -1323.757498
12 -0.207640 -1533.968106
12 0.260846 42.675847
12 -0.005924 -2092.604983
12 0.022698 -313.993040
12 0.151589 -867.864896
12 -0.009574 -252.260775
12 -0.043421 -779.563406
12 -0.257374 -2278.045685
12 -0.016694 -814.409942
12 0.066262 -1354.065618
12 0.012573 -882.358275
12 -0.093042 -650.442776
12 -0.013471 -82.356212
12 -0.274498 -2161.015201
12 0.008375 -1012.068988
12 0.140440 -1645.077474
12 0.227351 -45.792867
12 -0.045571 -997.994150
12 -0.157683 -751.871049
12 -0.029455 -630.380918
12 -0.080042 -1282.836097
12 -0.022090 -1232.036137
12 -0.046242 -386.130182
12 -0.098919 -1716.502735
12 -0.090850 -554.322580
12 0.062597 -86.940753
12 0.020614 -485.653493
12 -0.125518 -479.978913
12 -0.008877 -2704.531223
12 -0.091090 -1824.319493
12 -0.030318 -701.250976
12 -0.004056 -637.118127
12 -0.060252 -537.877739
12 0.103814 -89.809302
12 0.030524 -1275.259759
12 -0.338360 -2829.514652
12 -0.123411 -1088.952003
12 -0.071226 -591.179619
12 0.043156 -241.052195
12 0.079215 -199.643507
12 -0.034645 -137.046396
12 0.020859 -241.892798
12 0.083665 349.392406
12 -0.216083 -2896.327531
12 -0.179730 -761.517831
12 -0.150084 -1032.169502
12 0.288505 -315.800762
12 0.002719 -191.986111
12 -0.098813 -874.890093
12 0.013403 -3314.264719
12 -0.003378 -840.587817
12 -0.033762 -199.298898
12 0.049795 -34.863961
12 -0.074292 -593.199601
12 0.188472 159.044936
12 -0.057209 -470.490740
12 -0.068496 -1808.371725
12 -0.085570 -897.093011
12 -0.446561 -2745.120493
12 -0.140928 -1162.922183
12 -0.111659 -562.162834
12 -0.104342 -678.697279
12 -0.088712 -1071.325272
12 -0.120980 -519.267413
12 -0.006171 -1804.667258
12 -0.437564 -1707.060299
12 -0.039161 -677.897588
12 -0.104993 -927.757054
12 0.371904 -337.720332
12 0.087668 -695.228059
12 -0.099539 -643.506741
12 -0.256282 -2085.203767
12 0.035434 214.810670
12 -0.208336 -1007.053395
12 0.004677 -92.587561
12 -0.113928 -1974.330335
12 -0.197481 -1865.636322
12 -0.064489 -676.789662
12 0.023711 1.967667
12 -0.049911 -361.936553
12 -0.083971 -480.331120
12 0.008425 -1120.050240
12 0.030314 -506.490909
12 -0.208454 -1991.194161
12 -0.024040 -474.378763
12 0.089955 5.552813
12 -0.066181 -1000.456495
12 -0.351994 -1440.652581
12 -0.111606 -1079.211534
12 0.098080 -135.805347
12 -0.071472 -548.187257
12 0.064534 -766.252756
12 -0.366289 -1705.843488
12 -0.013744 -606.222858
12 -0.211353 -1197.117749
12 -0.058617 -365.001276
12 -0.158279 -1114.539139
12 -0.010341 -99.300467
12 -0.254906 -1153.543898
12 -0.076423 -2380.987495
12 0.024618 68.956362
12 -0.106232 -496.773278
12 -0.205535 -869.353521
12 -0.077631 -519.620480
12 -0.145968 -1925.245460
12 -0.020644 -209.746137
12 0.032863 -37.736363
12 -0.040956 -319.329865
12 -0.029718 -819.797219
12 -0.106816 -786.019010
12 -0.117385 -1579.035819
12 -0.015226 -156.397391
12 0.058059 -262.801615
12 -0.082494 -615.199011
12 0.262120 69.902349
12 -0.119672 -1508.069290
12 -0.091361 -1450.692444
12 -0.234528 -1145.410584
12 -0.017592 -190.619004
12 -0.052561 -394.077028
12 -0.022914 -469.731357
12 -0.055533 -319.892482
12 -0.077731 -920.959290
12 -0.066136 -403.508282
12 0.001664 -278.945402
12 -0.069653 -513.469455
12 0.013728 -734.610894
12 -0.101226 -548.831700
12 0.121315 -1184.578005
12 -0.329002 -1439.931280
12 -0.205212 -1743.832564
12 -0.112270 -644.119716
12 -0.052558 -1101.061621
12 -0.352380 -1522.357722
12 -0.055702 -527.541773
12 -0.045325 -521.245191
12 -0.075895 -350.103144
12 -0.331950 -2141.396924
12 -0.159659 -1518.974407
12 -0.177872 -1250.906126
12 -0.080933 -619.659547
12 -0.166977 -2523.947443
12 -0.050516 -431.536192
12 -0.023321 -360.323201
12 -0.131123 -930.797350
12 -0.093179 -960.674256
12 0.144526 -1255.579235
12 0.116892 -179.690221
12 -0.148123 -885.226385
12 -0.041825 -406.131145
12 0.064628 -362.041255
12 -0.130994 -525.576526
12 -0.139510 -963.132901
12 -0.265071 -2352.879619
12 -0.034360 -431.883331
12 -0.258640 -1151.136385
12 0.051579 -616.168762
12 -0.036003 -2780.192611
12 -0.091798 -680.221080
12 -0.011077 -242.309436
12 -0.137050 -1034.112605
12 -0.169790 -2117.035899
12 -0.164798 -1553.403795
12 0.350703 -2302.559370
12 -0.061754 -2801.520724
12 0.068599 -2707.724797
12 -0.004297 -612.666296
12 -0.204962 -1757.591356
12 0.021877 -488.848972
12 0.159100 1049.703537
12 0.149204 803.122434
12 -0.102315 -705.525694
12 -0.181902 -1358.857273
12 0.024005 201.841420
12 -0.138220 -1507.030310
12 -0.085699 -1342.675539
12 -0.177935 -1739.449109
12 0.045551 -570.559355
12 -0.003904 -196.002597
12 -0.083652 -559.603246
12 -0.058386 -445.988844
12 -0.044663 -318.692637
12 0.003616 -340.831927
12 -0.001591 -176.174240
12 -0.047634 -890.410918
12 0.032396 -730.053895
12 -0.080678 -420.132432
12 -0.235168 -1663.185722
12 -0.098953 -1327.769898
12 0.004385 -1303.266849
12 -0.030181 -1672.704198
12 -0.021519 -258.250560
12 -0.133832 -1979.368321
12 -0.203283 -2081.737734
12 -0.024219 -521.546896
12 -0.044781 -1392.780123
12 -0.085207 -1661.842915
12 -0.097532 -431.190462
12 0.028125 -88.631621
12 -0.036521 -325.223066
12 -0.141834 -1554.583158
12 0.062794 -103.630100
12 -0.108110 -884.512563
12 0.072377 3.069839
12 -0.147553 -989.093522
12 -0.112844 -809.101675
12 -0.114688 -683.336133
12 -0.008615 -79.457857
12 -0.001273 -97.621309
12 -0.229884 -1701.201526
12 0.100578 -394.785460
12 -0.272267 -2412.771983
12 -0.193098 -1338.600601
12 -0.002397 -105.874347
12 -0.040990 -725.298930
12 -0.166179 -1036.139793
12 -0.066085 -540.156685
12 -0.067803 -628.322526
12 -0.005387 -143.417972
12 -0.111367 -749.562883
12 -0.028644 -628.100611
12 0.099162 -171.540781
12 -0.071334 -522.330389
12 0.092639 47.038167
12 -0.064169 -1091.627932
12 0.249174 -133.896251
12 -0.029499 -230.799587
12 0.007670 -54.985341
12 0.022206 -79.376136
12 -0.061171 -591.099659
12 -0.129262 -1568.390457
12 -0.026707 -256.192656
12 0.387166 -1307.105264
12 -0.359937 -1785.893892
12 -0.192516 -1077.922446
12 -0.014469 -107.668005
12 -0.169729 -714.242290
12 -0.065128 -390.016624
12 -0.045480 -1685.921227
12 -0.057496 -975.492903
12 -0.026968 -519.334639
12 0.165768 -1390.317353
12 -0.204666 -2068.836121
12 -0.053570 -448.659497
12 -0.158162 -912.193279
12 -0.101629 -1080.837650
12 -0.065821 -512.090448
12 -0.065229 -506.697145
12 -0.134258 -1558.747208
12 -0.133031 -1547.066595
12 -0.196303 -1394.730542
12 -0.140442 -1079.747063
12 0.368022 -604.412085
12 -0.017478 -936.595903
12 0.092026 -113.066789
12 -0.028211 -443.088418
12 0.057908 -378.533412
12 -0.337041 -2292.942515
12 0.063587 -414.071731
12 0.045166 -13.725190
12 0.150219 -202.125144
12 -0.218240 -2392.072488
12 -0.189814 -1674.624498
12 -0.169478 -1142.260318
12 0.014801 -1270.567503
12 0.023163 -61.461432
12 -0.163132 -1668.664367
12 -0.041601 -574.459300
12 -0.037560 -812.669005
12 -0.153960 -962.016524
12 -0.211513 -1158.236306
12 0.059996 -246.351274
12 -0.002175 -659.869010
12 0.003050 -550.442324
12 -0.236088 -1420.040410
12 -0.235409 -1170.897749
12 -0.039555 -282.275029
12 0.067095 46.320315
12 -0.029238 -129.275109
12 -0.016967 -118.239575
12 -0.120733 -618.812620
12 -0.169602 -688.026785
12 -0.091129 -853.455705
12 -0.182385 -1281.025212
12 -0.030428 -340.774062
12 0.247865 -157.947210
12 -0.208301 -2172.766522
12 -0.012604 -840.703586
12 -0.114595 -984.348924
12 -0.105572 -1904.153094
12 -0.167606 -1227.161366
12 0.093575 -1104.569781
12 0.033342 -911.960219
12 0.156141 19.115594
12 -0.040161 -843.844678
12 0.008946 -553.499742
12 -0.005662 -72.542904
12 -0.252527 -1836.920094
12 -0.174124 -3391.466320
12 0.060321 -295.750587
12 -0.015078 -72.935128
12 -0.290084 -2189.615063
12 -0.119196 -832.822696
12 -0.238580 -1796.588086
12 -0.237415 -1819.491106
12 -0.234797 -2686.977986
12 0.185406 -407.078325
12 -0.045002 -391.781359
12 -0.323852 -3386.752923
12 -0.016008 -672.866361
12 -0.088411 -1366.559543
12 0.063584 -344.701140
12 -0.056268 -474.911513
12 -0.072330 -330.172385
12 -0.271372 -2287.342977
12 -0.102764 -855.811864
12 0.022022 -273.496879
12 -0.397292 -2467.159534
12 0.204254 -1384.110633
12 -0.184088 -726.176565
12 -0.142875 -779.218054
12 -0.217153 -2451.458597
12 -0.093363 -734.122934
12 -0.113908 -933.263404
12 -0.020189 -513.427139
12 -0.064753 -1117.320785
12 -0.058464 -1072.568811
12 -0.095846 -2457.180220
12 0.138974 -1138.236229
12 -0.143049 -1068.564528
12 0.171621 -373.800968
12 0.001756 -276.244204
12 -0.052711 -614.019980
12 -0.042321 -1068.348285
12 -0.136382 -589.336172
12 -0.070040 -1369.201343
12 0.036805 -756.504773
12 -0.062899 -743.930623
12 0.002478 -616.327465
12 -0.504574 -4600.246585
12 0.113818 -96.329820
12 0.130574 -696.533804
12 0.134640 -262.797805
12 0.055804 -1424.829583
12 -0.032968 -168.167340
12 -0.073413 -1383.636799
12 0.022753 -358.550263
12 -0.018415 -141.627947
12 -0.039701 -1318.291142
12 -0.217152 -2494.085003
12 -0.047347 -1492.140064
12 -0.097412 -703.544564
12 -0.082706 -886.780461
12 -0.052371 -384.765404
12 0.032907 -77.408139
12 -0.203953 -1116.868643
12 -0.134045 -592.691070
12 0.073090 -30.944856
12 -0.052998 -390.047143
12 -0.009389 -92.935325
12 -0.055813 -403.244869
12 -0.079222 -1345.418958
12 0.049830 -51.346512
12 0.122575 3.547405
12 -0.110614 -848.505963
12 -0.093375 -1141.164321
12 -0.020801 -1003.556903
12 -0.144485 -1765.664989
12 0.039689 -231.834884
12 -0.017993 -152.385811
12 -0.067526 -529.586046
12 -0.087436 -1348.481240
12 -0.106491 -959.480720
12 -0.030205 -556.808083
12 -0.106782 -710.534466
12 -0.042186 -559.561986
12 -0.284358 -1438.576146
12 -0.007927 -1164.577998
12 -0.122000 -3198.543132
12 -0.203861 -1928.773066
12 0.057346 -404.362973
12 -0.160942 -781.018211
12 -0.249479 -1559.449718
12 0.019646 -146.157076
12 -0.015809 -198.442950
12 -0.146585 -1009.379001
12 -0.048565 -494.956347
12 -0.205261 -983.550334
12 -0.405978 -3779.898667
12 0.025528 50.632608
12 -0.030836 -267.172911
12 -0.099936 -1406.639073
12 -0.255899 -5093.356960
12 -0.149218 -970.817064
12 -0.124793 -2207.870734
12 -0.034820 -697.777483
12 -0.073024 -1097.226583
12 -0.191596 -1363.275198
12 -0.138736 -1486.884103
12 0.145591 -2743.801465
12 -0.214983 -1669.453648
12 -0.101646 -1177.583955
12 -0.078158 -627.925734
12 -0.190720 -2602.498718
12 0.028238 -916.318189
12 -0.110900 -683.874056
12 -0.157217 -1073.229515
12 -0.202346 -1831.555518
12 -0.129651 -887.834864
12 -0.068514 -495.489157
12 -0.066599 -752.020165
12 -0.156502 -1630.649761
12 -0.223243 -1217.750454
12 -0.068404 -1493.348546
12 -0.195449 -1895.329297
12 0.004602 -357.934541
12 -0.047109 -1501.106213
12 -0.275767 -2757.613765
12 -0.094567 -625.555041
12 -0.213335 -1178.429788
12 -0.049238 -451.770947
12 0.020449 63.258520
12 -0.119731 -670.490551
12 -0.233996 -1272.655925
12 -0.204319 -900.992450
12 -0.015801 -481.484967
12 -0.027678 -359.307377
12 -0.193352 -905.368654
12 -0.135034 -1396.477038
12 -0.204803 -1022.434602
12 -0.083346 -497.681395
12 0.040593 -78.042205
12 -0.009351 -146.720658
12 -0.082392 -379.852129
12 0.061372 -316.685525
12 -0.010302 -82.771726
12 -0.078887 -474.531194
12 -0.009364 -143.738804
12 -0.013242 -152.267403
12 -0.257690 -1930.881347
12 -0.000738 -155.132957
12 -0.033496 -933.235124
12 -0.020391 -345.020515
12 0.009145 -7.311972
12 -0.171019 -2163.967173
12 -0.252575 -1216.765435
12 -0.036141 -647.820686
12 -0.049097 -486.980316
12 -0.068522 -1229.626240
12 -0.246556 -1097.925422
12 -0.032786 -1724.785398
12 0.016119 -735.559779
12 -0.070666 -924.843325
12 -0.204289 -3738.665181
12 -0.054857 -243.317158
12 0.118863 -663.043459
12 -0.150307 -1449.147087
12 0.014360 -1319.771456
12 -0.068048 -508.591552
12 -0.079401 -556.217841
12 -0.078601 -422.077429
12 0.128117 -358.258270
12 -0.114422 -2062.398114
12 -0.077861 -1487.071192
12 -0.036445 -323.515131
12 0.099109 -1758.966152
12 -0.090005 -1000.311733
12 -0.214856 -994.479428
12 0.002901 -30.444065
12 -0.394944 -2516.788052
12 0.018689 -131.863457
12 -0.071660 -654.981069
12 -0.094593 -638.338300
12 -0.117759 -761.814421
12 -0.173205 -1085.149318
12 -0.114307 -1329.718376
12 -0.323817 -2041.762432
12 -0.056312 -743.633248
12 -0.134863 -589.190067
12 -0.128263 -994.359294
12 -0.207659 -1035.928297
12 -0.137998 -1321.720185
12 -0.248519 -3304.669402
12 -0.329996 -3369.701290
12 0.115981 -322.298007
12 -0.132282 -637.631895
12 -0.138579 -864.507521
12 -0.191214 -1297.481444
12 -0.128061 -2614.711844
12 -0.077401 -1507.720132
12 0.060703 -754.408352
12 -0.009974 -1673.591300
12 -0.367450 -1777.047329
12 -0.077236 -557.458291
12 0.024317 -173.229804
12 -0.339336 -2524.261373
12 -0.060454 -1281.369993
12 -0.116336 -976.693557
12 0.033145 -1238.025597
12 -0.050938 -589.831137
12 -0.039491 -247.092546
12 -0.233950 -1996.845933
12 -0.122617 -1533.379467
12 -0.068128 -842.475846
12 0.317517 -1265.284139
12 -0.046413 -473.166406
12 -0.225126 -1198.152632
12 -0.129568 -621.257214
12 -0.184889 -1336.467133
12 -0.027839 -470.563122
12 -0.076986 -662.877113
12 -0.080498 -560.400730
12 -0.091292 -746.734638
12 -0.005475 -1364.466715
12 0.175707 532.788486
12 -0.051067 -368.882077
12 -0.040226 -603.794482
12 0.115331 -125.811434
12 0.145763 -117.270734
12 -0.015105 -1160.908777
12 -0.001702 -409.312541
12 -0.156863 -987.208947
12 0.049369 -1437.958766
12 -0.048694 -443.804287
12 -0.185066 -1990.752781
12 -0.022226 -147.115986
12 0.054744 -36.225937
12 -0.144193 -1380.112318
12 -0.005136 -101.736601
12 -0.246217 -2327.843561
12 0.053167 32.835477
12 0.021584 -207.893434
12 -0.063105 -379.323377
12 -0.104532 -1117.015813
12 -0.123945 -847.549634
12 0.124030 -199.945255
12 0.325466 -1569.390268
12 -0.089892 -1120.478489
12 -0.017860 -756.371763
12 0.116888 -70.168766
12 -0.063102 -950.491131
12 0.107046 -823.978380
12 -0.063193 -771.889054
12 -0.059141 -272.443679
12 0.015488 -702.324076
12 -0.164394 -1129.899465
12 -0.049933 -997.596224
12 -0.052545 -950.000052
12 0.067532 -210.171545
12 0.280432 -1390.765869
12 -0.078681 -595.553495
12 -0.185277 -1449.530476
12 -0.278903 -2277.113335
12 -0.034054 -155.873252
12 -0.014973 -407.551933
12 -0.018447 -141.693522
12 -0.173795 -1819.744065
12 -0.015119 -504.936985
12 -0.163006 -767.872136
12 -0.092014 -1006.906682
12 -0.342425 -2055.014370
12 0.034479 -64.920128
12 -0.082487 -425.716192
12 -0.132464 -1455.000170
12 -0.052673 -235.073864
12 -0.226270 -1769.282744
12 -0.122578 -503.717101
12 -0.205708 -1643.332982
12 -0.118265 -1321.997560
12 -0.087521 -3702.891537
12 0.100448 -1268.349559
12 0.058844 -23.963021
12 -0.092004 -789.307209
12 0.127067 -837.683871
12 -0.076478 -1831.646071
12 -0.049023 -268.738093
12 0.060290 -385.042209
12 -0.120483 -715.224228
12 -0.078608 -371.371129
12 0.163995 1032.580270
12 -0.078380 -1189.358015
12 0.100941 -1415.629370
12 -0.203557 -1485.511061
12 0.074522 -567.486854
12 -0.139443 -923.836203
12 -0.194144 -1313.050341
12 -0.175978 -813.982492
12 -0.063788 -1485.410000
12 -0.086990 -1513.666085
12 -0.038937 -162.372655
12 -0.020363 -590.032284
12 -0.069869 -1204.276930
12 -0.146982 -1032.772362
12 0.155977 7.232483
12 -0.011187 -494.440233
12 -0.078862 -480.180526
12 -0.066695 -473.941664
12 -0.089943 -781.877883
12 -0.057276 -726.770853
12 0.068761 22.484287
12 -0.212349 -1408.791540
12 -0.001403 -454.467420
12 -0.386301 -1662.965216
12 -0.010116 -109.317016
12 -0.009612 -2452.601931
12 -0.368046 -5610.012146
12 -0.087382 -968.505723
12 0.005839 -129.610654
12 -0.093145 -913.234265
12 -0.098738 -1306.282376
12 0.063538 -229.319261
12 -0.006509 -712.715596
12 -0.306822 -2359.558896
12 0.066058 216.784478
12 -0.257442 -1688.765027
12 -0.040960 -937.876327
12 -0.047044 -698.061713
12 -0.085958 -965.827225
12 0.004829 -485.282012
12 -0.115494 -1036.227218
12 0.059539 -204.888889
12 -0.202108 -1895.380634
12 0.095546 -135.430999
12 -0.084739 -593.147666
12 0.318468 -940.519268
12 -0.233788 -3684.413945
12 -0.076080 -1095.577955
12 -0.014051 -237.562593
12 -0.183892 -1550.811532
12 0.058235 -93.891268
12 -0.062446 -2198.535442
12 -0.011079 -152.346492
12 -0.034410 -220.363124
12 -0.052177 -660.094425
12 -0.190791 -3118.294711
12 -0.027059 -371.228787
12 -0.227963 -971.188993
12 -0.061053 -559.684414
12 -0.093105 -1068.506457
12 -0.027663 -1397.101300
12 -0.043874 -363.690820
12 -0.320587 -1849.537659
12 0.039636 -576.257248
12 -0.035733 -1514.997767
12 0.112830 -6.500590
12 -0.061696 -1898.229081
12 -0.094262 -632.376911
12 -0.175525 -1124.891848
12 0.001122 -1195.267239
12 0.089499 -262.253163
12 -0.270894 -1678.085862
12 0.137156 706.235710
12 -0.245918 -1522.148368
12 0.083934 -103.785541
12 -0.203176 -1269.626946
12 -0.057564 -600.284671
12 0.025456 -0.434159
12 -0.046084 -1130.356046
12 -0.070351 -807.986423
12 -0.048531 -485.087552
12 -0.277639 -4179.740116
12 -0.124752 -1160.742983
12 0.063168 -52.105137
12 -0.058370 -1141.939982
12 -0.112551 -659.859154
12 -0.056590 -1095.060452
12 -0.108542 -1601.794795
12 0.134414 -17.036253
12 -0.038413 -691.162226
12 -0.102805 -824.628249
12 -0.092830 -1025.899537
12 -0.092956 -578.635211
12 0.049816 -85.556049
12 -0.095395 -428.055824
12 0.020712 -330.527252
12 -0.011993 -416.644166
12 0.301336 535.579522
12 -0.087040 -1163.366583
12 -0.111567 -1000.367835
12 -0.112024 -1044.807308
12 -0.050983 -978.970645
12 -0.065898 -630.674680
12 -0.111572 -786.222557
12 -0.154572 -1376.684241
12 0.005508 -51.919991
12 0.013200 -42.258228
12 -0.001465 323.075072
12 -0.029451 -371.018036
12 -0.032066 -400.426494
12 -0.100703 -646.011467
12 -0.183113 -747.712580
12 -0.164152 -754.199182
12 -0.272244 -4215.272483
12 -0.100936 -541.058201
12 -0.236114 -1063.843820
12 -0.042319 -464.333759
12 -0.269821 -1502.206210
12 -0.050824 -416.671601
12 -0.124220 -1142.923401
12 0.178473 329.469221
12 0.247997 36.330001
12 -0.257318 -1521.117214
12 -0.217598 -1460.164848
12 0.182960 -684.350628
12 -0.151475 -670.392449
12 0.257815 109.474611
12 0.102123 -310.551660
12 -0.113517 -1105.780091
12 -0.038167 -978.176020
12 -0.218095 -1686.224461
12 -0.043822 -750.697530
12 -0.017212 -754.575572
12 -0.005984 -1334.671613
12 -0.286506 -1996.357458
12 0.042593 -840.100020
12 0.041412 -892.252909
12 -0.110458 -861.410897
12 -0.254464 -1044.654292
12 -0.081296 -414.205720
12 0.056254 -143.369516
12 -0.018485 -132.015953
12 -0.021831 -142.305384
12 -0.122295 -1406.643587
12 0.136315 -886.398417
12 -0.142559 -913.924263
12 0.011012 -93.093577
12 -0.106455 -702.176133
12 0.060993 29.959542
12 -0.160280 -1525.220272
12 -0.029718 -1186.288481
12 0.205782 -1111.293280
12 0.019490 -410.713229
12 -0.080524 -426.675976
12 0.035059 -677.315732
12 0.027722 -718.376186
12 -0.021965 -200.901950
12 -0.055001 -1207.201475
12 -0.070023 -453.351621
12 0.016283 -682.401686
12 -0.258783 -1021.351197
12 -0.030471 -743.279057
12 0.034716 -430.750379
12 0.032168 -664.825754
12 0.069328 -285.573031
12 -0.050777 -285.778537
12 -0.271315 -1255.389196
12 0.003407 -378.588303
