13 0.057874 -412.013604
13 0.185995 335.086485
13 0.065294 -850.842255
13 -0.075946 -433.114246
13 -0.058243 -417.556315
13 -0.279372 -1496.584536
13 -0.060418 -1700.877047
13 -0.052309 -1656.671620
13 -0.100045 -3137.770590
13 -0.007036 -377.653352
13 -0.031404 -1261.811521
13 -0.016445 -123.922127
13 -0.108286 -1058.812575
13 0.018648 -31.837340
13 0.003453 -589.868006
13 -0.072618 -1633.907310
13 -0.143830 -726.626494
13 -0.090574 -814.890823
13 0.008991 -380.974026
13 -0.115896 -751.375943
13 -0.262605 -2471.930723
13 -0.039149 -237.068039
13 -0.126414 -1140.392854
13 -0.059482 -751.633140
13 0.057103 32.393217
13 -0.091092 -1346.271957
13 -0.011820 -173.913898
13 0.252210 89.045964
13 -0.160119 -1581.748954
13 -0.063132 -699.437848
13 -0.211914 -3037.355956
13 -0.053220 -314.463404
13 -0.110176 -881.586307
13 -0.014725 -319.619603
13 -0.087490 -1795.788832
13 -0.207229 -1611.833562
13 -0.061839 -455.558115
13 -0.241622 -2515.569583
13 -0.252754 -2528.602609
13 -0.084478 -781.700373
13 -0.035296 -294.112383
13 -0.186795 -800.109154
13 0.099590 -1066.642116
13 -0.199732 -800.841147
13 -0.238722 -2270.113559
13 -0.048050 -541.189447
13 -0.031142 -251.590154
13 0.075994 276.705566
13 -0.002236 -194.552617
13 -0.041599 -1087.171719
13 -0.095198 -504.282132
13 -0.146637 -1745.191380
13 -0.069677 -338.914237
13 -0.171746 -2962.769437
13 -0.013631 -1990.857331
13 0.022158 -989.153607
13 -0.041601 -405.845497
13 -0.393139 -3368.259616
13 0.030059 182.659663
13 -0.089041 -927.597390
13 -0.087308 -493.129700
13 -0.035642 -440.908886
13 -0.039694 -466.237641
13 -0.117084 -969.319718
13 -0.186679 -1183.458773
13 -0.063939 -668.591443
13 0.080779 -612.034297
13 0.110727 -578.771313
13 -0.055236 -426.894411
13 -0.066884 -545.637438
13 0.025640 -58.844711
13 -0.181867 -885.773480
13 -0.062211 -520.911856
13 -0.092891 -623.457888
13 0.009292 -194.795376
13 0.161225 21.621858
13 -0.019428 -284.941371
13 -0.138177 -1203.005742
13 -0.197881 -807.327021
13 0.073290 -111.612364
13 0.043302 -446.187644
13 0.126343 -1115.506592
13 -0.024166 -587.389142
13 0.017297 -105.888168
13 -0.052549 -257.311813
13 -0.085089 -841.276337
13 -0.064807 -766.349122
13 -0.129397 -2103.901101
13 -0.168553 -698.604038
13 -0.007964 -149.847153
13 -0.172672 -1157.187274
13 0.067572 -163.878426
13 -0.060889 -424.850260
13 -0.423513 -2257.837777
13 -0.324670 -1708.606251
13 -0.013886 -1403.180603
13 -0.015995 -671.786621
13 -0.127091 -2180.351057
13 -0.066440 -336.562268
13 -0.099878 -563.855941
13 0.016840 -141.943396
13 -0.214214 -895.017988
13 -0.153280 -1371.372538
13 -0.034235 -217.362779
13 -0.054527 -854.015728
13 -0.142015 -1423.154290
13 0.271920 181.403121
13 -0.245134 -1673.875591
13 -0.085042 -1088.162599
13 -0.061964 -612.227084
13 0.064450 -960.252792
13 0.028562 -323.792143
13 -0.057303 -699.772874
13 -0.009725 -34.141779
13 -0.190028 -1562.740003
13 0.024794 -66.822728
13 -0.119028 -1597.151976
13 -0.108738 -849.696082
13 -0.084175 -1605.872183
13 -0.000434 -54.371790
13 -0.158618 -1322.894414
13 -0.206703 -850.840826
13 -0.002920 -116.501994
13 -0.014354 -212.553719
13 0.118545 -881.602162
13 -0.014396 -149.373167
13 0.028797 -1682.700132
13 -0.182651 -1049.830017
13 -0.033518 -547.652572
13 -0.080526 -1028.217842
13 -0.221001 -1906.057348
13 -0.059286 -366.795537
13 -0.027758 -334.695284
13 -0.040500 -420.874260
13 -0.113493 -814.648925
13 0.096073 -907.165909
13 -0.383512 -2465.941188
13 -0.231855 -1645.136482
13 -0.074618 -1744.683830
13 -0.153260 -868.620912
13 0.000534 -319.946776
13 -0.072274 -358.785091
13 0.054215 -83.884101
13 -0.074992 -880.330505
13 -0.070777 -394.104050
13 -0.169557 -840.975620
13 -0.169014 -1081.875000
13 -0.201494 -2759.362178
13 -0.033619 -803.686689
13 -0.047522 -1128.572570
13 -0.029992 -581.148582
13 -0.037343 -175.790613
13 -0.215012 -1447.359251
13 0.013670 -704.909621
13 -0.134134 -924.777301
13 -0.225198 -1430.179978
13 -0.095003 -743.985388
13 0.063228 -434.276529
13 -0.081069 -600.563940
13 0.038611 -429.914532
13 -0.166848 -1167.790764
13 0.002405 -1557.246084
13 -0.070771 -1544.339839
13 -0.067040 -563.517940
13 -0.301444 -1805.865517
13 -0.043962 -1067.417872
13 -0.080372 -1811.453811
13 -0.132748 -784.810601
13 -0.084596 -1379.765258
13 -0.195222 -1494.281956
13 0.002419 -30.244717
13 0.028910 -120.121597
13 0.049897 209.657167
13 0.131052 194.804137
13 -0.063133 -697.605989
13 -0.174745 -1077.626208
13 0.066372 -1357.481545
13 0.009193 -1566.889865
13 -0.050097 -491.497307
13 0.080050 -2084.836049
13 -0.201645 -749.637757
13 -0.043780 -899.331713
13 -0.061467 -622.014446
13 -0.058756 -639.551749
13 -0.140819 -785.473623
13 -0.137289 -1938.761115
13 -0.026548 -634.764802
13 0.043663 -34.184265
13 -0.137080 -1097.952242
13 -0.248288 -956.998684
13 -0.003554 -490.435096
13 -0.142219 -763.637357
13 -0.001114 -176.104783
13 -0.141362 -1026.738482
13 -0.036958 -370.536003
13 -0.196820 -1935.731216
13 -0.015383 -622.487940
13 -0.314673 -3966.774756
13 -0.091779 -841.876576
13 -0.210997 -1685.790005
13 -0.325070 -1486.599178
13 0.080817 -799.535097
13 -0.219505 -876.515721
13 -0.165328 -1611.679851
13 -0.052684 -487.860059
13 0.347090 -688.489586
13 -0.058670 -658.349435
13 -0.067867 -983.174064
13 -0.108236 -975.823022
13 -0.044846 -313.941289
13 -0.004853 -150.323503
13 0.006064 -236.886488
13 -0.085130 -643.518434
13 -0.233283 -1670.834855
13 -0.118152 -703.699753
13 0.206055 -191.989926
13 -0.296954 -2223.234662
13 -0.024578 -1698.244136
13 0.035384 -1541.410437
13 -0.197382 -2664.545632
13 0.040724 -88.658046
13 0.013444 -626.262916
13 -0.059885 -296.127969
13 0.527462 2264.717008
13 0.291895 1034.132821
13 -0.010598 -65.795081
13 -0.057128 -657.577848
13 -0.254366 -1445.042161
13 -0.192777 -1383.062402
13 -0.048769 -456.632829
13 -0.013238 -238.860499
13 -0.047414 -317.619226
13 -0.254503 -2557.462029
13 -0.033029 -1487.088739
13 0.086743 -1362.198097
13 0.073723 -1531.390837
13 -0.084908 -1181.662807
13 -0.230172 -1493.865978
13 0.045223 -1064.868304
13 0.094008 -1710.626686
13 -0.072315 -501.153650
13 -0.344528 -2496.598275
13 -0.016263 -1274.407795
13 -0.298076 -1460.562197
13 -0.189519 -1094.718519
13 0.211224 1624.169252
13 0.205247 -361.838162
13 -0.030272 -130.804175
13 -0.113991 -1544.285248
13 -0.080621 -930.149609
13 -0.149767 -691.398399
13 0.004696 -1727.109094
13 0.010098 -1733.926661
13 -0.129514 -647.562020
13 -0.038310 -1563.408071
13 0.022904 -385.028786
13 -0.049228 -657.688432
13 -0.016032 -183.374196
13 0.000664 -287.934297
13 -0.118417 -1215.531675
13 0.062269 -77.636327
13 -0.075659 -476.491398
13 -0.058645 -328.885692
13 -0.157266 -1487.793781
13 -0.046157 -245.298366
13 -0.276437 -1907.357149
13 -0.130178 -2276.509484
13 0.145278 -286.579694
13 -0.230472 -1015.544802
13 -0.149705 -691.188953
13 -0.198105 -2446.760225
13 -0.117717 -765.333994
13 0.061688 -941.568928
13 -0.283520 -1802.595953
13 -0.062115 -444.410911
13 -0.127660 -1551.199598
13 -0.315103 -1837.766842
13 0.024954 -1742.285155
13 -0.000285 -1367.207951
13 -0.206383 -1432.570510
13 0.123941 478.472129
13 0.021382 -155.699554
13 -0.077930 -563.206520
13 0.024360 -276.524147
13 0.210881 -441.995383
13 -0.083120 -558.676097
13 -0.054128 -1487.492547
13 -0.100239 -814.382695
13 -0.098785 -490.832164
13 0.154349 -1434.651016
13 -0.046836 -324.909796
13 -0.255278 -1252.988315
13 -0.003700 -346.795481
13 -0.279267 -1387.360655
13 -0.121898 -991.081692
13 -0.123691 -1029.100044
13 -0.038697 -608.078633
13 -0.180049 -3078.818678
13 -0.157386 -1983.011419
13 0.123348 -267.362302
13 -0.003786 -401.756716
13 -0.238580 -1285.689966
13 -0.113551 -995.063179
13 0.059583 -951.866423
13 -0.250539 -2022.602320
13 -0.109943 -554.802237
13 -0.209425 -1062.624200
13 -0.006357 -401.543304
13 -0.211165 -1607.388722
13 -0.101958 -1268.644528
13 -0.049277 -1017.981279
13 0.071944 -1039.863414
13 -0.253236 -1084.048551
13 -0.015053 -1323.341465
13 -0.288386 -1089.160465
13 -0.110441 -541.388829
13 0.066926 -207.148236
13 0.005026 -33.405637
13 -0.084209 -1147.472347
13 -0.121443 -881.273992
13 0.030088 -393.439501
13 -0.053468 -1273.496044
13 0.223460 -569.608640
13 -0.008970 -1000.089782
13 -0.169771 -1385.649133
13 -0.013578 -901.523397
13 -0.016718 -524.365132
13 -0.097503 -1227.286035
13 0.097635 598.281401
13 0.154118 1016.871657
13 -0.169062 -2235.394936
13 0.209209 -285.858551
13 -0.181064 -1210.761098
13 0.015159 -295.205895
13 -0.253187 -1411.602262
13 -0.067928 -494.056364
13 -0.013222 -293.106636
13 0.173830 284.059824
13 -0.215034 -883.646775
13 -0.010952 -49.683227
13 -0.020586 -123.972009
13 -0.370502 -8802.802157
13 -0.215825 -1334.009118
13 -0.032677 -989.475103
13 0.075368 -333.488459
13 -0.002232 -119.136150
13 -0.134532 -1601.453414
13 -0.283135 -1617.309415
13 -0.020093 -120.044411
13 0.139378 -746.082816
13 -0.196354 -1048.759418
13 -0.057419 -643.985488
13 -0.086110 -947.243253
13 -0.081216 -676.726792
13 -0.074032 -524.751509
13 0.076368 -1462.898990
13 -0.001938 -126.211896
13 -0.109446 -695.959742
13 -0.066106 -300.206223
13 -0.057566 -818.585391
13 0.015488 -57.423643
13 0.090850 -1773.594234
13 -0.021454 -1024.847903
13 -0.094683 -1146.646549
13 0.186410 -1124.061132
13 0.038525 -1662.276737
13 -0.021442 -639.777886
13 -0.047682 -608.586415
13 -0.017741 -158.245224
13 -0.104595 -923.139373
13 -0.152116 -1172.348517
13 -0.009265 -159.852211
13 -0.136185 -983.016069
13 -0.100296 -609.049353
13 -0.227852 -1631.551262
13 0.257659 -138.324939
13 -0.002945 -128.160549
13 -0.143793 -1290.901363
13 -0.344603 -3413.440792
13 -0.148768 -1461.396763
13 -0.057574 -445.418247
13 -0.047203 -390.025934
13 -0.065015 -1413.943661
13 -0.044102 -709.884760
13 -0.050814 -896.496405
13 -0.156749 -906.187607
13 0.130109 -1227.814249
13 -0.101840 -491.635741
13 -0.359278 -1249.394092
13 -0.111226 -992.918040
13 0.204251 83.020639
13 -0.008622 -136.210795
13 0.029500 -570.687010
13 0.143411 -850.197035
13 -0.105088 -707.943914
13 -0.029299 -699.331516
13 -0.053059 -793.188108
13 -0.200588 -1564.117324
13 -0.136052 -634.070741
13 -0.043029 -554.154609
13 -0.174351 -681.840966
13 -0.034928 -650.963837
13 -0.050004 -499.920354
13 -0.123741 -586.934758
13 -0.067717 -656.287859
13 -0.003994 -158.734709
13 -0.006078 -78.286280
13 -0.032593 -895.898041
13 -0.021656 -705.058238
13 0.123674 1210.880610
13 -0.039056 -350.249565
13 -0.118742 -721.428478
13 -0.089382 -652.262872
13 -0.191795 -994.562627
13 -0.144638 -808.477549
13 -0.070146 -1033.730705
13 -0.199326 -1738.205130
13 -0.057687 -860.423874
13 -0.018375 -674.832237
13 -0.107085 -820.689143
13 0.123731 57.262588
13 0.023086 -554.984027
13 -0.112566 -791.608734
13 0.125480 1395.413532
13 -0.165649 -1365.929072
13 -0.005399 -59.906610
13 -0.112124 -1263.942801
13 -0.033375 -184.816236
13 0.208502 -566.671194
13 -0.065615 -449.357531
13 -0.076393 -398.786503
13 0.119537 -461.714813
13 0.132881 -1061.802388
13 0.375162 628.298223
13 -0.106930 -656.979006
13 -0.323748 -1379.277743
13 -0.265227 -1649.707032
13 -0.094598 -1711.468651
13 0.237760 706.691036
13 -0.135177 -1108.442582
13 0.065898 -1011.870607
13 -0.167667 -1210.521858
13 -0.061234 -313.651636
13 -0.044155 -552.776458
13 -0.305683 -1981.384822
13 -0.078250 -652.741908
13 0.053262 -685.060050
13 -0.059441 -429.752368
13 0.004845 -227.347417
13 -0.180788 -1051.657635
13 -0.308254 -1481.040431
13 -0.037808 -494.053194
13 0.251552 -269.974068
13 0.022114 -167.777369
13 -0.007827 -1344.349491
13 -0.008778 -1494.616631
13 -0.154431 -663.879582
13 -0.129760 -1039.023388
13 -0.198329 -1187.086047
13 -0.057954 -353.947092
13 -0.292338 -1922.844272
13 -0.073367 -724.147703
13 -0.043461 -1150.399563
13 -0.086064 -765.806513
13 -0.021669 -178.333669
13 -0.209822 -2429.309124
13 -0.050675 -418.399734
13 0.059944 -398.022091
13 0.024670 -31.914218
13 0.017147 -249.504149
13 -0.113360 -671.398865
13 -0.045479 -1111.165614
13 -0.171565 -1019.417690
13 -0.038876 -355.567975
13 -0.344318 -1556.495443
13 -0.255842 -1872.115696
13 -0.058418 -342.504278
13 0.036347 -659.998054
13 0.051341 -912.979993
13 -0.206106 -2072.904465
13 -0.277441 -1110.623526
13 -0.117542 -710.487279
13 -0.012031 -83.738876
13 -0.242258 -2345.871424
13 -0.172355 -714.744778
13 0.150170 -1072.583259
13 0.119119 95.386864
13 -0.466067 -2574.762191
13 -0.141597 -1047.818671
13 0.452216 20.927212
13 -0.034410 -233.275768
13 -0.102589 -1176.369942
13 -0.139171 -922.873131
13 -0.033051 -276.807110
13 0.004601 -100.159437
13 -0.155731 -2586.994186
13 -0.062416 -481.145295
13 -0.060069 -300.319618
13 -0.011853 -235.916793
13 -0.009509 -681.432719
13 -0.122838 -959.733659
13 0.254651 -796.264019
13 -0.055393 -425.380119
13 -0.222122 -1132.930186
13 -0.219252 -1196.824768
13 -0.011330 -187.905080
13 -0.110379 -1110.944445
13 -0.110871 -1133.562738
13 0.068775 -1122.065947
13 -0.056280 -489.541309
13 -0.094269 -413.714080
13 -0.064008 -335.978601
13 -0.100654 -804.112419
13 -0.057603 -901.244309
13 0.075996 -1222.989002
13 -0.114437 -503.648781
13 -0.337471 -1399.705189
13 -0.177986 -868.546713
13 -0.061307 -623.461156
13 -0.040467 -953.970626
13 -0.111141 -650.773178
13 -0.048732 -421.937388
13 -0.093863 -840.168579
13 0.035867 -734.884530
13 -0.144006 -1161.822857
13 0.007955 -41.038926
13 -0.067448 -716.815090
13 0.076477 -1042.855021
13 -0.080888 -443.539047
13 -0.036966 -208.583761
13 0.011012 -513.473728
13 -0.032942 -282.379517
13 0.020515 -656.810327
13 -0.029036 -174.439707
13 -0.212149 -1359.058962
13 -0.234341 -1138.143956
13 0.036414 -329.040911
13 -0.133451 -686.227572
13 -0.173238 -1021.662640
13 -0.084795 -661.876133
13 0.052765 -415.668113
13 -0.162585 -750.873450
13 0.005699 -51.226474
13 -0.088907 -763.666121
13 -0.056011 -442.064494
13 -0.071866 -581.531494
13 -0.031383 -235.286624
13 -0.070540 -876.155924
13 -0.128303 -714.759087
13 -0.183457 -784.841151
13 -0.060569 -445.095654
13 0.167011 -312.262308
13 -0.231003 -2229.315966
13 0.050771 -638.651988
13 -0.070227 -485.479936
13 -0.053761 -241.670311
13 -0.154948 -821.586576
13 -0.187610 -2492.920450
13 -0.099293 -1427.735311
13 -0.231352 -1744.658884
13 -0.364938 -2707.294638
13 0.003591 -357.614597
13 -0.065442 -1046.232573
13 -0.098737 -897.969608
13 -0.072648 -604.648905
13 -0.012804 -1153.283161
13 -0.057321 -430.042999
13 -0.045882 -586.059305
13 -0.084916 -768.450073
13 -0.122197 -658.438301
13 -0.252762 -1693.769373
13 -0.143013 -924.379295
13 -0.130749 -1610.219650
13 -0.099272 -1505.660764
13 -0.123447 -1036.722052
13 0.219418 -202.871025
13 0.012681 -980.945619
13 0.296234 34.260563
13 -0.028507 -1517.529636
13 -0.080166 -796.288969
13 0.070472 -398.532948
13 0.066476 -76.132162
13 -0.052322 -245.653682
13 0.010741 -99.022161
13 -0.121500 -1892.804323
13 -0.381478 -1981.504671
13 -0.233135 -1218.776155
13 -0.160739 -1168.455246
13 -0.125268 -1146.137619
13 0.033660 -203.763900
13 -0.069380 -1154.630424
13 -0.146733 -1122.085184
13 -0.161582 -2244.948654
13 -0.332443 -2031.157394
13 -0.030352 -332.319325
13 0.033699 -722.633185
13 -0.174932 -1310.216272
13 0.118602 -526.848566
13 -0.006768 -2096.592833
13 -0.083119 -1711.620048
13 -0.020372 -144.247401
13 -0.014317 -386.166008
13 0.072181 49.788084
13 -0.061153 -480.170755
13 0.028105 -27.171297
13 -0.061065 -646.162681
13 -0.023304 -295.201370
13 -0.169953 -1050.718364
13 -0.032061 -267.558796
13 -0.197105 -3181.771531
13 -0.105780 -1374.360031
13 0.019873 -126.418277
13 -0.171300 -829.320928
13 0.140105 -1519.829738
13 -0.151413 -1082.027295
13 -0.010743 -119.883062
13 0.047497 242.035660
13 -0.009569 -482.484319
13 -0.077883 -363.792084
13 -0.108194 -1453.589959
13 0.085715 -42.749245
13 0.093975 407.520053
13 -0.045587 -744.814445
13 -0.021544 -206.254319
13 -0.062281 -727.724078
13 0.115870 -1438.597950
13 -0.088965 -2794.094938
13 0.125848 -687.474776
13 -0.080206 -683.175560
13 -0.145076 -691.150826
13 0.239125 -50.893215
13 -0.061372 -863.455210
13 -0.134049 -1205.967820
13 0.034339 -93.351570
13 0.030224 -1083.669703
13 -0.025849 -272.226049
13 -0.061905 -513.719632
13 -0.160498 -944.187438
13 0.034000 -693.574103
13 0.059073 -174.517736
13 -0.193527 -1374.546576
13 0.093193 -155.856201
13 -0.038040 -227.556861
13 -0.054450 -285.669725
13 0.038801 -693.182524
13 -0.125298 -1119.890545
13 -0.032092 -1149.079205
13 -0.092001 -447.611053
13 -0.030151 -769.658179
13 -0.075203 -1231.675745
13 -0.140190 -999.901445
13 -0.050561 -471.208329
13 -0.401969 -4592.099625
13 -0.191107 -1728.398092
13 -0.118883 -810.234774
13 -0.196735 -1830.497491
13 -0.251138 -1533.973212
13 -0.207014 -1392.757026
13 -0.150661 -1263.120451
13 -0.104449 -515.395580
13 -0.085447 -1019.634606
13 0.206419 -1511.817279
13 0.127740 79.509401
13 -0.113624 -757.774349
13 -0.059948 -560.404664
13 -0.081843 -829.059643
13 -0.189347 -1023.307331
13 0.025066 -121.619553
13 -0.055958 -560.816645
13 -0.044434 -617.902767
13 -0.219449 -1498.175067
13 -0.009891 -416.945167
13 -0.063459 -524.140529
13 0.067815 -513.531933
13 0.036285 -258.211631
13 -0.247745 -1630.108390
13 -0.057801 -1660.199460
13 -0.230136 -1494.445345
13 0.033968 -1216.308348
13 -0.043657 -355.059608
13 -0.045215 -366.220628
13 0.109915 461.274679
13 -0.101015 -540.968859
13 0.127614 -370.450566
13 -0.165681 -1433.940391
13 -0.124101 -1256.984223
13 -0.148567 -1087.587763
13 0.058381 -1201.726680
13 -0.017385 -94.808963
13 0.113419 -265.506510
13 0.050410 -281.736676
13 -0.031597 -1833.293720
13 -0.097889 -642.705144
13 -0.096016 -634.794317
13 0.040133 -1431.148959
13 -0.038900 -442.803353
13 -0.091947 -1080.935096
13 0.071627 -2622.253291
13 -0.031270 -307.446866
13 -0.114387 -568.279213
13 -0.103108 -769.159189
13 0.031488 -63.249463
13 -0.015944 -72.893312
13 -0.265652 -1964.039349
13 -0.078282 -805.755202
13 -0.268729 -2931.530193
13 -0.332153 -3438.513185
13 -0.046564 -285.591333
13 -0.383036 -2601.429354
13 -0.232272 -2333.668748
13 -0.020308 -143.911119
13 -0.049242 -272.239933
13 -0.135191 -993.767785
13 0.030830 -273.824482
13 -0.003212 -511.616183
13 -0.040538 -426.455508
13 -0.105112 -850.112160
13 -0.067191 -332.298722
13 -0.023122 -661.746914
13 -0.259426 -1383.056229
13 0.231623 -1316.419966
13 0.055344 -377.146484
13 -0.023303 -305.160106
13 -0.095500 -755.628170
13 -0.004589 -41.771310
13 -0.189432 -1385.326112
13 -0.174824 -776.135092
13 0.047433 -419.138576
13 0.127858 -1329.305350
13 -0.046380 -1534.654886
13 -0.152264 -1218.794521
13 -0.096293 -498.757282
13 0.048669 -201.649758
13 0.000634 -1572.070523
13 -0.039582 -550.274898
13 0.022032 -738.111198
13 0.086583 -335.320491
13 -0.365792 -2261.497011
13 -0.019837 -1811.588452
13 0.028111 -473.048170
13 -0.062249 -437.850464
13 -0.183232 -1934.186101
13 0.248920 -809.930259
13 -0.022640 -327.220222
13 -0.073939 -423.739509
13 0.186966 -176.076482
13 -0.169682 -1271.849369
13 -0.265131 -1723.625040
13 -0.032535 -693.313013
13 -0.050119 -412.228664
13 -0.305941 -1577.122688
13 -0.030499 -240.031402
13 0.043163 -202.762368
13 -0.203127 -2097.096278
13 -0.059531 -338.254501
13 -0.099565 -740.836432
13 -0.149692 -1528.844061
13 -0.035132 -668.320208
13 -0.050705 -279.980016
13 0.279321 -1674.758585
13 0.048704 322.980495
13 -0.016116 -151.145650
13 -0.068595 -522.094832
13 -0.314580 -2133.890445
13 -0.111489 -544.859979
13 -0.019451 -295.382277
13 -0.002136 -157.528898
13 -0.175104 -1127.779426
13 -0.237846 -2906.113781
13 -0.081417 -842.414878
13 0.021199 -3002.445976
13 -0.034124 -1517.487758
13 0.003015 -1022.559700
13 -0.068666 -1927.624642
13 0.010321 -806.611370
13 0.020294 -539.043641
13 -0.210329 -1476.628451
13 -0.128338 -1334.703229
13 -0.037117 -376.495131
13 0.014780 9.305076
13 0.000094 -362.213276
13 -0.075193 -561.188276
13 -0.072784 -476.799014
13 0.002136 -200.305264
13 0.112370 -1160.180350
13 0.015021 -1075.561638
13 -0.083505 -633.639123
13 0.119262 213.854525
13 -0.136453 -989.523691
13 0.007427 -14.932200
13 -0.093375 -1194.230406
13 0.027209 -387.778814
13 -0.087614 -1001.673484
13 -0.222939 -1384.175141
13 -0.189138 -1408.969769
13 -0.190023 -1689.894395
13 -0.193708 -1702.894481
13 0.179762 -1321.341270
13 -0.052353 -849.744400
13 -0.175178 -1904.733970
13 0.018483 -86.540681
13 -0.344323 -2642.124336
13 -0.107060 -828.257579
13 -0.503323 -4912.190956
13 -0.068737 -707.987850
13 0.113079 -425.035829
13 -0.093195 -690.250817
13 -0.064175 -610.143582
13 0.093660 -684.998671
13 0.022318 -1585.677498
13 -0.141913 -750.918870
13 -0.099222 -851.263589
13 -0.137835 -1356.254371
13 -0.237762 -1341.728788
13 -0.081993 -799.088637
13 -0.091706 -605.444824
13 0.068820 -206.622117
13 0.060502 -251.416302
13 0.349510 -13.216665
13 -0.070158 -1476.035386
13 -0.058548 -662.295753
13 -0.000570 -203.354541
13 -0.032502 -399.252679
13 -0.002959 -352.794648
13 -0.166777 -1928.686909
13 -0.085993 -515.786734
13 -0.063629 -454.598265
13 -0.104586 -652.827009
13 -0.113566 -1795.375752
13 -0.070302 -1203.164734
13 -0.116587 -1393.942827
13 0.021357 -1109.505992
13 0.028468 -568.579385
13 -0.011992 -549.423454
13 -0.116132 -1105.394020
13 -0.007459 -87.225663
13 -0.072867 -946.337317
13 -0.266676 -1382.192109
13 -0.089552 -1002.425984
13 -0.186381 -1149.549118
13 0.023140 -918.704133
13 -0.086523 -1154.684737
13 -0.044201 -1048.731888
13 0.124268 -914.794132
13 -0.360740 -1479.890732
13 0.032751 -1673.873683
13 0.009754 -202.580263
13 -0.070018 -691.228040
13 -0.133736 -1472.872784
13 -0.083045 -621.943922
13 -0.032003 -751.816043
13 -0.138850 -892.458531
13 0.089949 -1278.313957
13 -0.153814 -1521.035422
13 -0.202087 -2263.516277
13 -0.085497 -1112.700627
13 -0.000345 -806.067515
13 -0.179240 -1475.097085
13 -0.004625 -643.767881
13 -0.228548 -1127.206781
13 0.036829 -70.442936
13 0.121402 79.747136
13 0.019296 -2291.810867
13 0.005318 -204.469292
13 -0.125795 -792.389155
13 0.004889 -446.277411
13 0.252084 -461.373567
13 0.000856 -54.136667
13 -0.044629 -301.170050
13 -0.150568 -945.609527
13 -0.075035 -524.681053
13 -0.140273 -854.655340
13 0.202425 -44.690802
13 -0.132629 -855.786805
13 -0.005340 -455.107661
13 -0.213861 -1134.217407
13 -0.079039 -561.084236
13 -0.149608 -1429.031723
13 -0.091754 -492.554730
13 -0.180920 -3016.376432
13 -0.109172 -830.019420
13 -0.115578 -681.377262
13 -0.064468 -1709.213906
13 -0.101192 -805.309453
13 0.019046 -45.720434
13 -0.058996 -1325.177820
13 -0.146415 -1179.413452
13 -0.080518 -786.240801
13 -0.137988 -673.379607
13 -0.014523 -400.827207
13 -0.306187 -2622.018159
13 -0.120707 -1882.880594
13 -0.129994 -742.926426
13 -0.042840 -676.571860
13 -0.046299 -142.537081
13 -0.126831 -861.230180
13 -0.070085 -996.943156
13 -0.111241 -800.077830
13 0.187218 -513.959034
13 -0.109276 -846.634422
13 -0.077429 -468.320711
13 -0.291672 -1427.366173
13 -0.088594 -1001.113079
13 -0.271398 -1491.453564
13 -0.017262 -1048.762731
13 -0.086734 -323.144623
13 0.054432 -2337.636340
13 -0.097987 -1632.327526
13 -0.313474 -2461.029160
13 -0.025343 -591.824561
13 -0.018302 -215.526960
13 0.003990 -1832.263962
13 -0.033348 -462.913375
13 -0.127606 -3983.965409
13 -0.065487 -276.600952
13 -0.173221 -2039.583193
13 0.045061 -192.808318
13 0.158511 -1520.619185
13 -0.031487 -499.315629
13 -0.067372 -1041.545967
13 0.087136 -865.633888
13 -0.028632 -845.205424
13 -0.045304 -385.969840
13 -0.249845 -2119.807217
13 -0.154586 -1797.990408
13 -0.059871 -597.205599
13 -0.109349 -709.986821
13 0.137630 -1916.901671
13 -0.136619 -847.250815
13 0.107413 -235.508597
13 -0.030721 -390.504293
13 -0.042210 -440.934322
13 -0.194397 -1267.319876
13 -0.198408 -1732.140467
13 -0.152987 -1250.855980
13 -0.107906 -877.052371
13 0.046252 -92.363648
13 -0.103907 -1327.149996
13 -0.002744 -745.735615
13 0.335644 -805.205831
13 -0.152143 -759.272728
13 -0.085809 -689.027679
13 0.218952 -1050.070558
13 -0.119670 -759.307499
13 -0.047267 -206.659308
13 -0.107794 -808.048400
13 -0.284611 -2630.995032
13 0.048800 -694.651781
13 -0.173736 -680.120459
13 -0.030985 -511.499684
13 -0.108825 -1832.793325
13 -0.123683 -879.008331
13 0.018631 -392.461129
13 -0.103867 -865.373451
13 -0.221278 -937.032061
13 -0.154570 -696.958222
13 0.004265 -194.386326
13 -0.070328 -1191.085827
13 0.154943 -646.841447
13 0.003292 -385.499152
13 0.117160 -111.306631
13 0.067676 -264.477966
13 0.037570 -676.502455
13 -0.083347 -1982.472061
13 -0.183666 -2207.162789
13 0.001803 -377.936789
13 0.206143 22.764182
13 0.006631 -1472.775207
13 0.021116 -511.023439
13 -0.032200 -830.370675
13 -0.058697 -443.509144
13 0.080384 -1654.241167
13 0.224101 -403.225798
13 -0.097512 -851.268789
13 -0.057211 -765.241188
13 -0.123970 -855.862685
13 -0.187085 -1283.569526
13 0.048292 132.230195
13 -0.034950 -817.061233
13 0.042298 -697.676389
13 -0.180510 -1326.454570
13 -0.267731 -1364.946474
13 0.019521 -501.722193
13 -0.151243 -1084.678563
13 0.075388 -568.383359
13 -0.083897 -595.174159
13 -0.048740 -235.263457
13 -0.024466 -185.043840
13 -0.118925 -813.292880
13 0.058027 93.992681
13 0.513909 -209.225379
13 -0.018059 -191.910651
13 -0.161861 -1156.514709
13 0.193884 934.324528
13 -0.092088 -951.788230
13 0.004286 -502.431503
13 -0.154467 -714.980406
13 -0.165389 -783.064716
13 -0.063243 -1004.246109
13 0.018825 -32.266324
13 -0.004618 -2334.624887
13 -0.009287 -2533.195273
13 -0.129059 -790.856448
13 -0.164461 -1426.971188
13 -0.158104 -1356.390016
13 -0.078423 -459.395533
13 -0.066542 -495.279356
13 0.056437 -225.043298
13 0.068499 -149.177037
13 0.070366 -351.971078
13 -0.023362 -198.725807
13 -0.010908 -141.203514
13 -0.136999 -938.513319
13 0.085065 -1367.952368
13 -0.093861 -995.710166
13 -0.340607 -2061.850810
13 -0.165385 -1217.833326
13 0.167530 -49.813560
13 0.015177 -1280.057874
13 -0.108243 -1957.331146
13 -0.076469 -1637.120444
13 -0.088639 -439.799996
13 -0.209131 -3866.086593
13 0.002659 -15.008568
13 -0.022613 -325.890938
13 -0.094853 -715.980368
13 0.160735 -609.148597
13 -0.050627 -1538.643864
13 -0.028090 -647.761046
13 -0.153477 -813.214380
13 -0.092442 -754.834009
13 -0.092177 -751.084824
13 -0.091735 -1329.728542
13 -0.055364 -324.713055
13 0.139718 -981.745966
13 -0.338213 -2451.700341
13 0.224636 85.996273
13 -0.032043 -798.740705
13 -0.187765 -1156.302607
13 -0.292994 -2861.048141
13 -0.034450 -845.601174
13 -0.073816 -597.571884
13 -0.087301 -600.113684
13 -0.041207 -369.497809
13 0.133448 -871.925300
13 -0.070688 -461.389254
13 -0.260312 -1209.857348
13 -0.196626 -1205.890249
13 -0.047383 -336.916881
13 -0.082682 -486.409753
13 0.043485 -362.389009
13 -0.181482 -2519.129136
13 0.005617 -342.348875
13 -0.065139 -470.981530
13 -0.073563 -538.353018
13 -0.024417 -432.799115
13 -0.051037 -273.965797
13 -0.055063 -377.446087
13 -0.246084 -1473.532455
13 -0.251598 -2001.593766
13 -0.120088 -3128.446225
13 -0.241783 -2386.318322
13 -0.035221 -355.376176
13 -0.102185 -701.733486
13 -0.035475 -1744.239597
13 -0.098040 -748.571336
13 -0.027662 -340.958027
13 -0.106240 -486.828332
13 -0.049610 -1007.867498
13 -0.039195 -232.061380
13 -0.145332 -1106.995108
13 0.122298 -407.306456
13 -0.037018 -191.395085
13 -0.065958 -547.819946
13 0.041974 -239.150853
13 -0.038983 -1342.183175
13 -0.005085 -2093.746531
13 -0.213353 -1168.338786
13 -0.012000 -90.677469
13 -0.124715 -820.558791
13 -0.053036 -483.981822
13 -0.139243 -622.207465
13 -0.082740 -384.242174
13 -0.150609 -1070.562751
13 -0.098328 -844.893292
13 0.077248 -532.625786
13 -0.095741 -545.881522
13 -0.205112 -915.653877
13 -0.201173 -1232.856957
13 0.015249 -277.421178
13 -0.065523 -575.544783
13 -0.040260 -1132.176630
13 -0.088821 -648.512469
13 -0.075419 -329.347010
13 0.001484 -165.094786
13 -0.024807 -2254.849145
13 -0.128037 -2711.009104
13 -0.003271 -316.335085
13 -0.160035 -1180.728297
13 0.121505 -225.155960
13 -0.046884 -542.401217
13 -0.270416 -1599.991626
13 -0.046604 -358.498417
13 -0.133495 -757.075255
13 -0.238802 -1602.422734
13 -0.109029 -801.108003
13 -0.224752 -1213.487227
13 0.013725 -920.863760
13 -0.043210 -179.584282
13 -0.101728 -1131.993914
13 -0.103499 -475.050847
13 0.046727 -986.415792
13 -0.246317 -1401.096864
13 -0.243445 -1946.105049
13 0.070209 -171.380482
13 0.200173 -594.602762
13 -0.023192 -680.025728
13 -0.140322 -809.141233
13 -0.068550 -711.478376
13 0.102044 -1156.200017
13 0.011174 -796.606557
13 -0.023003 -195.352878
13 -0.228038 -1766.567589
13 -0.048301 -424.707983
13 -0.000915 -1256.825478
13 -0.013672 -145.939416
13 0.007563 -109.617525
13 -0.019312 -157.348145
13 -0.054998 -250.351603
13 -0.081090 -897.726990
13 -0.162861 -1958.882152
13 0.029634 -754.861438
13 -0.231242 -1959.683586
13 -0.080881 -509.918530
13 -0.034064 -535.863130
13 -0.087005 -468.334770
13 0.181274 -770.732774
13 -0.015567 -183.784546
13 -0.277219 -2131.260623
13 -0.209843 -1398.296044
13 -0.136263 -608.606683
13 -0.012616 -357.905605
13 0.063647 -619.971626
13 -0.273951 -1283.247675
13 -0.058842 -983.033652
13 0.024229 -381.721119
13 -0.049499 -524.666720
13 0.009213 -348.854722
14 -0.028072 -659.622255
14 0.058831 -395.016648
14 -0.025956 -1107.861964
14 -0.080418 -501.654587
14 0.108199 -131.900683
14 -0.046234 -576.581332
14 -0.290264 -1426.296021
14 -0.057111 -876.071410
14 -0.108469 -1100.402928
14 -0.071194 -1363.390410
14 0.008710 -780.666090
14 -0.158570 -799.172827
14 -0.103724 -877.292121
14 -0.032275 -595.334788
14 -0.071180 -621.295853
14 -0.225032 -1807.990350
14 -0.177498 -942.212438
14 -0.131860 -1423.821777
14 -0.181233 -926.046204
14 -0.046381 -781.066705
14 -0.031483 -229.052363
14 -0.120468 -992.703930
14 -0.043243 -325.764233
14 -0.164598 -1165.783850
14 -0.048566 -243.455465
14 0.072431 127.467194
14 -0.077292 -1190.216034
14 -0.170560 -1298.238195
14 -0.044226 -1439.351384
14 -0.140826 -1105.137936
14 0.079307 -206.570531
14 -0.102937 -820.906823
14 0.134874 -49.999527
14 -0.049858 -446.691517
14 0.130912 -770.944391
14 0.004443 -1095.628893
14 -0.020680 -542.940655
14 0.322104 54.208128
14 -0.105363 -543.657443
14 -0.077757 -592.405516
14 -0.251969 -2424.454569
14 -0.318855 -2542.316310
14 -0.044715 -544.779862
14 0.085667 -830.611272
14 -0.082107 -356.647655
14 0.004255 -279.886344
14 -0.001392 -471.513964
14 -0.014278 -475.417371
14 0.110075 -646.456388
14 0.025219 -1007.157240
14 -0.136038 -672.623499
14 -0.054553 -1304.106418
14 0.022323 -1131.405927
14 -0.110331 -3195.980716
14 -0.175511 -1754.058109
14 -0.065471 -451.598429
14 -0.054990 -640.789220
14 -0.077249 -814.431954
14 0.018782 -455.115593
14 -0.188654 -2033.668956
14 -0.099984 -799.274514
14 -0.009596 -3259.498810
14 -0.007004 -100.748930
14 -0.064747 -278.407177
14 0.017083 -474.719033
14 -0.112548 -576.511354
14 -0.068608 -1761.695610
14 -0.100216 -588.251619
14 -0.002093 -315.133266
14 -0.092620 -546.126135
14 -0.325128 -2311.901024
14 0.007987 -972.223471
14 0.100578 12.728017
14 -0.095649 -584.171639
14 -0.107278 -907.154578
14 -0.140102 -813.117307
14 0.281146 162.961364
14 -0.111492 -526.334241
14 -0.024293 -673.298737
14 -0.012500 -158.684199
14 0.040609 -84.969525
14 -0.239082 -1251.714054
14 -0.235011 -1231.421858
14 0.103897 -324.917715
14 -0.175293 -692.614262
14 0.131595 -1220.543053
14 0.066009 -80.759648
14 0.202503 3.720829
14 -0.215954 -1183.980350
14 -0.095776 -677.550714
14 0.169346 -927.851695
14 0.199233 -587.940463
14 -0.007044 -2095.542148
14 -0.099425 -2434.895164
14 -0.239654 -2355.396210
14 -0.238291 -1679.285525
14 -0.198147 -1654.033861
14 -0.047890 -302.253479
14 -0.171874 -1050.259962
14 0.028041 -627.314308
14 0.021591 -452.206610
14 0.063537 -876.572419
14 -0.048614 -510.617087
14 -0.168228 -1286.416182
14 0.229454 -2162.490324
14 -0.174700 -1248.854588
14 -0.029958 -783.959493
14 -0.006573 -839.169992
14 -0.069343 -722.857588
14 -0.092544 -413.846618
14 -0.196039 -1563.045494
14 0.151915 -764.447986
14 0.105353 105.490377
14 0.198916 -832.837246
14 0.336304 -771.353669
14 -0.165781 -1268.120788
14 -0.149727 -1321.409895
14 0.143543 -64.125650
14 -0.101258 -705.118423
14 -0.165422 -1323.384011
14 -0.012222 -256.027203
14 -0.212987 -870.859001
14 -0.234604 -899.583808
14 -0.131160 -1099.094758
14 -0.133074 -1500.373520
14 0.063852 -1831.581370
14 -0.112692 -554.530018
14 -0.042302 -736.276871
14 -0.242271 -1531.925499
14 -0.045345 -742.018514
14 -0.095046 -703.176350
14 0.076916 -867.068948
14 0.221859 -758.299125
14 -0.033759 -463.854912
14 -0.036584 -627.156170
14 -0.113626 -1193.765233
14 -0.072001 -627.767904
14 -0.137984 -869.617136
14 -0.139318 -1736.724967
14 -0.032883 -977.680740
14 0.401659 377.320737
14 -0.099842 -964.895729
14 0.087438 -253.993085
14 -0.041464 -920.735137
14 -0.058033 -413.534558
14 0.017981 -140.248798
14 -0.422194 -4406.811963
14 -0.065151 -423.060936
14 0.087682 -574.210026
14 -0.171433 -1197.011843
14 -0.094116 -682.420658
14 0.010511 -535.837520
14 -0.079681 -724.220735
14 -0.128901 -1321.001826
14 0.045032 23.047155
14 -0.331894 -2736.432259
14 -0.108645 -1302.764223
14 -0.193605 -1188.891896
14 -0.095558 -609.713345
14 -0.131134 -1546.127086
14 -0.039165 -2495.163764
14 -0.160663 -958.295270
14 -0.045389 -507.739835
14 -0.103715 -1135.796726
14 -0.013931 -146.549185
14 0.007066 -85.196085
14 -0.114492 -1164.180064
14 -0.128419 -2954.177003
14 -0.135121 -1791.010338
14 -0.045697 -2412.209781
14 -0.287268 -1379.876205
14 -0.016327 -548.808937
14 -0.011396 -173.552659
14 -0.048831 -537.455251
14 0.068963 -349.851299
14 -0.237058 -3120.002514
14 -0.130020 -1881.135393
14 -0.130201 -660.816366
14 -0.249592 -1516.310255
14 -0.041509 -321.578219
14 -0.020186 -304.264186
14 -0.024667 -311.962970
14 -0.186771 -1172.404610
14 0.021493 -115.678360
14 -0.057033 -496.951164
14 -0.064500 -969.311794
14 -0.062255 -292.247945
14 0.023013 -1358.094304
14 -0.041731 -298.514141
14 0.001848 -113.796547
14 -0.067179 -990.469611
14 -0.098289 -674.198119
14 -0.115723 -764.916370
14 -0.056322 -1357.509045
14 -0.253448 -1304.830669
14 -0.043062 -506.473154
14 -0.105659 -762.617213
14 -0.066289 -293.118051
14 -0.090325 -1161.527005
14 -0.222986 -1243.790376
14 -0.208625 -1232.775740
14 -0.118231 -556.496563
14 -0.243146 -1878.440763
14 -0.156535 -857.069791
14 -0.374443 -1770.707020
14 -0.047928 -350.633271
14 -0.049486 -342.991640
14 -0.107996 -1018.895463
14 -0.040711 -632.006427
14 -0.072949 -605.270472
14 -0.021078 -486.088270
14 -0.110862 -512.935486
14 0.024361 -240.748401
14 0.005757 -1305.807738
14 -0.049824 -385.007851
14 -0.062813 -512.003951
14 -0.068176 -669.232461
14 0.007444 -38.193712
14 -0.021965 -173.417754
14 -0.039173 -410.241454
14 -0.016548 -365.371785
14 0.090914 -487.558708
14 -0.096920 -655.304450
14 -0.255050 -1821.147456
14 0.059261 -69.938064
14 -0.222339 -1023.034434
14 -0.133619 -1346.466505
14 -0.223035 -3100.771991
14 0.025598 -1090.113909
14 -0.093518 -743.014989
14 0.055903 -30.950476
14 -0.057742 -494.945043
14 -0.248416 -1513.610889
14 -0.227651 -1615.322121
14 -0.304078 -1066.836555
14 -0.075538 -608.514474
14 -0.002369 -282.858989
14 -0.115645 -733.806036
14 0.151261 309.491216
14 -0.164115 -1050.504198
14 -0.113886 -1435.938253
14 -0.063085 -418.934284
14 0.133443 -1282.626074
14 -0.142947 -1278.791144
14 -0.120743 -1245.253467
14 -0.044743 -443.490975
14 -0.059195 -588.153769
14 -0.309791 -1785.038772
14 -0.149991 -1515.106711
14 0.002081 -897.779572
14 -0.112518 -487.184361
14 -0.057685 -1205.757727
14 -0.151822 -1864.347410
14 -0.355859 -2560.855550
14 -0.337080 -1581.722054
14 -0.409122 -2194.806136
14 -0.044886 -944.568575
14 -0.051865 -1002.823851
14 -0.136775 -877.445400
14 -0.304097 -1560.778833
14 -0.011150 -303.494438
14 -0.078416 -881.982718
14 -0.109538 -777.021589
14 0.074334 -803.756298
14 -0.087985 -689.758229
14 -0.000500 -624.424674
14 -0.134899 -1108.922326
14 -0.033389 -358.845780
14 0.027242 -966.315020
14 0.033616 -474.226303
14 -0.127711 -604.246302
14 -0.040527 -525.850893
14 0.155111 1069.770247
14 -0.009466 -205.283631
14 -0.015423 -184.499719
14 -0.019059 -389.959796
14 0.126989 -69.616421
14 -0.046085 -814.753748
14 -0.188198 -1712.356787
14 0.065489 -1415.247806
14 -0.014917 -129.285677
14 -0.015895 -471.096862
14 -0.096837 -584.317450
14 -0.202877 -1038.926590
14 -0.046499 -325.948538
14 -0.055563 -348.915803
14 -0.127192 -820.062960
14 -0.010770 -1012.565535
14 0.009998 -1096.324768
14 -0.073602 -602.652914
14 -0.149069 -1702.643287
14 -0.096693 -785.540451
14 -0.000265 -1426.666794
14 -0.152626 -1307.953978
14 -0.221887 -2232.459580
14 -0.166121 -1240.477081
14 -0.084918 -831.272797
14 -0.114453 -717.570051
14 -0.106997 -727.525511
14 0.092419 -267.633086
14 -0.146000 -1283.855481
14 -0.431398 -2492.871165
14 -0.089645 -481.417203
14 -0.076217 -506.067566
14 -0.220975 -1436.208269
14 0.044264 -1367.783572
14 -0.289680 -1432.731148
14 0.044694 -88.922460
14 -0.201598 -1511.183758
14 0.011105 -185.241331
14 -0.028204 -899.707270
14 -0.025232 -810.513793
14 0.044084 177.215113
14 -0.038286 -385.768019
14 -0.103331 -2805.462472
14 -0.199021 -1612.562426
14 -0.219207 -1112.500807
14 -0.301533 -1951.813099
14 -0.215772 -1097.003307
14 -0.005824 -1496.812170
14 -0.151700 -1404.078981
14 0.124499 -223.927330
14 0.205327 -797.470514
14 0.034769 -1206.955650
14 -0.164609 -2351.005183
14 -0.171522 -1205.922362
14 -0.353631 -6614.851796
14 -0.287709 -2195.082904
14 -0.078868 -513.045817
14 -0.044837 -721.194539
14 -0.122296 -1500.992765
14 -0.070690 -1213.774122
14 -0.060290 -304.082120
14 -0.086938 -922.361601
14 0.007445 -1304.527992
14 -0.171855 -1000.680218
14 -0.067514 -1130.891156
14 -0.010007 -253.152255
14 -0.142002 -1139.821600
14 -0.104517 -934.689671
14 -0.081745 -1052.988934
14 0.010399 -1626.096979
14 0.109033 -114.798156
14 -0.101201 -925.675345
14 -0.055863 -287.372028
14 0.017359 -1399.811792
14 -0.161981 -780.669556
14 -0.011076 -838.353040
14 0.037248 -507.423145
14 -0.039293 -1313.559570
14 -0.024081 -959.292505
14 -0.166772 -1200.219263
14 0.031437 -86.259131
14 0.192928 -457.347318
14 -0.096889 -804.253894
14 -0.179445 -1301.286335
14 0.031301 -114.666514
14 -0.098923 -633.850813
14 0.140014 19.553675
14 -0.178223 -1313.695186
14 -0.278380 -4290.572255
14 -0.039293 -440.707970
14 0.165646 -128.682107
14 -0.080067 -828.525260
14 -0.062565 -589.381296
14 -0.191060 -911.802586
14 -0.063782 -1087.424826
14 -0.023264 -508.508797
14 -0.027504 -346.791740
14 -0.053477 -563.164795
14 -0.086487 -501.606380
14 -0.062303 -384.365567
14 0.173565 -267.330558
14 -0.264882 -1669.748483
14 -0.177216 -1372.183969
14 -0.073414 -470.626239
14 0.178234 -870.366327
14 -0.005857 -1025.569483
14 -0.084541 -526.232731
14 -0.138159 -854.235927
14 -0.004883 -2056.460634
14 -0.100803 -493.290764
14 -0.193561 -1471.399035
14 -0.169334 -1354.178868
14 -0.177710 -960.831957
14 -0.024175 -627.770719
14 -0.009980 -1696.548348
14 -0.037033 -187.474103
14 -0.126008 -1407.089419
14 -0.000811 -258.050191
14 -0.013697 -1903.146024
14 -0.010961 -975.889419
14 -0.019868 -374.453438
14 -0.246110 -1043.473086
14 0.170268 -736.728577
14 -0.053515 -434.552497
14 -0.173180 -1177.813812
14 -0.260754 -2122.938176
14 0.118493 -854.420102
14 -0.065243 -743.725693
14 -0.016134 -267.097282
14 -0.009410 -602.519934
14 -0.067307 -799.612815
14 0.164352 -952.574682
14 0.090574 -758.827598
14 -0.042452 -878.364935
14 -0.004802 -191.180804
14 -0.173436 -1728.832248
14 -0.046539 -552.015031
14 -0.127968 -732.888551
14 -0.232772 -1714.675313
14 -0.120480 -1541.441024
14 -0.083269 -1112.401399
14 -0.143749 -686.774212
14 -0.069399 -463.896590
14 -0.169398 -1078.086892
14 -0.028332 -454.238280
14 -0.074460 -536.562434
14 -0.151423 -1393.328138
14 -0.405703 -1413.192205
14 -0.123210 -1076.011889
14 -0.016650 -134.635367
14 -0.394600 -1477.830330
14 -0.015517 -431.109108
14 -0.029462 -175.129476
14 0.005058 6.031486
14 -0.123698 -787.752196
14 -0.020712 -893.141160
14 -0.219693 -4222.302714
14 -0.035009 -1474.723980
14 -0.238098 -2830.062707
14 -0.069572 -457.297013
14 -0.202387 -2149.865214
14 -0.091515 -683.911241
14 -0.186564 -896.828617
14 -0.048404 -576.738564
14 -0.031002 -515.599030
14 -0.097656 -856.385622
14 -0.027071 -352.311223
14 -0.064392 -379.883867
14 0.043302 -661.218648
14 0.032380 -752.431876
14 -0.148412 -907.086746
14 -0.034230 -301.384860
14 -0.073821 -424.459228
14 0.101543 -477.195851
14 -0.099404 -1986.470627
14 -0.048552 -244.612184
14 0.055078 -1140.016475
14 0.170348 -1004.455766
14 -0.234581 -1400.749855
14 -0.017800 -119.982979
14 -0.235399 -3252.748557
14 -0.115139 -1308.163624
14 -0.210814 -1469.999255
14 0.054583 -1781.819267
14 -0.150087 -1190.032708
14 0.147583 117.893444
14 -0.104338 -2041.406594
14 -0.014478 -294.173708
14 -0.192009 -1305.417560
14 -0.119050 -534.039453
14 -0.079864 -728.371663
14 -0.063916 -609.850278
14 0.103981 -594.642856
14 0.062440 -1340.746082
14 -0.064772 -1107.137844
14 -0.021983 -522.049640
14 -0.107687 -656.814985
14 -0.235140 -2730.895542
14 -0.151603 -1816.588330
14 -0.091673 -1845.544945
14 -0.207599 -1452.248406
14 -0.175318 -2681.344637
14 -0.176309 -1271.811710
14 -0.222105 -1439.403103
14 -0.176795 -1472.657369
14 -0.224294 -1118.791247
14 -0.164169 -1007.928952
14 -0.127381 -1779.808567
14 -0.059581 -649.054714
14 -0.023136 -198.053812
14 -0.063851 -632.779047
14 -0.138566 -1720.272320
14 -0.332398 -1437.938520
14 0.008891 -220.191006
14 -0.249285 -4120.439935
14 -0.106710 -991.016790
14 -0.076488 -796.607966
14 0.009669 -3892.594398
14 -0.205398 -1260.471739
14 -0.163446 -743.018597
14 -0.045440 -1308.063336
14 -0.114527 -730.621116
14 -0.143341 -1178.046542
14 -0.065558 -411.109817
14 -0.033500 -356.825419
14 -0.081648 -568.939136
14 0.030347 -848.687168
14 0.012494 -191.919980
14 -0.139559 -972.921494
14 -0.068526 -333.659992
14 -0.316078 -1184.307296
14 0.008599 -67.219360
14 -0.014896 -579.821900
14 -0.034800 -2359.751398
14 -0.013754 -533.073355
14 -0.197287 -921.214110
14 0.004116 -371.201818
14 0.015268 -228.639797
14 -0.405469 -1531.632269
14 0.092905 -701.542368
14 0.198059 -1110.369397
14 -0.037979 -699.633716
14 -0.039501 -207.476810
14 -0.155679 -948.512585
14 -0.072079 -348.734993
14 -0.095134 -688.773251
14 0.130114 503.164714
14 -0.205507 -861.693578
14 -0.079494 -576.137569
14 -0.248366 -1181.518844
14 -0.045338 -1546.065537
14 0.108164 -208.809155
14 -0.218931 -2554.976709
14 0.017852 -245.135485
14 0.114008 -288.756809
14 -0.095366 -500.919569
14 0.047922 -1136.585674
14 -0.065377 -495.459741
14 -0.289983 -1563.469501
14 0.114993 556.821371
14 -0.027543 -312.232436
14 -0.045078 -509.167751
14 -0.043225 -1026.915121
14 -0.108160 -1264.941244
14 -0.049007 -356.118654
14 -0.197637 -1058.351624
14 0.002762 -287.339154
14 -0.066964 -445.089644
14 -0.100524 -863.549278
14 -0.118308 -565.558495
14 -0.064767 -861.960207
14 -0.077159 -578.384360
14 -0.105541 -695.984898
14 -0.070280 -1241.023632
14 -0.121362 -862.745090
14 -0.120625 -1165.867343
14 0.129817 -742.903790
14 -0.239614 -1298.196199
14 -0.004194 -508.822857
14 -0.029674 -214.370375
14 -0.262717 -1748.861602
14 -0.201390 -1675.573051
14 -0.090787 -705.423009
14 -0.125390 -875.047985
14 -0.241431 -1533.655341
14 0.000261 -235.577553
14 -0.285131 -1331.308023
14 0.186820 72.519086
14 -0.032657 -270.789905
14 -0.107919 -628.091113
14 0.015261 -62.109509
14 -0.076575 -572.803387
14 -0.268651 -1190.909163
14 -0.088552 -549.628995
14 -0.249565 -1818.086428
14 -0.151773 -982.652957
14 -0.099493 -534.399314
14 0.133560 831.526297
14 -0.054452 -590.112850
14 -0.056144 -463.147514
14 -0.193679 -841.573429
14 -0.053868 -1167.524295
14 0.073789 -4.850273
14 -0.059314 -1097.087971
14 0.149651 -388.028101
14 -0.029590 -395.871993
14 0.013411 -483.723220
14 -0.019132 -422.589093
14 -0.127628 -1705.851600
14 0.002742 -679.115198
14 -0.099333 -914.860568
14 0.206521 -177.886048
14 -0.088580 -464.291176
14 -0.332161 -2079.483152
14 -0.174071 -1179.275867
14 -0.068442 -588.732932
14 0.066169 -359.787315
14 -0.115381 -835.529347
14 -0.144519 -976.777060
14 -0.085067 -960.932085
14 -0.034384 -307.881951
14 -0.114032 -1839.620983
14 -0.073218 -386.676410
14 -0.035587 -1622.772343
14 -0.027808 -224.079768
14 0.003301 -192.980601
14 -0.333742 -3001.348281
14 0.143294 152.713019
14 -0.032206 -162.815980
14 -0.036357 -365.774744
14 0.458787 780.920864
14 -0.124667 -1949.894769
14 -0.073525 -213.787177
14 -0.064003 -1503.544819
14 -0.135248 -1519.583600
14 0.108839 -1067.260938
14 -0.236106 -1489.613100
14 -0.077390 -540.315236
14 -0.020810 -2750.381944
14 -0.021315 -765.746019
14 -0.133596 -1622.176759
14 -0.139248 -997.531220
14 -0.161936 -2318.724730
14 -0.370778 -2206.986405
14 -0.045748 -486.845609
14 -0.053659 -512.170026
14 -0.017101 -552.542185
14 -0.072045 -632.788247
14 -0.031367 -2246.729644
14 0.036652 -192.801255
14 -0.098737 -1158.666641
14 -0.058965 -454.377992
14 -0.019949 -165.283577
14 -0.063376 -1319.356398
14 0.136912 132.433538
14 0.003151 -135.991869
14 -0.213584 -2165.107181
14 -0.306336 -1491.159340
14 -0.063516 -463.902337
14 -0.106675 -455.339667
14 0.065333 -84.589870
14 -0.091756 -598.247141
14 -0.036013 -622.563613
14 -0.001632 -209.478316
14 -0.037421 -273.090008
14 -0.005139 -297.655257
14 0.111155 24.899485
14 -0.100069 -743.168577
14 0.110380 -406.017190
14 -0.132099 -649.674588
14 0.107679 -143.923587
14 -0.211541 -1235.095645
14 -0.105555 -520.967191
14 -0.062956 -1175.523540
14 -0.163034 -1200.921802
14 -0.195945 -1658.096249
14 -0.237684 -1575.911040
14 -0.047165 -439.031914
14 -0.036915 -520.040646
14 -0.196429 -1257.768847
14 -0.171545 -1287.943305
14 -0.009192 -518.600093
14 -0.082544 -379.271368
14 -0.166720 -1083.689040
14 -0.013163 -154.206035
14 -0.012724 -429.370556
14 0.005140 -339.928038
14 0.039928 -277.342845
14 -0.100410 -1397.876279
14 0.001068 -162.088650
14 0.118056 21.873839
14 -0.117953 -818.907129
14 -0.065385 -770.101052
14 -0.101030 -903.931354
14 -0.052555 -726.746642
14 -0.074496 -1243.916616
14 -0.207749 -1806.197353
14 0.113537 -969.429096
14 0.269238 26.458626
14 0.207711 32.883292
14 -0.101326 -1035.517327
14 0.120185 -87.520814
14 -0.161567 -1435.794257
14 -0.147673 -1661.411149
14 0.097255 -2380.829848
14 -0.124495 -1239.286738
14 -0.169919 -996.869576
14 -0.197646 -1708.327466
14 -0.193200 -1686.374193
14 -0.030955 -814.222259
14 -0.519423 -2120.312509
14 -0.058874 -303.729239
14 -0.057791 -1343.971002
14 -0.027140 -422.078966
14 0.040866 -577.199276
14 -0.059198 -1003.762377
14 0.035651 -253.001188
14 -0.102388 -740.606029
14 -0.182575 -1268.028672
14 -0.051374 -348.211216
14 -0.046648 -305.810940
14 -0.082388 -1307.836116
14 -0.026620 -182.394745
14 -0.182780 -1465.496746
14 -0.009070 -440.769875
14 0.056012 -171.761478
14 -0.084277 -1322.036072
14 -0.069199 -566.846918
14 -0.038073 -1620.237638
14 -0.155310 -1105.669739
14 -0.015564 -116.818886
14 -0.192261 -1925.659195
14 -0.046457 -796.926253
14 0.022150 -791.854865
14 -0.059560 -745.089097
14 0.060447 -506.191433
14 -0.047835 -666.960894
14 -0.042871 -224.032079
14 -0.045121 -544.071289
14 0.023064 -355.715490
14 -0.084906 -940.473540
14 -0.155697 -1152.785489
14 -0.124518 -1626.490470
14 -0.007213 -74.979974
14 -0.196243 -831.652280
14 -0.037834 -272.473918
14 -0.259544 -2471.918701
14 -0.013500 -978.957452
14 -0.006204 -129.816262
14 0.038477 -392.241883
14 -0.208053 -1546.516255
14 -0.053015 -419.297210
14 -0.001992 -320.045833
14 0.058019 -1345.637620
14 -0.049671 -474.991847
14 -0.064371 -620.527908
14 0.026879 -865.976816
14 -0.069013 -477.858937
14 -0.026566 -225.914048
14 -0.099359 -720.225577
14 0.053294 -798.595990
14 0.035575 -196.001014
14 -0.235033 -958.665291
14 -0.273426 -1058.934318
14 -0.035849 -410.378215
14 -0.121278 -593.888838
14 -0.368329 -2353.022219
14 -0.070512 -593.270028
14 -0.030350 -993.680224
14 -0.069291 -666.972546
14 -0.047855 -689.012516
14 -0.177624 -1178.488460
14 -0.093887 -852.412948
14 -0.096564 -966.981710
14 -0.042651 -627.622737
14 -0.079811 -501.652195
14 -0.076755 -486.646198
14 -0.118495 -1055.049741
14 0.097744 -18.068973
14 0.069540 -588.246714
14 -0.296478 -1521.828972
14 -0.069921 -810.752356
14 -0.003608 -1925.551024
14 -0.123851 -590.750482
14 -0.038092 -537.212153
14 -0.234853 -1213.056532
14 -0.353063 -2590.856285
14 -0.004355 -425.362372
14 0.037098 -1011.087943
14 -0.049420 -922.657598
14 -0.207199 -1227.076664
14 0.211245 -190.344607
14 0.203650 209.122603
14 -0.071560 -1781.324519
14 -0.015884 -187.368251
14 0.026874 -190.495845
14 -0.063286 -871.530663
14 0.000637 -875.337573
14 -0.273606 -2434.378945
14 -0.143884 -930.994383
14 -0.024621 -463.802766
14 0.064034 -1035.535425
14 0.063484 -1809.508982
14 -0.261113 -3920.444638
14 -0.063882 -688.622262
14 -0.066330 -292.781289
14 -0.036172 -709.547433
14 -0.010384 -890.109794
14 0.026667 -896.206108
14 -0.061260 -891.332616
14 0.166761 -2014.722126
14 0.114601 -59.279145
14 -0.048033 -966.756193
14 -0.063659 -1441.715994
14 -0.041206 -378.966057
14 -0.021400 -242.225716
14 -0.066886 -1046.215461
14 -0.186852 -1328.717032
14 0.097100 -658.357500
14 -0.042225 -1914.209184
14 -0.176243 -1194.772337
14 -0.031168 -286.679220
14 -0.114893 -718.649912
14 -0.129066 -1066.913855
14 -0.056956 -1061.603115
14 -0.031016 -205.800756
14 -0.021666 -597.383136
14 0.024419 -20.455357
14 -0.070482 -763.882448
14 0.007317 -602.280951
14 0.013261 -263.786456
14 -0.098622 -820.851519
14 -0.036599 -231.855857
14 -0.038907 -243.274956
14 -0.180808 -1579.367808
14 -0.082891 -1027.931518
14 -0.073997 -699.864105
14 -0.208208 -2153.428745
14 -0.072816 -716.710391
14 -0.050545 -354.126577
14 -0.026438 -309.368985
14 -0.164614 -1614.857688
14 0.131719 -10.227534
14 -0.009962 -139.075013
14 -0.004085 -655.321015
14 -0.026460 -348.676573
14 -0.167451 -1596.582454
14 -0.118572 -955.420890
14 -0.248361 -1132.464178
14 -0.010137 -1561.589917
14 -0.104415 -782.856517
14 -0.265152 -1881.726200
14 -0.028489 -232.068464
14 -0.055482 -281.808692
14 -0.075721 -740.475909
14 -0.151597 -892.012166
14 -0.031037 -189.471911
14 -0.063314 -676.215940
14 -0.155975 -2756.740965
14 -0.071753 -579.258058
14 0.053180 -699.242911
14 -0.196675 -1430.165913
14 -0.091960 -593.480198
14 -0.071908 -443.961374
14 0.069427 -321.655127
14 -0.042402 -725.674717
14 0.115387 -287.389140
14 0.089288 -1297.555605
14 -0.417665 -2103.276604
14 -0.177833 -1116.415090
14 -0.056733 -316.798846
14 -0.196415 -1255.675544
14 -0.007907 -148.619154
14 0.112990 -228.298681
14 0.009549 -34.487331
14 -0.216866 -1550.512166
14 -0.030497 -1622.224475
14 -0.088959 -2427.418924
14 -0.151430 -1868.146995
14 -0.016516 -152.713764
14 0.000060 -260.920137
14 -0.133035 -1822.301714
14 -0.031162 -242.323914
14 -0.060762 -1654.050740
14 -0.160674 -1128.339718
14 0.001342 -79.336652
14 -0.129903 -1444.943592
14 0.020946 -472.875356
14 -0.131299 -1200.759175
14 -0.008569 -1646.759971
14 0.127805 432.126532
14 -0.035570 -373.379266
14 -0.099870 -545.999655
14 -0.366268 -3540.022230
14 -0.104535 -755.245676
14 -0.053608 -600.368063
14 0.149588 115.227190
14 -0.241967 -1832.509289
14 0.134642 -43.365823
14 -0.144260 -2048.602033
14 -0.174073 -1801.755941
14 -0.094465 -907.985060
14 0.037928 -134.162111
14 0.125882 135.220896
14 -0.012371 -114.837132
14 -0.159401 -752.427819
14 -0.045406 -608.522818
14 -0.006720 -768.076502
14 -0.050110 -694.397260
14 -0.110884 -2328.737373
14 -0.085607 -2866.606784
14 -0.165719 -826.257880
14 0.196009 577.268658
14 -0.193541 -3080.128059
14 -0.199891 -3070.456295
14 -0.173330 -2020.549967
14 -0.055627 -755.599367
14 -0.195542 -844.020617
14 -0.058362 -423.755793
14 -0.110387 -899.076521
14 -0.188130 -1133.730835
14 -0.066927 -2782.912131
14 -0.070735 -1046.816543
14 -0.089309 -979.756927
14 -0.140312 -788.216194
14 -0.098361 -1208.738470
14 -0.125491 -1171.294108
14 0.246428 34.218704
14 -0.031284 -682.786292
14 -0.075104 -1178.435502
14 0.005345 -627.523987
14 -0.063581 -459.063611
14 -0.038813 -322.815367
14 -0.121516 -691.317051
14 0.002857 -165.318375
14 0.063505 -1700.179749
14 0.007326 -21.719632
14 0.113479 -511.988006
14 0.081473 -157.215583
14 -0.172886 -1102.820365
14 -0.014570 -193.334428
14 -0.139435 -1503.818969
14 -0.100306 -1334.042663
14 0.306656 -1208.873479
14 -0.026243 -224.688582
14 0.012297 -1013.101635
14 -0.001435 -1046.464686
14 0.000135 -1534.665321
14 0.005306 -1544.250325
14 -0.191622 -1398.691373
14 -0.055927 -666.654912
14 -0.245675 -1072.157730
14 -0.193379 -2626.500844
14 -0.144832 -1280.899305
14 -0.464569 -1634.364424
14 0.006068 -2526.195541
14 0.133159 147.868133
14 -0.103369 -601.768245
14 -0.018798 -622.988361
14 -0.080589 -1301.338230
14 -0.191952 -1156.483916
14 -0.116122 -1026.213942
14 -0.019650 -688.825121
14 -0.093179 -525.138612
14 -0.133273 -917.949837
14 0.003302 -559.147289
14 0.018880 -249.073290
14 -0.242258 -1268.687507
14 -0.095694 -600.440260
14 -0.149248 -983.794274
14 -0.052350 -502.675557
14 -0.116056 -868.902719
14 0.056122 -559.038444
14 -0.060234 -762.339635
14 -0.146248 -661.571505
14 -0.218556 -2361.998446
14 0.011844 -203.121634
14 -0.107973 -649.804848
14 -0.178594 -1460.415659
14 0.133687 -171.193376
14 0.192588 -1507.487353
14 -0.040450 -370.385429
14 -0.351219 -2000.715158
14 -0.178104 -1295.115329
14 -0.077988 -808.840786
14 -0.127931 -990.713192
14 -0.179825 -1148.595697
14 -0.024013 -543.738386
14 -0.030369 -467.358381
14 -0.074854 -2339.520276
14 -0.144058 -751.593729
14 -0.132750 -637.563213
14 -0.090703 -424.871598
14 -0.063075 -865.440620
14 -0.070798 -302.061889
14 0.132779 -296.232353
14 -0.015756 30.764652
14 -0.110908 -768.946750
14 -0.104468 -677.292284
14 -0.076625 -634.725345
14 -0.045293 -493.010759
14 -0.069581 -297.480183
14 -0.255277 -1681.670880
14 -0.017557 -210.422113
14 0.007648 -276.355224
14 0.074430 -1097.300209
14 0.169367 64.730917
14 -0.019081 -138.384965
14 -0.324621 -1424.556375
14 -0.152972 -1038.868638
14 -0.011028 -951.368722
14 0.042855 -1525.163367
14 -0.050301 -1304.107693
14 -0.107607 -888.246942
14 0.063342 -718.138839
14 -0.035478 -519.309862
14 0.051803 -33.745017
14 -0.031789 -2127.545565
14 0.098836 14.208335
14 -0.224970 -1515.509341
14 -0.223953 -1512.647617
14 -0.009366 -1005.043377
14 0.021432 -1101.562653
14 -0.015340 -193.155994
14 -0.019790 -552.298887
14 -0.083279 -371.901879
14 -0.028476 -875.872673
14 -0.126506 -1285.397014
14 -0.095754 -1032.331751
14 -0.066886 -2291.477558
14 -0.066536 -2263.419588
14 -0.119974 -1249.710395
14 0.016155 -478.802388
14 -0.111759 -797.501898
14 0.148627 255.501122
14 0.122064 -179.261152
14 -0.169720 -1292.398648
14 -0.046141 -542.091434
14 -0.021559 -734.017941
14 0.018126 -130.396776
14 0.042328 -1659.835113
14 -0.053629 -605.985426
14 -0.168184 -1267.415276
14 -0.050163 -545.863478
14 0.172220 -627.464218
14 -0.067128 -1239.230286
14 -0.028492 -591.497347
14 -0.114719 -856.274552
14 0.094381 -217.712095
14 -0.315368 -2788.914962
14 0.161519 -442.225904
14 0.045756 -451.407893
14 -0.058194 -604.084633
14 -0.047311 -522.674489
14 -0.080856 -667.451636
14 -0.142640 -646.321272
14 0.002925 -385.094623
14 -0.156057 -851.624378
14 -0.222674 -1923.996275
14 -0.248967 -2443.380787
14 -0.101723 -803.928925
14 -0.075990 -364.052952
14 -0.040543 -1697.566913
14 -0.357696 -1579.903627
14 -0.089673 -706.181641
14 -0.073491 -1024.566036
14 -0.046214 -322.223920
14 -0.074814 -457.318458
14 -0.090623 -655.542181
14 -0.052142 -384.072707
14 -0.091542 -1230.167817
14 0.222345 -561.401807
14 0.021259 -553.976559
14 0.051424 -1482.177521
14 0.128844 -429.490250
14 0.036784 -1091.406679
14 -0.171713 -769.835098
14 -0.207044 -1020.223985
14 -0.039533 -297.151988
14 -0.027906 -175.114873
14 0.053450 -193.135906
14 -0.129801 -758.341013
14 -0.352537 -2536.665385
14 0.029396 -1880.221359
14 -0.078124 -838.619077
14 -0.020140 -127.348368
14 -0.165832 -1029.277249
14 -0.024488 -370.604786
14 -0.011040 -763.441485
14 -0.061336 -307.979601
14 -0.329561 -1706.353636
14 -0.000068 -365.673490
14 -0.087164 -634.325255
14 -0.090848 -1121.370151
14 -0.008272 -732.756057
14 -0.053848 -254.850087
14 -0.111288 -802.962013
14 -0.051341 -392.776609
14 -0.029198 -381.238044
14 -0.137947 -2870.665536
14 0.095428 -457.543779
14 0.141352 -747.918846
14 0.071225 -498.778408
14 -0.082384 -707.066257
14 -0.259945 -1371.132893
14 0.069706 -1106.268857
14 -0.200917 -1604.042845
14 -0.030609 -427.526787
14 0.173216 -190.640528
14 0.056188 -433.200660
14 -0.005542 -315.573263
14 -0.070243 -1195.765267
14 -0.184288 -1321.527754
14 -0.115358 -725.723621
14 -0.165870 -1252.242882
14 -0.157514 -771.808946
14 -0.172478 -731.005662
14 -0.038903 -386.796461
14 0.031846 -294.147322
14 -0.170422 -1445.096828
14 -0.021948 -836.192525
14 0.036506 -1715.361774
14 -0.216616 -3308.526395
14 -0.099679 -1052.980272
14 -0.000498 -428.527162
14 -0.050633 -342.257910
14 -0.125033 -1815.048268
14 0.092763 62.633494
14 -0.117663 -929.855728
14 -0.130596 -2106.455671
14 -0.103018 -713.036991
14 -0.262204 -4197.611535
14 0.006001 -270.302905
14 -0.119257 -1199.403864
14 -0.122240 -1212.074660
14 0.188974 -181.677573
14 -0.032889 -343.512680
14 -0.062056 -354.509240
14 -0.052376 -842.176246
14 -0.059953 -335.832774
14 -0.288265 -2764.384237
14 -0.024449 -191.800866
14 -0.027281 -278.838737
14 0.075212 -690.593664
14 0.039771 -863.219324
14 -0.031632 -1921.646382
14 0.157002 1127.994794
14 -0.015943 -236.664956
14 -0.177111 -2292.093638
14 0.055266 -1552.027851
14 0.108641 -446.826610
14 -0.082218 -699.659541
14 -0.061523 -564.834819
14 0.015614 -696.614192
14 0.124128 71.360534
14 0.081984 -2104.274680
14 -0.070785 -540.996465
14 -0.071718 -544.888212
14 -0.015203 -104.716579
14 -0.163488 -1392.128818
14 -0.054499 -539.871709
14 -0.129299 -645.857185
14 -0.190323 -939.461578
14 -0.010441 -528.812741
14 -0.035424 -375.243970
14 0.097741 -252.291422
14 -0.035896 -464.227771
14 0.318556 -541.723527
14 -0.144492 -1301.009965
14 0.083730 548.653550
14 -0.038274 -1438.294261
14 0.017309 -164.658264
14 0.009230 -960.074359
14 -0.040031 -975.822981
14 0.141100 -982.394299
14 0.049515 -224.855212
14 -0.204886 -1779.302351
14 -0.019693 -1615.724510
14 -0.101860 -873.789654
14 0.001047 -643.568065
14 -0.134459 -853.921647
14 -0.037498 -206.692301
14 -0.129853 -887.139826
14 -0.063982 -299.849790
14 -0.039225 -471.656883
14 -0.104427 -795.005436
14 -0.000699 -171.355883
14 -0.113629 -968.298974
14 0.133018 168.307931
14 -0.059945 -521.263345
14 0.018491 -615.191479
14 -0.057062 -373.860391
14 0.102010 -567.818275
14 0.093972 -230.432588
14 -0.082691 -410.867734
14 -0.082124 -358.883457
14 -0.212089 -1085.416000
14 -0.077155 -530.737616
14 -0.067868 -915.019736
14 -0.126632 -856.197622
14 -0.168620 -1552.621420
14 -0.077841 -380.870067
14 -0.350848 -4609.058839
14 0.016264 -482.889468
14 0.192100 -413.587788
14 -0.070587 -670.181586
14 -0.105720 -452.861193
14 0.182886 -359.359042
14 0.125248 -1943.593717
14 0.161535 616.756778
14 0.056375 -297.194100
14 -0.214814 -1293.788623
14 -0.082528 -684.698804
14 -0.109944 -1078.165547
14 -0.282114 -2621.588657
14 -0.265369 -1682.106635
14 0.261677 -47.439608
14 0.046539 -383.832944
14 -0.060726 -510.352384
14 -0.048891 -303.413154
14 -0.066617 -830.444600
14 -0.056480 -689.971293
14 -0.179944 -1239.161313
14 -0.100199 -489.734184
14 -0.123071 -496.644197
14 0.087944 -189.654464
14 -0.199447 -1145.879841
14 0.045074 -172.078121
14 -0.023178 -505.597118
14 -0.122535 -770.820161
14 -0.064177 -615.237032
14 0.016179 -921.375158
14 -0.018050 -446.614675
14 -0.081851 -633.341764
14 0.005647 -86.314870
14 -0.087342 -329.190904
14 -0.119478 -949.995426
14 -0.048697 -775.194251
14 -0.057372 -2005.575916
14 -0.106577 -972.223608
14 -0.222919 -2420.130191
14 -0.095042 -520.774805
14 0.058780 -416.327521
14 0.058267 157.220535
14 -0.049885 -287.562883
14 -0.049275 -364.239450
14 -0.012253 -215.572498
14 -0.018531 -228.387725
14 -0.078586 -1111.732243
14 0.025781 -429.430597
14 -0.005599 -531.304854
14 -0.033753 -413.793811
15 -0.028289 -513.241497
15 -0.022503 -618.349593
15 -0.138872 -579.541461
15 -0.208802 -1145.574754
15 0.074974 -1085.619047
15 -0.054407 -788.535494
15 0.015999 -314.017448
15 0.277996 -492.159826
15 -0.188766 -887.537764
15 0.033651 -1098.622067
15 0.232265 -726.072218
15 -0.059867 -391.187896
15 -0.020884 -1123.242179
15 0.122404 27.329273
15 -0.181450 -851.224824
15 -0.028445 -642.694946
15 -0.136344 -1247.858159
15 -0.204927 -1143.052808
15 -0.013080 -106.213263
15 0.036818 -796.817113
15 -0.158031 -1831.855833
15 -0.072732 -560.282045
15 -0.095398 -464.142044
15 -0.091804 -1063.149070
15 -0.111001 -1283.961197
15 -0.081855 -1345.124754
15 -0.147732 -1254.286535
15 0.032738 -75.140071
15 0.138176 37.620481
15 -0.164722 -1231.299445
15 -0.077786 -413.578764
15 -0.039183 -958.411209
15 0.080390 -78.672277
15 -0.106150 -777.540912
15 -0.268975 -1904.425740
15 0.109501 -212.600005
15 -0.070448 -1104.393777
15 -0.039638 -606.831528
15 -0.014420 -424.414293
15 0.075612 -301.918719
15 -0.076146 -451.835031
15 0.058966 -62.085945
15 -0.073722 -747.435204
15 -0.005521 -258.129965
15 0.044842 -477.788918
15 -0.349697 -2110.941567
15 -0.067591 -416.738690
15 -0.085454 -558.152190
15 -0.077477 -808.496229
15 -0.359106 -2713.918668
15 -0.101831 -463.685504
15 -0.049045 -363.522817
15 -0.320317 -2221.021492
15 -0.041524 -999.176928
15 -0.059716 -975.010690
15 -0.067340 -501.855491
15 -0.089305 -384.136018
15 -0.085428 -582.074524
15 -0.039434 -304.779853
15 0.291442 -111.440234
15 -0.373064 -2288.807434
15 -0.218507 -1493.345951
15 -0.048908 -744.667026
15 -0.286780 -2219.793659
15 0.132053 297.793679
15 -0.034699 -1169.128594
15 -0.006593 -916.817167
15 -0.034135 -296.014901
15 -0.199100 -2038.236737
15 -0.058048 -288.443905
15 -0.128772 -1241.011746
15 -0.176687 -792.826301
15 -0.122641 -999.000522
15 -0.013530 -112.622915
15 -0.103564 -461.414893
15 -0.082796 -838.480201
15 -0.068276 -709.557294
15 -0.026462 -321.643740
15 -0.093476 -544.773005
15 -0.017554 -277.740825
15 0.075761 -285.653358
15 -0.076712 -1214.460194
15 -0.189243 -1507.751378
15 0.014097 -453.216120
15 -0.022562 -931.886091
15 -0.009905 -296.364839
15 0.019687 -441.192852
15 -0.102929 -539.442421
15 -0.112282 -692.232715
15 0.068123 -899.594336
15 0.011247 -345.679755
15 -0.009133 -722.243662
15 -0.034352 -817.617259
15 -0.146587 -719.560491
15 -0.227939 -868.900063
15 -0.094431 -1134.784852
15 -0.119420 -672.579725
15 -0.077251 -663.510130
15 -0.106796 -738.314711
15 -0.015414 -128.035426
15 -0.216071 -1277.301162
15 -0.085414 -1526.627358
15 -0.235481 -1995.024927
15 0.054379 -959.565517
15 0.046689 -157.757520
15 0.103816 -252.655714
15 -0.133301 -964.238676
15 -0.284045 -2325.510851
15 -0.054442 -271.549862
15 -0.116067 -774.893527
15 0.136011 115.731801
15 -0.203607 -863.083871
15 -0.011413 -1011.510431
15 -0.139404 -1688.715186
15 0.029633 -511.029606
15 0.055757 -960.842358
15 -0.136910 -1204.454158
15 -0.087087 -714.663411
15 -0.246422 -1337.481158
15 -0.213034 -1255.583947
15 -0.097026 -611.400746
15 0.172105 150.244897
15 -0.296659 -1952.978892
15 -0.165097 -928.188875
15 0.098382 -1183.652411
15 -0.081233 -404.737464
15 -0.087676 -424.015438
15 -0.385990 -3071.508121
15 -0.082807 -531.934064
15 0.104313 -192.760418
15 -0.097936 -1065.827438
15 -0.171249 -1311.067816
15 0.032165 -225.555999
15 -0.031326 -386.996506
15 -0.093697 -675.122117
15 -0.224686 -843.923830
15 -0.030224 -1337.263604
15 -0.137660 -1004.115342
15 -0.030529 -273.162283
15 -0.161107 -1159.106117
15 -0.148886 -1132.561602
15 -0.107799 -896.921290
15 -0.011172 -149.610228
15 -0.061884 -818.825675
15 0.047979 -889.420481
15 -0.130076 -668.727944
15 -0.123558 -1072.703370
15 0.145411 -1264.154634
15 -0.072472 -323.817613
15 -0.151171 -1697.207932
15 -0.077685 -1257.159794
15 -0.104208 -867.539561
15 0.145682 -483.039255
15 -0.111961 -1543.348959
15 -0.108657 -836.928194
15 0.066002 -401.065339
15 -0.115687 -838.514829
15 -0.204280 -1180.263562
15 -0.128907 -915.277835
15 -0.151948 -1031.065032
15 0.185602 -2.346215
15 -0.379314 -2541.566407
15 -0.047270 -550.378302
15 -0.072208 -989.671845
15 -0.118626 -1211.279120
15 -0.012167 -328.887940
15 -0.070700 -377.952897
15 0.047625 -34.982171
15 -0.167733 -1267.496945
15 -0.009201 -197.568756
15 0.058836 -82.303510
15 -0.025295 -1028.195276
15 -0.213587 -2664.414555
15 -0.178468 -1671.305611
15 -0.108491 -550.636781
15 -0.059313 -343.484970
15 -0.429024 -2631.849278
15 -0.153054 -1035.276882
15 -0.105448 -1400.000238
15 -0.071730 -680.486805
15 -0.073309 -1086.134628
15 0.037710 -887.787321
15 0.017082 -118.915082
15 0.016240 -287.522446
15 -0.106556 -749.213878
15 -0.074284 -381.543928
15 -0.107862 -513.591534
15 0.032755 -505.368354
15 -0.101883 -728.134959
15 -0.188323 -816.884409
15 0.007006 -2009.755989
15 -0.258088 -1200.289086
15 -0.011251 -337.563538
15 0.007461 -273.605232
15 0.082398 7.371006
15 0.088418 -238.108445
15 -0.049012 -403.346626
15 -0.095615 -709.543709
15 0.074296 -317.793850
15 -0.147328 -1098.551593
15 0.094138 -638.203894
15 -0.026243 -511.201743
15 0.134989 -557.756571
15 -0.000032 -473.447570
15 -0.030359 -2449.137339
15 0.007338 -178.304974
15 -0.118314 -1610.009751
15 -0.093130 -1410.936256
15 -0.178350 -1165.730578
15 -0.003475 -936.729865
15 -0.199811 -843.324337
15 0.048287 -152.608099
15 -0.044036 -290.639528
15 -0.124168 -798.944265
15 -0.179530 -1308.494070
15 -0.007050 -431.139459
15 -0.048711 -2018.012917
15 -0.074991 -646.118719
15 0.008642 -127.281762
15 -0.109372 -553.253317
15 -0.036548 -306.555849
15 -0.190103 -2003.244284
15 -0.060679 -482.654231
15 -0.036066 -276.300533
15 -0.014651 -220.806901
15 0.054637 -369.875251
15 -0.098352 -662.512145
15 -0.053238 -394.724021
15 0.106859 -219.508225
15 -0.233114 -2875.077466
15 -0.076350 -1690.251028
15 0.000752 -862.179319
15 0.001508 -123.297291
15 0.071972 290.696721
15 0.044322 -297.460193
15 -0.008864 -292.577774
15 -0.254236 -1130.037696
15 -0.046953 -382.305542
15 -0.046395 -371.924624
15 0.012089 -21.196805
15 0.143812 157.793697
15 -0.099544 -787.384378
15 -0.183462 -838.526031
15 0.056690 -63.458147
15 -0.035926 -346.582368
15 -0.050285 -804.095580
15 -0.146993 -921.249010
15 -0.038231 -1499.992850
15 -0.093074 -1706.986741
15 -0.013829 -390.549205
15 0.031456 -1095.239302
15 -0.020860 -161.789188
15 -0.072668 -772.897046
15 -0.232819 -1107.835206
15 0.326809 1696.185939
15 0.015622 -198.744608
15 -0.054396 -278.232654
15 -0.131434 -1725.797469
15 0.055314 -78.932114
15 0.086290 -350.316779
15 -0.012284 -1102.043417
15 -0.194138 -1020.906226
15 -0.096316 -539.770845
15 -0.016937 -954.938502
15 -0.101143 -1007.768530
15 -0.054358 -341.685606
15 0.096109 457.743864
15 -0.101895 -801.861544
15 0.070594 -1072.399468
15 -0.265432 -1684.069521
15 -0.178539 -827.059175
15 0.016032 -910.037074
15 -0.067423 -663.009759
15 0.030216 -217.720280
15 -0.054699 -1200.685391
15 0.117236 -425.929805
15 -0.073303 -573.995156
15 -0.066874 -1058.146185
15 -0.147722 -1262.801495
15 -0.084921 -1269.622069
15 -0.105345 -1053.482572
15 0.107455 389.099807
15 -0.057699 -921.643786
15 -0.132411 -733.247263
15 -0.177536 -846.447173
15 0.199158 -620.854425
15 -0.098248 -701.515787
15 -0.031355 -395.252441
15 -0.245994 -966.560315
15 -0.161606 -1047.222424
15 -0.146815 -1750.302028
15 -0.118440 -636.186479
15 -0.113415 -855.428791
15 -0.068095 -359.660593
15 0.003078 -1461.683221
15 -0.246920 -1784.537656
15 0.011124 -788.949779
15 -0.220682 -1896.059991
15 -0.177599 -1421.603729
15 -0.114290 -700.791898
15 -0.256736 -2696.203332
15 -0.106133 -519.602778
15 -0.059710 -624.172737
15 -0.133204 -1302.190518
15 0.016199 -1082.429843
15 -0.066410 -1570.362301
15 0.140797 -586.364132
15 -0.170640 -1293.674412
15 -0.109854 -474.681334
15 -0.035064 -387.222180
15 -0.038814 -378.679898
15 -0.309374 -2043.108179
15 -0.136221 -766.658007
15 -0.261658 -1349.853802
15 -0.043331 -960.126984
15 -0.172650 -794.640347
15 -0.134677 -950.671015
15 -0.209247 -1247.573299
15 -0.017778 -243.010242
15 -0.061922 -366.304095
15 -0.078951 -381.340983
15 -0.137895 -1194.669264
15 0.034904 -138.176204
15 -0.115997 -3167.667718
15 0.045487 -626.260918
15 -0.157701 -2002.388985
15 -0.110828 -625.215114
15 0.208940 -684.185974
15 -0.233971 -1875.733374
15 -0.246439 -2334.754787
15 -0.061553 -417.357502
15 0.068740 -1510.902291
15 -0.299362 -1185.394540
15 0.123348 -1032.265367
15 -0.238430 -1904.087771
15 -0.444036 -7714.111203
15 -0.136034 -1810.187110
15 -0.095497 -730.783741
15 -0.207003 -1224.418694
15 -0.066564 -1140.880254
15 -0.073124 -468.292403
15 -0.091905 -960.940196
15 -0.185289 -824.332658
15 -0.023716 -831.340134
15 -0.049224 -493.259976
15 -0.019967 -213.491309
15 -0.053066 -431.218456
15 -0.138669 -851.865568
15 -0.217415 -932.678710
15 -0.028214 -852.889229
15 0.185478 -699.002220
15 -0.123182 -1196.669594
15 0.024530 -691.452744
15 -0.223193 -1840.465381
15 0.053413 -814.232672
15 0.029732 -720.298202
15 0.019222 -458.169948
15 0.000553 -866.615017
15 -0.088190 -376.426079
15 -0.293955 -2997.976550
15 -0.035159 -360.813092
15 -0.049307 -410.448067
15 -0.016156 -289.262045
15 -0.031674 -214.518030
15 -0.068434 -883.119168
15 -0.091586 -473.702740
15 -0.142911 -1907.801018
15 0.259339 -266.718929
15 -0.032358 -172.259132
15 -0.072260 -3801.499013
15 -0.044512 -280.858454
15 0.033649 -716.106545
15 -0.066845 -615.987610
15 -0.020150 -444.185698
15 -0.152664 -1159.308531
15 -0.018610 -351.408742
15 -0.057763 -359.526277
15 -0.306544 -1782.521984
15 -0.255762 -1718.412517
15 -0.031934 -303.827306
15 -0.089304 -632.752605
15 -0.018165 -699.169718
15 -0.014373 -983.493263
15 -0.044463 -306.585421
15 -0.084439 -581.245516
15 -0.099952 -676.307924
15 0.090734 -1866.794935
15 -0.131881 -698.428767
15 -0.048441 -2103.082789
15 -0.116098 -1081.385410
15 -0.238461 -1585.134530
15 -0.275791 -1849.183040
15 -0.093533 -950.197007
15 -0.023813 -372.235724
15 -0.334004 -5501.064374
15 0.085072 -578.821982
15 -0.053543 -1192.243460
15 -0.229270 -1054.842594
15 -0.091338 -574.241442
15 -0.267482 -1092.772371
15 -0.046489 -396.316495
15 -0.088828 -958.343062
15 -0.134459 -1205.564017
15 -0.060174 -1129.107238
15 0.059287 -792.094686
15 0.055634 121.018787
15 -0.083790 -395.757378
15 -0.068857 -787.921435
15 -0.018163 -665.816390
15 -0.021094 -687.774263
15 0.177665 63.890056
15 -0.009900 -558.692139
15 0.014890 -1931.089977
15 -0.128759 -1562.626367
15 -0.258139 -2482.787829
15 -0.025732 -332.881389
15 -0.061288 -273.295507
15 -0.074691 -1009.288691
15 -0.058430 -2235.321193
15 -0.100227 -460.143322
15 -0.052366 -554.538322
15 -0.028839 -217.233639
15 0.026760 -431.265967
15 -0.123870 -1042.883931
15 -0.205890 -1386.335737
15 -0.022231 -512.722390
15 -0.037815 -258.905637
15 0.152372 -1122.468457
15 -0.041704 -968.471893
15 0.024486 -215.854814
15 0.076566 -1334.431431
15 -0.312756 -2481.879635
15 -0.366788 -2728.775265
15 -0.192405 -3435.582602
15 -0.067685 -469.180728
15 0.139043 139.191801
15 -0.089662 -406.485065
15 0.016878 -1257.497219
15 -0.067342 -637.253565
15 -0.182504 -2596.354181
15 -0.079229 -1418.981344
15 -0.100610 -509.367148
15 -0.045885 -454.269109
15 -0.116939 -1266.388332
15 -0.112462 -1566.759510
15 -0.205390 -705.616148
15 0.191113 -400.185332
15 -0.043705 -546.067956
15 -0.036963 -249.871986
15 0.000661 -495.291621
15 -0.051131 -544.347956
15 -0.244094 -2151.255296
15 -0.060302 -283.122730
15 -0.089300 -569.067903
15 -0.074799 -1945.976988
15 -0.052243 -1536.222918
15 -0.170981 -1334.796247
15 -0.176566 -801.995357
15 -0.048249 -1549.341011
15 0.100940 1172.453188
15 -0.057633 -291.796729
15 -0.162200 -629.244264
15 0.053205 -1054.885354
15 -0.092332 -2030.030015
15 -0.207176 -3082.643923
15 0.078602 54.731185
15 0.077579 -120.123607
15 -0.105168 -490.605198
15 -0.148352 -1276.326909
15 -0.303123 -1326.961934
15 -0.057965 -725.348532
15 -0.088540 -1984.685201
15 0.019750 -289.852470
15 0.008614 -717.417264
15 -0.168986 -1035.976109
15 -0.056174 -778.260277
15 0.206920 -458.378222
15 -0.184681 -1322.906516
15 -0.062816 -597.570992
15 -0.030215 -804.429565
15 -0.158677 -1039.039202
15 -0.069598 -623.091419
15 0.104372 -1189.216783
15 0.060140 -268.027528
15 -0.097920 -1261.438138
15 -0.159750 -910.976011
15 0.072642 -684.339628
15 -0.040217 -289.223313
15 -0.082978 -799.723849
15 0.092627 721.117801
15 -0.073321 -545.361148
15 0.001134 -53.133181
15 -0.148208 -1131.156992
15 -0.083826 -509.282674
15 -0.113318 -1051.154963
15 -0.046082 -734.088091
15 -0.080284 -793.160960
15 -0.119109 -1454.796116
15 -0.002459 -371.141636
15 -0.216081 -1709.609470
15 -0.044257 -393.894358
15 -0.195747 -1197.155577
15 0.099252 230.080401
15 -0.099693 -998.259359
15 -0.201511 -1227.250853
15 -0.134430 -1261.192920
15 -0.058688 -1024.405734
15 0.046181 -401.617678
15 -0.177002 -1441.111992
15 -0.082904 -615.277790
15 0.074945 -650.492212
15 -0.100076 -1291.229113
15 0.229743 -342.345510
15 -0.052555 -429.936101
15 -0.009316 -701.626081
15 0.139605 -204.062898
15 -0.110036 -550.154846
15 -0.119448 -865.178614
15 -0.043984 -1603.092335
15 -0.063180 -494.263685
15 -0.257165 -1073.954633
15 0.031988 -198.117726
15 -0.000777 -359.295785
15 -0.181463 -1120.479710
15 -0.013693 -464.340067
15 0.160434 -257.338192
15 -0.123044 -779.366207
15 -0.097579 -881.516254
15 -0.035026 -125.325948
15 -0.087924 -379.613209
15 0.057180 -131.833756
15 -0.070062 -289.557432
15 0.009426 -293.966693
15 0.017458 -1139.039985
15 -0.009838 -204.109006
15 -0.075164 -662.419436
15 -0.133067 -983.982682
15 -0.262325 -2230.347938
15 -0.302814 -3248.239910
15 0.018297 -234.773838
15 -0.164605 -1336.551729
15 -0.064980 -431.254207
15 -0.079136 -464.219453
15 -0.138794 -901.435148
15 0.131808 -110.571590
15 -0.084324 -540.289665
15 -0.109710 -903.637908
15 -0.181331 -1283.763061
15 0.069265 124.523102
15 -0.069084 -1184.160169
15 -0.033854 -704.275907
15 -0.094440 -667.652401
15 -0.164562 -762.465566
15 -0.042250 -476.499799
15 -0.013195 -168.803616
15 -0.149251 -1667.870063
15 -0.116821 -1727.404533
15 -0.096130 -554.237142
15 -0.118362 -1463.785094
15 -0.074249 -890.015933
15 -0.153198 -1060.643487
15 -0.311510 -2167.435053
15 -0.091679 -696.096030
15 -0.010105 -1786.525784
15 -0.010099 -416.562618
15 -0.102230 -487.621214
15 -0.114188 -583.456533
15 -0.120964 -790.364576
15 -0.092311 -446.214016
15 -0.126298 -584.716239
15 -0.087885 -687.509860
15 0.010146 -823.190048
15 -0.092791 -383.647430
15 -0.068555 -1305.061950
15 -0.156418 -1228.591693
15 -0.014524 -1160.876375
15 0.084713 -1104.996729
15 -0.107147 -1163.036010
15 -0.077468 -878.761093
15 0.089927 -128.905387
15 -0.102733 -960.050962
15 -0.195633 -1310.515242
15 -0.240317 -1576.563863
15 -0.001009 -122.546140
15 -0.199044 -1366.018478
15 -0.183178 -924.656630
15 -0.121933 -665.220745
15 -0.083752 -915.071476
15 0.171426 -96.036024
15 -0.126617 -809.288446
15 -0.184658 -865.568835
15 0.025346 -191.591941
15 -0.296289 -1289.726453
15 -0.142041 -978.505911
15 -0.175853 -1099.656084
15 -0.020540 -408.974303
15 0.102945 -499.510135
15 0.093083 19.939652
15 -0.034858 -801.628905
15 -0.131853 -682.331779
15 -0.175277 -1748.642184
15 -0.072557 -532.697016
15 -0.192726 -2750.958837
15 -0.153469 -1244.056499
15 -0.119470 -1249.227095
15 -0.038760 -1055.717786
15 -0.046276 -1170.353111
15 -0.048743 -1258.791891
15 -0.056275 -1049.543832
15 -0.310092 -2304.833770
15 -0.076522 -885.571556
15 -0.051998 -860.944379
15 0.092125 -855.172682
15 0.007833 -195.553898
15 0.001867 -271.408746
15 -0.148198 -837.479103
15 0.308935 20.042245
15 -0.052418 -331.756891
15 0.015608 -229.399199
15 -0.167266 -1066.215998
15 -0.034494 -645.870462
15 -0.186711 -1404.136447
15 -0.090423 -800.163654
15 0.032341 -688.769707
15 -0.189734 -1166.922938
15 -0.103493 -1193.110329
15 0.029812 -456.540343
15 -0.076786 -811.152165
15 -0.161665 -1926.125118
15 0.035101 -443.215025
15 0.094886 -909.482453
15 -0.054144 -1120.848783
15 -0.101443 -486.461297
15 -0.036881 -286.870321
15 -0.082518 -347.331058
15 -0.029768 -353.488510
15 -0.049490 -245.513054
15 -0.253326 -1705.066787
15 -0.162118 -2008.657887
15 -0.033888 -733.550492
15 -0.005994 -324.566046
15 -0.113097 -877.780673
15 -0.083162 -1633.382480
15 -0.011996 -265.940848
15 -0.120777 -1144.500301
15 0.074786 -1313.349971
15 -0.241909 -1535.589305
15 0.196014 -454.734465
15 -0.257113 -1911.199222
15 0.062922 -838.433832
15 0.015235 -2689.567774
15 -0.097771 -884.964369
15 -0.165078 -765.644296
15 -0.041119 -1768.293164
15 -0.039302 -457.378015
15 -0.381641 -2317.640685
15 0.033482 -909.468354
15 -0.097299 -786.302709
15 -0.221358 -1486.456554
15 0.082856 46.222006
15 0.124544 12.580606
15 -0.009268 -1333.267561
15 -0.096991 -562.829146
15 0.135187 -60.329095
15 -0.312910 -1533.673864
15 0.096778 471.526057
15 -0.052812 -320.586189
15 -0.107272 -1596.000384
15 -0.026499 -348.213408
15 0.024476 -182.051056
15 -0.037824 -273.633285
15 -0.305444 -2167.389603
15 0.072279 -303.738091
15 -0.098352 -1382.305659
15 -0.048602 -1121.590549
15 0.150041 -851.057418
15 -0.145739 -1084.799431
15 -0.101054 -1177.423513
15 -0.008917 -170.361275
15 -0.077903 -658.907029
15 0.191974 923.358333
15 -0.084029 -940.852794
15 -0.050097 -432.851411
15 -0.155198 -1018.800187
15 -0.146236 -983.495677
15 -0.046816 -773.850622
15 -0.035745 -571.204086
15 -0.277102 -2344.721260
15 0.081511 -120.864390
15 -0.206711 -1673.785407
15 -0.147827 -697.270669
15 -0.109613 -3232.782387
15 -0.031326 -1727.212293
15 -0.236048 -1445.875655
15 -0.082630 -466.377397
15 -0.020808 -169.712958
15 -0.100508 -897.219656
15 -0.118440 -904.155303
15 -0.110074 -995.395617
15 -0.003283 -598.806984
15 -0.183181 -1030.082582
15 0.084355 -2564.112660
15 -0.089995 -1293.646749
15 -0.190433 -2248.250579
15 -0.026970 -310.767437
15 -0.178816 -1105.932343
15 0.093237 -437.943364
15 0.082392 -378.117456
15 -0.070476 -300.893854
15 -0.042011 -568.683175
15 0.053075 -364.352005
15 -0.122142 -846.030585
15 0.061285 -410.971759
15 0.027787 -410.355928
15 -0.100667 -1420.685274
15 -0.113282 -836.428569
15 -0.029086 -895.164373
15 -0.068216 -801.090062
15 -0.093723 -1434.745481
15 -0.032890 -380.565462
15 -0.218461 -1574.432492
15 -0.055823 -543.944332
15 -0.123401 -624.077178
15 -0.085932 -655.617845
15 0.036431 -1000.914028
15 0.287584 1353.054647
15 -0.082303 -534.988789
15 0.042396 -1605.691974
15 -0.163861 -1691.845014
15 -0.083739 -954.934220
15 -0.219937 -1026.244781
15 -0.034196 -498.871120
15 -0.045289 -692.847471
15 -0.006961 -1358.713619
15 -0.000028 -615.589627
15 -0.006330 -642.455725
15 -0.003463 -414.725014
15 -0.020621 -437.338729
15 -0.120701 -687.930204
15 -0.202592 -1611.118908
15 -0.066583 -828.543558
15 -0.059043 -1116.445443
15 -0.125003 -1035.837786
15 0.134795 -431.096417
15 -0.049748 -1010.153969
15 0.024405 -892.442570
15 -0.049822 -1120.190641
15 -0.181493 -786.744809
15 -0.094765 -896.592581
15 0.073487 -747.098199
15 0.042280 -534.595103
15 0.080592 -279.794261
15 0.019840 -43.140169
15 -0.220347 -2880.754426
15 -0.027885 -1975.168190
15 -0.061604 -1156.994501
15 0.101090 -1023.859503
15 -0.148609 -1577.304392
15 0.018508 8.576017
15 0.014103 -313.598920
15 -0.118336 -1073.615265
15 0.028584 160.006604
15 -0.001114 -2019.211446
15 -0.018130 -846.904742
15 0.010883 -107.663906
15 -0.132388 -845.290404
15 -0.034433 -367.136027
15 -0.010707 -172.946923
15 0.013005 -327.072780
15 0.010692 -715.348880
15 -0.081450 -861.591644
15 -0.170715 -1208.228558
15 -0.034157 -691.040229
15 0.015900 -1007.247462
15 -0.072095 -343.989573
15 -0.057401 -318.161163
15 0.034567 -245.935185
15 -0.051945 -1027.911951
15 -0.160498 -976.124812
15 -0.070495 -731.515973
15 -0.074125 -1411.393923
15 -0.355331 -3162.579543
15 -0.281323 -1138.522861
15 -0.011363 -99.808442
15 -0.010564 -90.491150
15 -0.052761 -668.930179
15 0.079217 -100.446347
15 -0.060757 -318.037293
15 -0.054213 -531.846356
15 -0.189828 -1270.477840
15 -0.131739 -1041.148207
15 -0.090449 -408.915759
15 -0.187609 -1391.277198
15 -0.124129 -1268.003750
15 -0.042058 -905.025929
15 -0.096878 -509.590969
15 -0.127746 -622.433063
15 -0.060224 -611.217591
15 0.142993 148.968494
15 -0.112699 -886.671694
15 -0.254154 -1628.552470
15 -0.071082 -479.530829
15 -0.071935 -747.527973
15 -0.038432 -477.907427
15 0.092983 -417.133888
15 -0.007182 -239.434384
15 -0.030594 -1426.687844
15 -0.044582 -681.569596
15 0.179895 -17.272434
15 -0.167379 -1851.841977
15 0.081902 -41.006325
15 -0.025536 -830.603763
15 -0.014048 -1191.417332
15 -0.096970 -746.821832
15 -0.145033 -623.379928
15 0.077923 -682.144996
15 -0.079469 -498.480892
15 -0.346644 -2512.458455
15 0.072144 -1881.863002
15 -0.072429 -630.180090
15 -0.256697 -3965.786415
15 0.104340 -45.809261
15 -0.074361 -517.139351
15 -0.063637 -1479.649359
15 -0.029745 -661.709508
15 -0.082579 -847.005974
15 0.211887 91.426148
15 -0.111806 -1524.887928
15 0.131291 -625.745756
15 -0.191893 -2714.862464
15 -0.051242 -357.043057
15 -0.074271 -542.278247
15 -0.017570 -281.083307
15 -0.085521 -867.218430
15 -0.159736 -1805.880484
15 -0.163437 -931.747214
15 -0.004689 -218.193219
15 -0.129572 -1822.096919
15 -0.044851 -534.403196
15 -0.178854 -1238.220487
15 -0.051668 -423.303624
15 0.021363 -74.239323
15 -0.004053 -96.047823
15 -0.030690 -257.508078
15 -0.034851 -833.181304
15 -0.134443 -1085.270388
15 -0.059771 -531.130987
15 -0.105820 -2068.782784
15 -0.079692 -1066.677524
15 0.249292 58.699179
15 -0.041849 -571.512547
15 -0.071028 -728.226518
15 -0.129001 -1383.903404
15 -0.054738 -908.689530
15 -0.042141 -1581.593285
15 -0.192554 -1883.763496
15 -0.198733 -1961.912253
15 -0.037332 -892.172948
15 0.059244 -334.613654
15 0.046534 -1386.413330
15 -0.131953 -2441.588746
15 -0.079984 -402.119190
15 -0.015516 -1149.983655
15 0.054491 -698.611217
15 0.022598 -2279.641329
15 -0.029930 -457.610643
15 -0.056230 -692.507235
15 0.023733 -619.695821
15 -0.063873 -590.310560
15 -0.078564 -1010.485410
15 0.312185 445.161850
15 -0.097094 -617.348936
15 -0.172005 -1266.672333
15 -0.072637 -601.092860
15 -0.210341 -2086.886697
15 -0.094845 -433.730427
15 0.029354 -3487.981687
15 0.043604 -446.556867
15 -0.119188 -526.129259
15 -0.079880 -579.673158
15 -0.006947 -561.260077
15 0.018100 -192.598572
15 -0.167053 -1000.293429
15 -0.074293 -2493.228273
15 -0.230531 -1797.889867
15 0.042711 64.348902
15 0.060346 -1061.409125
15 -0.149939 -704.452341
15 -0.139000 -1322.900531
15 -0.062559 -287.643624
15 -0.170466 -1089.776633
15 -0.085069 -1053.498969
15 -0.035797 -254.134820
15 -0.082220 -474.783686
15 0.076246 276.065443
15 -0.140094 -854.672825
15 -0.157036 -1803.374368
15 -0.054250 -551.457290
15 -0.120881 -878.203831
15 -0.065384 -771.580631
15 0.062250 -1599.972371
15 -0.042054 -1731.137414
15 0.128172 -1031.689510
15 0.024911 -238.314087
15 -0.277120 -2138.088326
15 -0.147219 -1029.005527
15 -0.442672 -3003.280516
15 -0.113688 -575.945037
15 -0.017835 -879.935917
15 -0.030974 -460.850774
15 -0.024024 -1249.952708
15 -0.176374 -1140.435289
15 -0.093267 -964.506284
15 -0.047440 -373.657468
15 -0.037097 -517.720479
15 -0.023955 -211.027068
15 -0.086603 -389.688357
15 -0.058696 -665.626970
15 -0.056436 -550.548487
15 -0.102862 -655.479095
15 -0.051488 -685.778696
15 -0.048926 -416.272683
15 -0.044793 -396.337697
15 -0.094762 -779.352989
15 0.064674 -285.356211
15 0.041024 -251.385645
15 -0.141174 -689.731397
15 -0.011377 -1334.719854
15 -0.060268 -730.140974
15 -0.020543 -1383.904055
15 -0.092574 -892.253517
15 0.146932 -208.967908
15 -0.079052 -645.774956
15 -0.095893 -727.788540
15 0.045258 -405.649092
15 -0.111543 -2145.684259
15 0.005675 -693.934215
15 -0.140721 -1290.206312
15 -0.144737 -923.401893
15 0.116636 121.491816
15 -0.075293 -488.494992
15 -0.093546 -986.649609
15 -0.039646 -470.504715
15 -0.141074 -800.593516
15 -0.140373 -1239.821454
15 -0.021393 -204.231041
15 -0.017473 -314.647692
15 0.054496 58.071687
15 0.040210 -875.418041
15 -0.009405 -116.287705
15 0.074098 -553.727518
15 -0.019192 -605.278669
15 -0.080441 -1200.220292
15 -0.026846 -315.819146
15 -0.106423 -1467.307233
15 -0.153658 -2669.868851
15 0.011904 -211.490417
15 -0.081628 -411.527817
15 0.021251 -979.989537
15 0.122773 -541.956194
15 0.071879 -471.426802
15 -0.227928 -2219.369862
15 -0.122105 -920.239100
15 -0.091542 -1289.521496
15 -0.043958 -376.250448
15 -0.063139 -761.540290
15 -0.025823 -272.611546
15 -0.193955 -1281.956896
15 -0.011821 -580.601313
15 -0.015481 -483.358954
15 -0.204262 -1048.182080
15 -0.005405 -1164.368048
15 -0.401916 -1747.821061
15 -0.075443 -1146.401601
15 0.000846 -87.984789
15 -0.053092 -1431.725022
15 -0.035678 -257.870016
15 -0.084969 -660.370723
15 -0.073066 -574.095796
15 -0.041231 -1186.304540
15 -0.245919 -2943.771393
15 0.037383 -262.429321
15 -0.013694 -977.585142
15 -0.230371 -1752.633838
15 -0.074583 -523.238530
15 -0.086573 -558.765641
15 -0.114005 -732.176446
15 -0.030638 -361.762594
15 -0.040621 -1607.883317
15 -0.077359 -748.655727
15 -0.019490 -868.581189
15 -0.126507 -1933.120928
15 -0.188237 -2181.493917
15 -0.116374 -643.444803
15 -0.083356 -344.871395
15 0.100090 -508.249385
15 -0.136708 -2171.967867
15 -0.054279 -490.180297
15 -0.073539 -468.742727
15 -0.054806 -231.292592
15 -0.266961 -1749.670152
15 0.137215 37.398671
15 -0.162223 -840.738888
15 0.021499 -950.963376
15 -0.099563 -999.065404
15 -0.012591 -187.672214
15 -0.090940 -594.210694
15 -0.128926 -1311.595295
15 -0.056862 -257.492144
15 -0.128926 -1272.545398
15 -0.077179 -1133.604208
15 -0.222557 -1838.469545
15 -0.078347 -968.849651
15 0.059187 -872.551954
15 -0.087598 -906.935749
15 -0.100756 -755.670715
15 -0.153788 -993.969930
15 -0.019894 -431.012402
15 -0.066903 -2429.776012
15 -0.160283 -1172.485060
15 -0.031842 -541.488494
15 -0.060151 -422.406205
15 -0.167481 -1776.395876
15 -0.024172 -245.998683
15 -0.104989 -899.246837
15 -0.088883 -1042.978065
15 -0.052946 -842.518725
15 -0.034823 -316.621282
15 -0.030514 -157.036159
15 -0.162905 -1836.307258
15 -0.109776 -504.112525
15 -0.039127 -720.543670
15 -0.028949 -395.876951
15 0.020199 -81.797157
15 -0.080105 -1767.634788
15 -0.107386 -1747.209479
15 -0.061197 -484.414644
15 -0.050987 -445.376562
15 -0.224119 -1713.447543
15 -0.143198 -1119.913043
15 0.089290 -1034.271477
15 -0.008076 -131.095712
15 -0.095063 -766.491441
15 -0.203260 -950.289343
15 0.035268 -410.698038
15 -0.140938 -782.953647
15 -0.094909 -1001.861136
15 -0.104092 -1942.988589
15 -0.033792 -343.470423
15 -0.126312 -919.828917
15 -0.271870 -2191.240531
15 -0.000176 -453.940600
15 -0.107049 -493.939424
15 0.015371 -292.524309
15 -0.036451 -1093.569588
15 -0.125176 -1282.549444
15 -0.105009 -1148.472822
15 -0.071469 -629.902792
15 -0.120241 -997.409718
15 -0.122124 -846.557029
15 0.069986 -1198.808927
15 0.087001 -995.273025
15 -0.001563 -466.287333
15 -0.005823 -202.167001
15 0.213813 -1277.852494
15 -0.083409 -1306.614580
15 -0.104475 -739.195174
15 -0.001065 -167.640200
15 -0.133172 -1066.609006
15 -0.138135 -668.461919
15 0.022006 -279.651979
15 -0.138217 -657.746010
15 0.000313 -388.408471
15 -0.027777 -505.145200
15 -0.254697 -3933.536786
15 -0.104196 -701.044984
15 -0.130066 -555.466833
15 -0.017763 -869.762711
15 -0.016430 -473.428289
15 -0.116316 -545.661499
15 -0.085248 -408.983750
15 -0.100225 -972.868779
15 -0.132435 -1011.262018
15 -0.110761 -557.454114
15 -0.138179 -1813.201488
15 -0.032452 -1344.873854
15 -0.283408 -1738.805129
15 -0.016497 -1067.696953
15 -0.133667 -929.955948
15 -0.047819 -406.133920
15 -0.056224 -347.798886
15 0.001182 -533.973919
15 -0.138607 -1533.240895
15 -0.096052 -679.294596
15 -0.009668 -166.034528
15 -0.037264 -294.171011
15 -0.094772 -510.164180
15 -0.077981 -421.280586
15 -0.023055 -1286.116051
15 -0.070732 -943.623030
15 -0.089716 -845.801107
15 -0.028715 -1276.125879
15 -0.139557 -880.421986
15 0.108130 -430.219688
15 0.016101 -75.181621
15 0.010668 -543.346121
15 -0.118906 -777.119278
15 -0.101499 -1448.690996
15 -0.040622 -745.330523
15 -0.012417 -414.741115
15 -0.051343 -747.438757
15 -0.126852 -877.846030
15 -0.052505 -474.519854
15 -0.106284 -730.398552
15 -0.033480 -968.738023
15 0.121077 386.304500
15 -0.314757 -3134.175706
15 -0.118944 -2343.930907
15 0.146891 77.284086
15 0.001564 -738.499651
15 -0.050108 -363.839010
15 -0.141723 -1101.022933
15 -0.072403 -402.172428
15 0.124577 311.445143
15 -0.020736 -2057.711698
15 -0.130196 -775.304572
15 -0.122735 -829.863339
15 0.007119 -505.464259
15 -0.062479 -310.479330
15 -0.012412 -594.846024
15 0.099222 -188.565371
15 -0.073642 -1581.087612
15 -0.013494 -464.778212
15 -0.112640 -828.260473
15 0.161806 20.540422
15 -0.065733 -1100.121535
15 -0.039343 -179.795842
15 -0.065668 -732.006128
15 -0.171349 -928.696691
15 -0.038271 -1496.337186
15 -0.052966 -1267.843255
15 -0.109333 -747.966745
15 -0.121868 -959.894930
15 -0.041607 -634.624530
15 -0.105101 -418.457038
15 -0.151245 -2085.564285
15 -0.127645 -849.031193
15 -0.061042 -775.466897
15 -0.149454 -2888.131701
15 0.032936 -626.197851
15 0.077128 605.918494
15 0.008054 -290.371605
15 -0.161496 -804.407945
15 -0.223885 -1685.770686
15 0.061702 -1836.651677
15 -0.165769 -1388.811264
15 -0.008758 -1244.109694
15 -0.053515 -901.817847
15 -0.038693 -306.184290
15 -0.071721 -1115.575566
15 -0.293085 -3350.991572
15 -0.085708 -629.891156
15 -0.201451 -1201.975455
15 -0.042090 -262.545147
15 0.134089 -575.304461
15 -0.031629 -513.077173
15 -0.003685 -512.617807
15 -0.091142 -442.704832
15 -0.109033 -595.506605
15 -0.050514 -465.834296
15 -0.122838 -669.985205
15 0.062625 -1375.903663
15 -0.179916 -958.487063
15 -0.069228 -393.085464
15 -0.160337 -1197.003308
15 -0.077247 -505.305864
15 -0.110049 -486.735452
15 0.096606 -163.417299
15 0.431294 2077.119120
15 -0.072337 -2283.604031
15 -0.136040 -2797.933054
15 -0.046314 -657.324970
15 0.004821 -614.326365
15 0.221063 -210.026213
15 -0.091937 -1509.765209
15 -0.036867 -395.722086
15 0.051687 -1027.345024
15 0.115058 -222.620215
15 -0.258960 -1422.204817
15 -0.114172 -1222.461545
15 -0.168921 -1756.085011
15 -0.203109 -1199.027334
15 -0.143456 -748.501998
15 -0.141591 -1030.004505
15 -0.148710 -2214.118943
15 -0.096453 -802.581428
15 -0.108461 -765.988777
15 -0.047941 -361.549211
15 -0.148444 -1042.507390
15 -0.015345 -471.241445
15 0.092338 -96.719979
15 -0.156951 -1187.395363
15 -0.070798 -3694.975395
15 -0.014933 -326.160442
15 -0.001590 -282.243596
15 0.001786 -186.357017
15 -0.088502 -411.270300
15 -0.082057 -375.936305
15 -0.055789 -1375.386755
15 -0.134650 -681.182354
15 -0.060478 -2875.631057
15 -0.095298 -828.900393
15 -0.158596 -2864.459790
15 0.030232 -371.328151
15 -0.195888 -2519.515533
15 0.053961 -79.508469
15 0.020614 -615.590499
15 -0.058603 -340.467810
15 -0.078312 -613.599617
15 -0.037763 -340.556804
15 -0.061500 -772.918755
15 -0.089841 -626.222394
15 0.032522 -298.628221
15 -0.100787 -948.629060
15 0.056026 -500.745982
15 -0.110775 -827.712485
15 -0.069299 -709.214558
15 0.016758 -702.145560
15 0.121055 -280.677386
15 -0.219763 -951.941151
