13 -0.102743 -0.102743
13 0.062114 0.062114
13 -0.393915 -0.393915
13 0.143918 0.143918
13 -0.022885 -0.022885
13 0.073989 0.073989
13 -0.063852 -0.063852
13 0.212786 0.212786
13 0.182007 0.182007
13 -0.000256 -0.000256
13 0.045661 0.045661
13 0.076695 0.076695
13 0.161083 0.161083
13 -0.072059 -0.072059
13 -0.338528 -0.338528
13 0.098636 0.098636
13 0.113206 0.113206
13 0.026151 0.026151
13 -0.070715 -0.070715
13 0.027991 0.027991
13 0.111750 0.111750
13 -0.038453 -0.038453
13 -0.003915 -0.003915
13 0.322862 0.322862
13 0.074615 0.074615
13 0.105709 0.105709
13 0.358447 0.358447
13 0.126338 0.126338
13 -0.084378 -0.084378
13 -0.155637 -0.155637
13 -0.119188 -0.119188
13 0.232963 0.232963
13 -0.026895 -0.026895
13 -0.084532 -0.084532
13 -0.173902 -0.173902
13 -0.149216 -0.149216
13 -0.188142 -0.188142
13 -0.252646 -0.252646
13 -0.199763 -0.199763
13 -0.067075 -0.067075
13 -0.002849 -0.002849
13 0.005886 0.005886
13 0.006122 0.006122
13 -0.103946 -0.103946
13 0.205990 0.205990
13 0.063158 0.063158
13 0.287925 0.287925
13 -0.089866 -0.089866
13 0.022829 0.022829
13 0.251878 0.251878
13 -0.054115 -0.054115
13 0.064970 0.064970
13 0.237197 0.237197
13 0.085739 0.085739
13 -0.271522 -0.271522
13 -0.275366 -0.275366
13 0.099891 0.099891
13 -0.315479 -0.315479
13 -0.367500 -0.367500
13 0.054387 0.054387
13 0.453531 0.453531
13 0.058179 0.058179
13 -0.169503 -0.169503
13 -0.020011 -0.020011
13 -0.339059 -0.339059
13 -0.009190 -0.009190
13 0.123233 0.123233
13 0.066048 0.066048
13 0.170144 0.170144
13 -0.005554 -0.005554
13 -0.057190 -0.057190
13 0.038104 0.038104
13 -0.207827 -0.207827
13 0.034862 0.034862
13 0.116679 0.116679
13 -0.165302 -0.165302
13 -0.318876 -0.318876
13 -0.283794 -0.283794
13 0.293574 0.293574
13 0.057464 0.057464
13 -0.295721 -0.295721
13 0.003806 0.003806
13 -0.184098 -0.184098
13 -0.135242 -0.135242
13 -0.098866 -0.098866
13 -0.085745 -0.085745
13 0.077871 0.077871
13 0.226785 0.226785
13 -0.073057 -0.073057
13 0.050940 0.050940
13 -0.042359 -0.042359
13 -0.048475 -0.048475
13 0.145527 0.145527
13 0.142061 0.142061
13 -0.033581 -0.033581
13 -0.131036 -0.131036
13 -0.273751 -0.273751
13 0.180546 0.180546
13 -0.023725 -0.023725
13 -0.263493 -0.263493
13 -0.065956 -0.065956
13 0.304037 0.304037
13 -0.163122 -0.163122
13 -0.030412 -0.030412
13 -0.226983 -0.226983
13 -0.079375 -0.079375
13 0.050405 0.050405
13 0.054275 0.054275
13 -0.077370 -0.077370
13 0.350265 0.350265
13 0.335327 0.335327
13 -0.257134 -0.257134
13 -0.148798 -0.148798
13 0.072381 0.072381
13 -0.029873 -0.029873
13 -0.221335 -0.221335
13 -0.044656 -0.044656
13 0.222572 0.222572
13 0.075680 0.075680
13 -0.267013 -0.267013
13 0.066740 0.066740
13 0.080940 0.080940
13 -0.182707 -0.182707
13 0.091851 0.091851
13 -0.073884 -0.073884
13 0.271546 0.271546
13 0.128546 0.128546
13 -0.048108 -0.048108
13 0.105368 0.105368
13 0.158603 0.158603
13 -0.026597 -0.026597
13 -0.038866 -0.038866
13 0.005448 0.005448
13 0.000504 0.000504
13 0.218425 0.218425
13 0.185802 0.185802
13 0.169117 0.169117
13 -0.114664 -0.114664
13 -0.064579 -0.064579
13 0.113053 0.113053
13 -0.005109 -0.005109
13 -0.039945 -0.039945
13 -0.170270 -0.170270
13 -0.235598 -0.235598
13 0.166908 0.166908
13 -0.058396 -0.058396
13 0.226467 0.226467
13 -0.022846 -0.022846
13 -0.027092 -0.027092
13 -0.467195 -0.467195
13 0.113003 0.113003
13 0.234553 0.234553
13 0.157103 0.157103
13 0.128098 0.128098
13 -0.024167 -0.024167
13 0.170464 0.170464
13 -0.020019 -0.020019
13 0.166471 0.166471
13 -0.075671 -0.075671
13 -0.122543 -0.122543
13 0.140631 0.140631
13 0.044939 0.044939
13 0.083077 0.083077
13 0.176000 0.176000
13 0.046407 0.046407
13 -0.045789 -0.045789
13 0.031611 0.031611
13 0.021053 0.021053
13 0.389786 0.389786
13 0.001208 0.001208
13 0.345814 0.345814
13 -0.134726 -0.134726
13 0.022912 0.022912
13 0.036794 0.036794
13 0.019823 0.019823
13 0.121889 0.121889
13 0.277501 0.277501
13 0.139248 0.139248
13 0.014818 0.014818
13 -0.023593 -0.023593
13 0.105369 0.105369
13 -0.017025 -0.017025
13 -0.024761 -0.024761
13 -0.010577 -0.010577
13 -0.100823 -0.100823
13 0.012242 0.012242
13 0.157432 0.157432
13 -0.143480 -0.143480
13 -0.010665 -0.010665
13 -0.279090 -0.279090
13 0.150956 0.150956
13 -0.069606 -0.069606
13 0.127785 0.127785
13 -0.138767 -0.138767
13 -0.043479 -0.043479
13 0.067861 0.067861
13 -0.261302 -0.261302
13 -0.297982 -0.297982
13 0.158060 0.158060
13 -0.006025 -0.006025
13 -0.051917 -0.051917
13 -0.052248 -0.052248
13 0.105555 0.105555
13 -0.001005 -0.001005
13 0.122812 0.122812
13 0.082308 0.082308
13 -0.053938 -0.053938
13 0.236245 0.236245
13 -0.016337 -0.016337
13 0.016412 0.016412
13 0.000448 0.000448
13 0.078708 0.078708
13 -0.139363 -0.139363
13 -0.204500 -0.204500
13 -0.105719 -0.105719
13 -0.023761 -0.023761
13 0.124100 0.124100
13 -0.126573 -0.126573
13 -0.166362 -0.166362
13 -0.127892 -0.127892
13 0.283255 0.283255
13 0.106488 0.106488
13 0.138657 0.138657
13 -0.008410 -0.008410
13 -0.267207 -0.267207
13 0.106496 0.106496
13 -0.038481 -0.038481
13 0.052094 0.052094
13 -0.132161 -0.132161
13 -0.156951 -0.156951
13 0.175744 0.175744
13 0.069022 0.069022
13 0.008883 0.008883
13 0.110437 0.110437
13 0.148255 0.148255
13 0.069556 0.069556
13 0.201118 0.201118
13 0.116042 0.116042
13 0.137774 0.137774
13 0.083977 0.083977
13 0.078552 0.078552
13 -0.117133 -0.117133
13 0.244325 0.244325
13 0.319827 0.319827
13 -0.141948 -0.141948
13 -0.300200 -0.300200
13 -0.206207 -0.206207
13 0.191411 0.191411
13 0.244151 0.244151
13 -0.233986 -0.233986
13 0.054212 0.054212
13 0.078416 0.078416
13 0.230767 0.230767
13 0.254659 0.254659
13 -0.107538 -0.107538
13 -0.263782 -0.263782
13 0.116159 0.116159
13 -0.133660 -0.133660
13 -0.034586 -0.034586
13 -0.080821 -0.080821
13 -0.196698 -0.196698
13 -0.252259 -0.252259
13 0.132210 0.132210
13 0.138025 0.138025
13 -0.015663 -0.015663
13 -0.055395 -0.055395
13 0.203255 0.203255
13 0.040899 0.040899
13 -0.109777 -0.109777
13 0.237478 0.237478
13 0.198811 0.198811
13 -0.073945 -0.073945
13 -0.249031 -0.249031
13 0.156637 0.156637
13 -0.052610 -0.052610
13 0.190234 0.190234
13 -0.162345 -0.162345
13 -0.028902 -0.028902
13 0.104590 0.104590
13 -0.287508 -0.287508
13 -0.139663 -0.139663
13 -0.013457 -0.013457
13 -0.177194 -0.177194
13 0.139178 0.139178
13 -0.121611 -0.121611
13 0.177642 0.177642
13 -0.086404 -0.086404
13 0.256979 0.256979
13 0.040482 0.040482
13 -0.207587 -0.207587
13 0.100766 0.100766
13 0.278053 0.278053
13 -0.157244 -0.157244
13 0.173624 0.173624
13 -0.007623 -0.007623
13 -0.093098 -0.093098
13 0.170393 0.170393
13 -0.184238 -0.184238
13 -0.116834 -0.116834
13 0.223394 0.223394
13 -0.024491 -0.024491
13 0.085227 0.085227
13 0.153366 0.153366
13 0.343724 0.343724
13 0.151765 0.151765
13 0.032943 0.032943
13 0.108807 0.108807
13 -0.331351 -0.331351
13 0.138763 0.138763
13 0.075788 0.075788
13 0.169012 0.169012
13 0.099833 0.099833
13 0.058161 0.058161
13 0.133156 0.133156
13 0.303390 0.303390
13 0.112503 0.112503
13 -0.304692 -0.304692
13 -0.041768 -0.041768
13 0.297486 0.297486
13 0.297783 0.297783
13 0.160677 0.160677
13 0.000000 0.000000
13 0.108477 0.108477
13 -0.106464 -0.106464
13 -0.018380 -0.018380
13 0.102996 0.102996
13 -0.094637 -0.094637
13 -0.068459 -0.068459
13 -0.237275 -0.237275
13 -0.098939 -0.098939
13 0.029387 0.029387
13 -0.098657 -0.098657
13 0.207559 0.207559
13 -0.207637 -0.207637
13 0.209561 0.209561
13 0.058409 0.058409
13 0.216547 0.216547
13 -0.084608 -0.084608
13 0.223334 0.223334
13 -0.004896 -0.004896
13 0.294480 0.294480
13 -0.056428 -0.056428
13 0.161941 0.161941
13 -0.236473 -0.236473
13 0.258293 0.258293
13 -0.083894 -0.083894
13 0.025212 0.025212
13 0.302185 0.302185
13 -0.076281 -0.076281
13 0.162933 0.162933
13 -0.069626 -0.069626
13 -0.143967 -0.143967
13 -0.107154 -0.107154
13 0.053331 0.053331
13 0.234245 0.234245
13 -0.115470 -0.115470
13 0.243762 0.243762
13 0.132243 0.132243
13 0.045862 0.045862
13 0.273571 0.273571
13 0.129271 0.129271
13 0.245291 0.245291
13 0.217211 0.217211
13 0.161113 0.161113
13 -0.138842 -0.138842
13 -0.079836 -0.079836
13 -0.018107 -0.018107
13 0.125293 0.125293
13 0.042406 0.042406
13 0.168808 0.168808
13 -0.049272 -0.049272
13 -0.079763 -0.079763
13 0.066152 0.066152
13 0.151271 0.151271
13 0.139867 0.139867
13 0.125659 0.125659
13 -0.193439 -0.193439
13 0.150663 0.150663
13 0.112355 0.112355
13 0.173181 0.173181
13 0.321850 0.321850
13 -0.017577 -0.017577
13 -0.072782 -0.072782
13 0.025098 0.025098
13 0.162489 0.162489
13 0.074933 0.074933
13 0.190919 0.190919
13 0.130057 0.130057
13 -0.082627 -0.082627
13 0.237590 0.237590
13 -0.032768 -0.032768
13 0.056400 0.056400
13 -0.265439 -0.265439
13 0.106538 0.106538
13 0.414692 0.414692
13 0.103280 0.103280
13 -0.032237 -0.032237
13 0.084219 0.084219
13 -0.100998 -0.100998
13 -0.147303 -0.147303
13 0.088605 0.088605
13 -0.131044 -0.131044
13 0.017532 0.017532
13 0.095413 0.095413
13 0.150761 0.150761
13 -0.017321 -0.017321
13 0.208153 0.208153
13 -0.170384 -0.170384
13 0.177096 0.177096
13 0.013346 0.013346
13 0.160115 0.160115
13 0.027724 0.027724
13 0.014291 0.014291
13 0.307006 0.307006
13 0.310019 0.310019
13 -0.019219 -0.019219
13 0.228069 0.228069
13 0.062061 0.062061
13 0.006961 0.006961
13 -0.178231 -0.178231
13 0.161798 0.161798
13 0.108789 0.108789
13 0.089653 0.089653
13 0.152637 0.152637
13 -0.028923 -0.028923
13 0.329288 0.329288
13 -0.311693 -0.311693
13 -0.285547 -0.285547
13 -0.253274 -0.253274
13 0.231071 0.231071
13 -0.129033 -0.129033
13 0.066760 0.066760
13 -0.242882 -0.242882
13 0.250605 0.250605
13 0.173123 0.173123
13 -0.115617 -0.115617
13 0.373600 0.373600
13 0.185688 0.185688
13 -0.040739 -0.040739
13 -0.068518 -0.068518
13 0.173380 0.173380
13 -0.240055 -0.240055
13 0.131598 0.131598
13 0.119894 0.119894
13 0.063363 0.063363
13 0.257997 0.257997
13 0.079742 0.079742
13 0.181531 0.181531
13 0.282572 0.282572
13 0.051994 0.051994
13 0.168718 0.168718
13 0.159594 0.159594
13 0.172526 0.172526
13 -0.125073 -0.125073
13 0.187476 0.187476
13 0.131931 0.131931
13 -0.133418 -0.133418
13 0.029482 0.029482
13 -0.192538 -0.192538
13 -0.261150 -0.261150
13 -0.060556 -0.060556
13 -0.082389 -0.082389
13 0.154606 0.154606
13 0.008454 0.008454
13 0.110289 0.110289
13 0.173866 0.173866
13 0.091581 0.091581
13 0.108736 0.108736
13 -0.117678 -0.117678
13 0.235387 0.235387
13 0.195581 0.195581
13 0.143901 0.143901
13 -0.103565 -0.103565
13 -0.245098 -0.245098
13 0.102277 0.102277
13 -0.030951 -0.030951
13 0.251522 0.251522
13 0.015481 0.015481
13 -0.111438 -0.111438
13 0.131819 0.131819
13 0.157844 0.157844
13 0.019893 0.019893
13 0.121291 0.121291
13 0.024351 0.024351
13 -0.253623 -0.253623
13 -0.093492 -0.093492
13 0.080886 0.080886
13 0.237010 0.237010
13 -0.251114 -0.251114
13 -0.155731 -0.155731
13 0.205719 0.205719
13 -0.015966 -0.015966
13 0.122362 0.122362
13 0.330184 0.330184
13 -0.306613 -0.306613
13 0.098908 0.098908
13 -0.160702 -0.160702
13 0.079502 0.079502
13 0.164849 0.164849
13 0.108440 0.108440
13 0.117654 0.117654
13 0.046286 0.046286
13 -0.031169 -0.031169
13 0.111104 0.111104
13 0.174191 0.174191
13 -0.062068 -0.062068
13 0.227536 0.227536
13 -0.104425 -0.104425
13 0.082086 0.082086
13 0.251425 0.251425
13 0.381140 0.381140
13 -0.079684 -0.079684
13 0.130607 0.130607
13 -0.053783 -0.053783
13 0.105053 0.105053
13 0.154508 0.154508
13 0.167027 0.167027
13 -0.087091 -0.087091
13 0.094176 0.094176
13 -0.123101 -0.123101
13 -0.132856 -0.132856
13 -0.059081 -0.059081
13 -0.307579 -0.307579
13 0.223400 0.223400
13 0.145873 0.145873
13 -0.128799 -0.128799
13 -0.012440 -0.012440
13 0.147851 0.147851
13 -0.239286 -0.239286
13 -0.039183 -0.039183
13 -0.218682 -0.218682
13 0.178469 0.178469
13 0.155445 0.155445
13 0.066104 0.066104
13 -0.002238 -0.002238
13 0.188990 0.188990
13 0.161241 0.161241
13 -0.230765 -0.230765
13 0.175855 0.175855
13 0.063973 0.063973
13 0.145165 0.145165
13 0.288761 0.288761
13 -0.191969 -0.191969
13 0.163395 0.163395
13 0.113429 0.113429
13 -0.079506 -0.079506
13 0.223379 0.223379
13 0.198498 0.198498
13 -0.004410 -0.004410
13 0.127385 0.127385
13 -0.121886 -0.121886
13 0.001400 0.001400
13 -0.036528 -0.036528
13 0.039906 0.039906
13 0.265310 0.265310
13 0.259987 0.259987
13 0.145978 0.145978
13 0.149258 0.149258
13 -0.077887 -0.077887
13 -0.075972 -0.075972
13 -0.051041 -0.051041
13 -0.033019 -0.033019
13 -0.166102 -0.166102
13 0.260362 0.260362
13 0.109162 0.109162
13 0.091056 0.091056
13 -0.131449 -0.131449
13 -0.098392 -0.098392
13 -0.145088 -0.145088
13 0.221748 0.221748
13 0.028831 0.028831
13 -0.128299 -0.128299
13 -0.116808 -0.116808
13 0.018944 0.018944
13 0.178964 0.178964
13 0.189583 0.189583
13 0.309573 0.309573
13 -0.157862 -0.157862
13 0.141671 0.141671
13 -0.008870 -0.008870
13 -0.124617 -0.124617
13 0.220367 0.220367
13 0.084791 0.084791
13 0.114333 0.114333
13 0.157762 0.157762
13 -0.176635 -0.176635
13 0.144071 0.144071
13 0.116327 0.116327
13 0.095916 0.095916
13 0.235031 0.235031
13 -0.246776 -0.246776
13 -0.304491 -0.304491
13 -0.064814 -0.064814
13 0.077137 0.077137
13 0.084065 0.084065
13 -0.119820 -0.119820
13 -0.126818 -0.126818
13 0.261611 0.261611
13 -0.053823 -0.053823
13 0.111924 0.111924
13 0.135690 0.135690
13 -0.246684 -0.246684
13 -0.053085 -0.053085
13 0.020428 0.020428
13 -0.015620 -0.015620
13 0.261035 0.261035
13 0.043111 0.043111
13 0.076856 0.076856
13 -0.171579 -0.171579
13 0.077085 0.077085
13 0.064892 0.064892
13 0.193393 0.193393
13 0.030078 0.030078
13 -0.217446 -0.217446
13 0.158948 0.158948
13 -0.066482 -0.066482
13 -0.227698 -0.227698
13 -0.055907 -0.055907
13 0.053686 0.053686
13 0.396776 0.396776
13 0.006704 0.006704
13 0.045837 0.045837
13 0.003328 0.003328
13 -0.052333 -0.052333
13 0.300571 0.300571
13 0.209748 0.209748
13 -0.110092 -0.110092
13 0.092769 0.092769
13 -0.199370 -0.199370
13 0.161658 0.161658
13 0.192693 0.192693
13 -0.036928 -0.036928
13 0.277292 0.277292
13 -0.245463 -0.245463
13 0.263418 0.263418
13 0.169877 0.169877
13 -0.062000 -0.062000
13 0.007476 0.007476
13 0.382032 0.382032
13 -0.026873 -0.026873
13 0.035097 0.035097
13 -0.008192 -0.008192
13 -0.121918 -0.121918
13 -0.251171 -0.251171
13 0.035387 0.035387
13 -0.077524 -0.077524
13 0.030862 0.030862
13 -0.041151 -0.041151
13 0.192073 0.192073
13 0.201758 0.201758
13 0.036605 0.036605
13 0.104095 0.104095
13 -0.000442 -0.000442
13 0.032718 0.032718
13 0.187771 0.187771
13 -0.085540 -0.085540
13 -0.097614 -0.097614
13 -0.026386 -0.026386
13 -0.136487 -0.136487
13 -0.031024 -0.031024
13 -0.152618 -0.152618
13 0.211862 0.211862
13 -0.113643 -0.113643
13 -0.252415 -0.252415
13 -0.079084 -0.079084
13 0.232939 0.232939
13 0.110399 0.110399
13 0.090104 0.090104
13 0.155590 0.155590
13 -0.196653 -0.196653
13 0.093076 0.093076
13 -0.038287 -0.038287
13 -0.110539 -0.110539
13 -0.010676 -0.010676
13 0.139289 0.139289
13 0.139892 0.139892
13 0.158736 0.158736
13 0.239135 131.152390
13 -0.031832 -2221.271103
13 -0.138615 -789.126862
13 -0.054344 -1106.866504
13 -0.059762 -451.809411
13 -0.037634 -414.441717
13 0.036137 -721.991117
13 0.068550 -2139.009871
13 -0.028246 -1087.859593
13 -0.006162 -85.965495
13 -0.072733 -794.133625
13 -0.041609 -627.845510
13 -0.047347 -1737.245645
13 -0.026209 -1712.572815
13 -0.197009 -986.798173
13 -0.118858 -851.280158
13 -0.318395 -1789.712246
13 -0.007626 -200.362002
13 0.112224 -428.758605
13 0.089133 -1300.962988
13 -0.151234 -1254.925177
13 0.004539 -307.134885
13 0.059243 -201.507886
13 -0.075019 -346.890642
13 -0.197233 -807.230176
13 -0.204736 -1759.819965
13 0.222330 -1549.197904
13 -0.031872 -450.462295
13 -0.050515 -462.347742
13 0.010260 -103.467906
13 -0.088921 -922.222506
13 -0.025520 -435.727288
13 -0.233620 -980.521779
13 -0.143442 -753.577230
13 -0.130754 -1433.226864
13 -0.142273 -751.400474
13 0.107790 -708.412563
13 -0.140366 -1020.270058
13 -0.260225 -2267.494810
13 -0.342899 -1531.995275
13 0.039622 -299.439067
13 -0.038294 -971.163053
13 -0.000191 -94.991682
13 0.078033 30.594137
13 0.188148 -374.995758
13 0.155642 -555.857168
13 -0.030412 -316.456548
13 -0.303712 -1912.925830
13 -0.397961 -2731.223288
13 -0.001791 -1230.445306
13 0.015190 -389.561475
13 -0.084827 -1006.843648
13 -0.034403 -426.369771
13 -0.014505 -249.949543
13 -0.077813 -878.191928
13 -0.159291 -1127.242976
13 -0.053493 -658.937344
13 0.312154 1366.844706
13 -0.097314 -839.766094
13 -0.091965 -591.087229
13 -0.270588 -1461.378402
13 0.008238 -436.015486
13 -0.156724 -810.979309
13 0.130921 -99.999570
13 -0.048966 -570.783051
13 -0.040518 -236.032682
13 -0.173468 -1873.366649
13 -0.020651 -2112.077247
13 -0.248183 -1498.894483
13 0.025448 -1045.874301
13 0.064244 117.272354
13 -0.179274 -1576.106172
13 0.079226 -165.105922
13 -0.067459 -1052.439802
13 0.157802 -414.201849
13 0.032257 -218.010438
13 -0.197155 -2235.144713
13 -0.067354 -887.548572
13 -0.034201 -363.735560
13 -0.088150 -810.323299
13 -0.028353 -346.366409
13 0.236622 65.827689
13 0.011505 -20.899861
13 -0.106086 -872.756988
13 -0.147823 -1555.117022
13 -0.055176 -252.250533
13 0.001841 -70.560321
13 -0.216302 -912.648949
13 -0.213825 -1809.995003
13 0.010555 -378.340560
13 0.093523 -237.293049
13 -0.046436 -561.596382
13 0.013041 -115.052034
13 -0.004160 -722.503471
13 0.137594 318.428906
13 -0.356257 -2322.237995
13 -0.153845 -1370.177357
13 -0.029178 -776.588537
13 -0.181945 -1869.168658
13 -0.160189 -1585.856823
13 -0.091736 -641.830791
13 -0.162672 -933.415581
13 -0.011078 -62.284456
13 -0.201906 -1222.827304
13 0.071433 -1478.646934
13 -0.038060 -288.790843
13 -0.019675 -152.466418
13 -0.258884 -1592.481795
13 -0.149485 -1702.522069
13 0.003694 -98.643393
13 -0.042887 -306.946220
13 -0.242992 -1153.922933
13 0.079549 -370.487924
13 0.062292 -288.690516
13 0.057614 -524.515887
13 0.150706 -476.492566
13 -0.025508 -881.151443
13 -0.107503 -677.048501
13 0.050518 -686.770339
13 -0.140953 -2196.861474
13 -0.188957 -1104.131149
13 0.081841 -309.757625
13 -0.071558 -1142.231791
13 -0.343883 -2001.106553
13 0.098822 -356.914442
13 -0.064746 -368.159868
13 -0.085947 -804.391394
13 -0.189005 -1250.118727
13 -0.046069 -793.170527
13 -0.080564 -1401.442784
13 -0.240631 -1812.203726
13 -0.013683 -715.574798
13 -0.063576 -1138.158142
13 0.015141 -755.567761
13 -0.154394 -2829.210159
13 -0.048445 -724.212362
13 -0.001990 -764.248706
13 0.011657 -204.543788
13 -0.013879 -135.563081
13 -0.019835 -1099.212115
13 -0.266437 -1526.718207
13 -0.013696 -610.844988
13 0.011355 -521.359671
13 -0.173519 -1348.219125
13 0.029990 -256.714908
13 0.103985 311.144313
13 -0.182249 -1665.624731
13 -0.158771 -840.002495
13 -0.115870 -814.053828
13 -0.282929 -1242.892938
13 0.077107 152.897417
13 -0.020788 -450.569973
13 0.144626 62.902832
13 -0.171283 -1204.765255
13 -0.195071 -1163.897578
13 -0.018821 -90.053024
13 -0.339010 -3471.978157
13 -0.084222 -1108.714465
13 0.014710 44.184745
13 -0.072135 -468.023849
13 -0.059206 -628.822254
13 -0.140811 -892.586746
13 -0.090903 -493.652010
13 -0.093720 -409.046837
13 -0.209314 -1749.662061
13 -0.008341 -185.506511
13 0.112379 -1110.398396
13 -0.111813 -648.131988
13 -0.152879 -939.186658
13 -0.103134 -485.321181
13 0.023035 -2492.111964
13 -0.009259 -1316.378891
13 -0.109028 -434.107427
13 -0.314095 -1483.216540
13 0.050761 -1735.571778
13 -0.059982 -643.080229
13 -0.195120 -2230.991886
13 -0.047896 -780.616332
13 -0.067825 -590.588305
13 -0.031413 -362.892168
13 -0.111145 -474.764673
13 -0.307341 -3992.595264
13 0.096430 -1163.372062
13 -0.269024 -1721.445443
13 -0.037104 -592.781633
13 0.069297 -344.164459
13 0.240556 946.360264
13 -0.296563 -1843.254881
13 -0.110424 -1884.567472
13 -0.081815 -1233.028224
13 -0.132723 -612.828003
13 -0.005291 -968.810709
13 -0.203142 -1138.738622
13 0.023825 -131.640329
13 0.145210 -369.224491
13 -0.017102 -101.070925
13 -0.130397 -645.528753
13 0.085704 95.784014
13 0.085362 -246.744056
13 -0.286581 -2392.691992
13 0.038224 -1125.841935
13 -0.103435 -518.442723
13 0.008130 -461.447103
13 -0.070388 -457.659367
13 -0.091202 -947.928238
13 -0.210341 -1140.845832
13 -0.108582 -1012.591706
13 0.079714 -656.296989
13 -0.037490 -266.242905
13 0.335905 3610.897946
13 -0.136393 -1206.198190
13 0.041195 -917.399944
13 -0.244984 -2340.308861
13 -0.214089 -926.720829
13 -0.024310 -553.412590
13 -0.108522 -479.034384
13 0.061472 -59.876955
13 -0.130692 -956.450480
13 -0.001845 -354.701735
13 0.031309 -994.016373
13 -0.031151 -265.291542
13 0.153916 179.544596
13 -0.036738 -349.492213
13 -0.057932 -1742.854772
13 -0.078317 -831.766279
13 0.044435 -1479.551119
13 -0.076929 -575.692347
13 -0.063756 -1237.574065
13 -0.148551 -1006.001380
13 -0.103938 -851.055017
13 -0.035090 -1433.172192
13 0.089073 -396.629595
13 0.249505 -246.710593
13 -0.009056 -803.422793
13 -0.072157 -727.297047
13 -0.116804 -527.231862
13 0.029251 -149.258181
13 -0.255123 -1802.267744
13 -0.206654 -2231.659360
13 -0.126763 -531.676360
13 -0.076913 -742.474595
13 0.098102 -141.839862
13 -0.084624 -975.295214
13 -0.085707 -639.191616
13 -0.015056 -2612.105920
13 -0.050084 -360.952754
13 0.035916 -799.246405
13 0.045999 -1435.141606
13 -0.007529 -329.295844
13 -0.274633 -1127.116842
13 -0.155361 -1610.447627
13 -0.283205 -3428.624054
13 -0.060143 -413.324465
13 -0.092938 -381.372775
13 -0.187197 -1569.199520
13 -0.188606 -1587.719509
13 -0.242815 -1336.670902
13 -0.072698 -428.242096
13 -0.057259 -503.456935
13 -0.189813 -1057.017844
13 -0.042131 -316.232411
13 -0.249387 -2322.709034
13 -0.272111 -1948.847260
13 0.120215 -578.810299
13 -0.028047 -1871.239155
13 -0.016270 -1040.169531
13 -0.176768 -1132.178108
13 -0.027283 -586.573339
13 -0.030798 -188.649731
13 0.039450 -820.013031
13 -0.051365 -1887.343991
13 0.082676 -21.384436
13 -0.094224 -843.305920
13 -0.183734 -1290.333457
13 -0.064540 -969.595931
13 -0.003157 -395.579068
13 0.027145 -1846.764265
13 -0.118472 -1101.945613
13 0.005631 -1721.903108
13 -0.113992 -1504.372788
13 -0.132584 -649.471139
13 -0.043962 -256.513627
13 -0.032385 -238.395301
13 -0.112021 -816.856792
13 0.002127 -1034.497035
13 -0.100918 -696.432536
13 -0.159405 -1281.845848
13 0.102243 -1045.977663
13 -0.049687 -282.749533
13 -0.083886 -573.870679
13 -0.074445 -2142.174122
13 0.178876 -1001.910277
13 0.121493 1090.971263
13 -0.184613 -872.844651
13 -0.009402 -160.176526
13 -0.047585 -377.321086
13 -0.156219 -1220.287785
13 -0.104721 -729.054421
13 -0.054695 -482.304968
13 -0.005538 -147.046860
13 -0.126451 -998.046868
13 -0.018462 -696.229121
13 -0.106760 -488.215645
13 -0.046405 -2211.005041
13 -0.157185 -2623.960736
13 0.331896 -1001.732676
13 -0.297054 -1688.844367
13 -0.232825 -1446.244121
13 -0.337675 -3150.157963
13 -0.209038 -1900.087480
13 -0.124957 -987.157102
13 -0.100464 -664.380136
13 -0.164673 -862.155017
13 -0.180636 -931.598575
13 -0.094562 -759.349799
13 -0.116428 -770.046123
13 -0.141862 -1275.832879
13 -0.158458 -1389.585281
13 -0.153136 -964.802187
13 -0.049190 -911.199225
13 0.005316 -672.476469
13 -0.041144 -198.099725
13 -0.167426 -876.105974
13 -0.145862 -2271.351861
13 0.002828 -29.506459
13 -0.293358 -1485.513832
13 -0.022656 -465.028505
13 -0.086751 -1353.175698
13 0.055038 -278.282156
13 -0.059644 -424.473798
13 -0.057325 -991.435433
13 -0.023581 -139.523431
13 -0.491949 -1785.263156
13 -0.090612 -519.237698
13 -0.034939 -1842.699649
13 -0.146366 -2277.855468
13 -0.286618 -1734.945087
13 -0.190393 -1241.227296
13 0.135231 59.580305
13 -0.004611 -484.227874
13 -0.046886 -1102.620337
13 -0.154374 -1447.274628
13 0.016822 -992.399718
13 -0.065502 -1076.173552
13 -0.108175 -1228.104161
13 0.217523 81.087957
13 0.426938 -190.939359
13 0.118711 -1242.865244
13 -0.267110 -962.094266
13 -0.053754 -1365.959909
13 -0.072312 -430.638870
13 0.015185 -135.504364
13 -0.223855 -2278.754628
13 -0.246234 -1797.234363
13 0.007076 -45.033081
13 0.060930 -129.165259
13 0.407097 2963.764179
13 -0.147185 -1185.445243
13 0.001135 -87.499808
13 -0.049539 -466.814817
13 -0.078785 -415.904535
13 0.104998 -887.474625
13 0.025634 -518.608615
13 0.021737 -518.180653
13 -0.249203 -1937.029645
13 -0.159602 -1701.650801
13 -0.025218 -293.488247
13 -0.364373 -3425.346539
13 -0.184054 -2029.089468
13 -0.024268 -183.890875
13 -0.215030 -2382.787204
13 -0.124715 -1712.555915
13 -0.081176 -757.291209
13 -0.116744 -494.469070
13 -0.183824 -2040.222937
13 -0.037583 -825.416194
13 -0.050447 -300.838800
13 0.098327 -110.872304
13 -0.060435 -526.186891
13 -0.008887 -664.365674
13 -0.071626 -657.854744
13 -0.085172 -678.514532
13 -0.126162 -902.936614
13 0.023173 -144.640969
13 -0.077525 -624.878235
13 -0.194156 -2745.905966
13 -0.013042 -1237.268424
13 -0.044583 -312.650159
13 -0.048348 -570.503320
13 -0.218337 -1511.323121
13 -0.028463 -423.022506
13 0.181951 -304.477991
13 -0.106213 -706.268883
13 -0.212368 -1411.407928
13 -0.045212 -880.928332
13 0.065028 -320.498755
13 -0.027737 -270.605742
13 0.033666 -884.436034
13 -0.084683 -789.896793
13 -0.111880 -581.497308
13 -0.054398 -511.815639
13 -0.027292 -874.837109
13 -0.073729 -619.063960
13 -0.046692 -1088.033319
13 -0.072230 -440.443454
13 0.055860 -34.624889
13 -0.210979 -1758.199220
13 -0.041250 -487.414939
13 -0.263067 -3547.741132
13 0.089539 -207.859789
13 -0.088451 -831.367561
13 -0.071388 -1783.709075
13 -0.224777 -838.353770
13 -0.090742 -537.749759
13 0.026315 -603.701259
13 -0.110010 -480.342738
13 -0.091378 -2469.999476
13 -0.011714 -184.823196
13 0.032587 -663.514506
13 -0.109674 -2076.313452
13 -0.253180 -1583.034769
13 -0.020142 -371.851392
13 -0.053518 -535.953870
13 0.222779 -602.935097
13 -0.074577 -603.949058
13 0.000352 -1025.226432
13 -0.015566 -326.239012
13 -0.358285 -2546.143277
13 -0.076864 -758.220926
13 -0.027929 -373.773918
13 0.090333 -1369.309077
13 -0.023365 -320.239867
13 -0.140462 -633.712701
13 -0.013435 -904.924410
13 0.111717 -320.413473
13 -0.047243 -400.426200
13 -0.014502 -72.975476
13 -0.278269 -1217.430087
13 -0.098750 -1239.143681
13 0.009515 -799.108111
13 -0.267203 -2077.016578
13 -0.141751 -759.736315
13 -0.235231 -1142.726154
13 -0.059845 -723.022113
13 -0.164534 -1772.665264
13 -0.150877 -617.487677
13 -0.146896 -984.184599
13 -0.063674 -507.188661
13 -0.184402 -3060.813222
13 0.016244 -645.163004
13 -0.221668 -1558.524879
13 0.013402 -86.744116
13 -0.322778 -1809.807210
13 0.082689 -227.596775
13 -0.135445 -645.381048
13 -0.103087 -1386.527755
13 0.036934 -351.885689
13 -0.001372 -1088.954110
13 -0.114681 -2011.977363
13 -0.029277 -153.855500
13 -0.168416 -1404.031114
13 -0.040977 -294.402459
13 -0.053103 -1085.009734
13 -0.171587 -2117.660133
13 -0.169582 -1106.162325
13 -0.055903 -784.795974
13 -0.316357 -2594.706681
13 -0.050326 -274.718849
13 -0.140794 -2237.628887
13 0.068424 -260.395353
13 -0.092195 -788.150734
13 -0.163476 -974.111779
14 0.129821 0.129821
14 -0.067596 -0.067596
14 0.180743 0.180743
14 0.178481 0.178481
14 -0.268413 -0.268413
14 -0.094683 -0.094683
14 0.015431 0.015431
14 0.194229 0.194229
14 0.145183 0.145183
14 -0.084800 -0.084800
14 0.189099 0.189099
14 -0.123063 -0.123063
14 -0.143145 -0.143145
14 0.150432 0.150432
14 -0.187511 -0.187511
14 0.129593 0.129593
14 0.275110 0.275110
14 -0.093912 -0.093912
14 -0.032417 -0.032417
14 -0.129021 -0.129021
14 0.224987 0.224987
14 0.128487 0.128487
14 -0.020558 -0.020558
14 0.127618 0.127618
14 -0.059595 -0.059595
14 -0.090249 -0.090249
14 0.003932 0.003932
14 0.082943 0.082943
14 0.191761 0.191761
14 0.084136 0.084136
14 0.269823 0.269823
14 0.158553 0.158553
14 -0.326339 -0.326339
14 -0.010710 -0.010710
14 0.059095 0.059095
14 -0.005697 -0.005697
14 0.179949 0.179949
14 -0.025836 -0.025836
14 0.042146 0.042146
14 0.311564 0.311564
14 -0.114951 -0.114951
14 0.152276 0.152276
14 -0.224980 -0.224980
14 0.250459 0.250459
14 0.222253 0.222253
14 -0.119394 -0.119394
14 -0.002327 -0.002327
14 0.243201 0.243201
14 -0.062491 -0.062491
14 0.036055 0.036055
14 -0.213880 -0.213880
14 0.230312 0.230312
14 -0.067842 -0.067842
14 -0.039768 -0.039768
14 0.305722 0.305722
14 0.077877 0.077877
14 -0.144247 -0.144247
14 -0.057124 -0.057124
14 0.132575 0.132575
14 0.090169 0.090169
14 0.196468 0.196468
14 -0.015119 -0.015119
14 -0.084432 -0.084432
14 0.067833 0.067833
14 0.025096 0.025096
14 0.220519 0.220519
14 -0.064990 -0.064990
14 0.098240 0.098240
14 0.126148 0.126148
14 0.050649 0.050649
14 0.101574 0.101574
14 0.030511 0.030511
14 -0.088826 -0.088826
14 -0.027609 -0.027609
14 0.124702 0.124702
14 0.011207 0.011207
14 -0.122790 -0.122790
14 0.159328 0.159328
14 0.160083 0.160083
14 -0.050915 -0.050915
14 0.263052 0.263052
14 0.163857 0.163857
14 -0.219283 -0.219283
14 -0.046993 -0.046993
14 0.021174 0.021174
14 -0.117868 -0.117868
14 -0.011675 -0.011675
14 -0.013353 -0.013353
14 -0.060871 -0.060871
14 0.028630 0.028630
14 -0.045772 -0.045772
14 0.218465 0.218465
14 -0.190912 -0.190912
14 0.141198 0.141198
14 0.147787 0.147787
14 -0.039408 -0.039408
14 0.060025 0.060025
14 -0.264096 -0.264096
14 -0.190638 -0.190638
14 -0.106187 -0.106187
14 -0.050251 -0.050251
14 -0.116066 -0.116066
14 -0.119549 -0.119549
14 0.247183 0.247183
14 -0.036735 -0.036735
14 0.176018 0.176018
14 -0.155616 -0.155616
14 0.013002 0.013002
14 -0.041736 -0.041736
14 0.043064 0.043064
14 -0.001688 -0.001688
14 0.196069 0.196069
14 -0.031209 -0.031209
14 0.140219 0.140219
14 0.241954 0.241954
14 -0.031804 -0.031804
14 0.028420 0.028420
14 0.085020 0.085020
14 -0.285182 -0.285182
14 -0.029436 -0.029436
14 -0.036657 -0.036657
14 0.267390 0.267390
14 0.158057 0.158057
14 0.117180 0.117180
14 -0.056923 -0.056923
14 0.081254 0.081254
14 -0.084444 -0.084444
14 0.339687 0.339687
14 -0.232375 -0.232375
14 -0.004840 -0.004840
14 0.385892 0.385892
14 -0.231184 -0.231184
14 -0.185424 -0.185424
14 0.111754 0.111754
14 0.073262 0.073262
14 -0.008683 -0.008683
14 0.226301 0.226301
14 -0.009462 -0.009462
14 -0.130740 -0.130740
14 0.177409 0.177409
14 0.179471 0.179471
14 0.199308 0.199308
14 -0.268553 -0.268553
14 -0.285969 -0.285969
14 0.239468 0.239468
14 -0.085806 -0.085806
14 0.043401 0.043401
14 -0.203781 -0.203781
14 0.068303 0.068303
14 0.007803 0.007803
14 -0.193496 -0.193496
14 -0.079449 -0.079449
14 0.306926 0.306926
14 0.219593 0.219593
14 0.057738 0.057738
14 0.005877 0.005877
14 0.085603 0.085603
14 0.110282 0.110282
14 -0.013118 -0.013118
14 0.206219 0.206219
14 0.126600 0.126600
14 -0.016645 -0.016645
14 -0.067502 -0.067502
14 -0.043729 -0.043729
14 0.033974 0.033974
14 -0.092962 -0.092962
14 0.035602 0.035602
14 0.086329 0.086329
14 0.133760 0.133760
14 0.202132 0.202132
14 0.070886 0.070886
14 0.239612 0.239612
14 0.108530 0.108530
14 -0.119950 -0.119950
14 0.075488 0.075488
14 -0.024116 -0.024116
14 0.137545 0.137545
14 0.122530 0.122530
14 -0.034740 -0.034740
14 0.081534 0.081534
14 0.102560 0.102560
14 -0.031188 -0.031188
14 0.149063 0.149063
14 0.085373 0.085373
14 0.123501 0.123501
14 0.190805 0.190805
14 -0.083016 -0.083016
14 -0.068642 -0.068642
14 0.097224 0.097224
14 -0.003231 -0.003231
14 0.231368 0.231368
14 0.020165 0.020165
14 -0.051346 -0.051346
14 0.054725 0.054725
14 0.132046 0.132046
14 -0.152097 -0.152097
14 0.124803 0.124803
14 0.239973 0.239973
14 0.243801 0.243801
14 -0.168477 -0.168477
14 -0.079309 -0.079309
14 0.021167 0.021167
14 0.270279 0.270279
14 0.048085 0.048085
14 0.302921 0.302921
14 0.157828 0.157828
14 0.081670 0.081670
14 -0.153712 -0.153712
14 0.180247 0.180247
14 0.245644 0.245644
14 0.065306 0.065306
14 -0.015964 -0.015964
14 -0.153663 -0.153663
14 0.259516 0.259516
14 0.193874 0.193874
14 -0.053953 -0.053953
14 0.110677 0.110677
14 0.222494 0.222494
14 -0.017343 -0.017343
14 -0.114628 -0.114628
14 -0.172056 -0.172056
14 0.059688 0.059688
14 -0.105488 -0.105488
14 -0.110902 -0.110902
14 0.321086 0.321086
14 0.137381 0.137381
14 -0.065742 -0.065742
14 -0.037269 -0.037269
14 -0.138085 -0.138085
14 0.008128 0.008128
14 0.152774 0.152774
14 0.229746 0.229746
14 0.077373 0.077373
14 -0.105651 -0.105651
14 -0.152601 -0.152601
14 0.227290 0.227290
14 -0.117136 -0.117136
14 -0.116999 -0.116999
14 -0.060236 -0.060236
14 -0.011870 -0.011870
14 0.185482 0.185482
14 -0.218143 -0.218143
14 -0.158211 -0.158211
14 0.097433 0.097433
14 0.261129 0.261129
14 0.270896 0.270896
14 -0.031379 -0.031379
14 -0.018997 -0.018997
14 0.299502 0.299502
14 -0.096398 -0.096398
14 0.277602 0.277602
14 -0.024843 -0.024843
14 0.081279 0.081279
14 -0.024149 -0.024149
14 0.111081 0.111081
14 0.204516 0.204516
14 0.214090 0.214090
14 -0.000266 -0.000266
14 -0.051346 -0.051346
14 0.222669 0.222669
14 -0.145457 -0.145457
14 -0.051922 -0.051922
14 -0.024859 -0.024859
14 0.130929 0.130929
14 -0.043649 -0.043649
14 0.185806 0.185806
14 0.085365 0.085365
14 0.016814 0.016814
14 0.095391 0.095391
14 0.035566 0.035566
14 -0.197840 -0.197840
14 0.181364 0.181364
14 -0.054326 -0.054326
14 0.169183 0.169183
14 0.125450 0.125450
14 0.047842 0.047842
14 -0.010703 -0.010703
14 -0.225565 -0.225565
14 0.099402 0.099402
14 0.285019 0.285019
14 0.136138 0.136138
14 0.124776 0.124776
14 0.231314 0.231314
14 -0.087098 -0.087098
14 0.131648 0.131648
14 -0.215681 -0.215681
14 -0.016653 -0.016653
14 0.103932 0.103932
14 0.214827 0.214827
14 0.172194 0.172194
14 -0.100599 -0.100599
14 0.117062 0.117062
14 -0.051659 -0.051659
14 0.217260 0.217260
14 0.141780 0.141780
14 0.265370 0.265370
14 0.023539 0.023539
14 0.179313 0.179313
14 -0.053115 -0.053115
14 0.094234 0.094234
14 0.103854 0.103854
14 -0.031806 -0.031806
14 0.139894 0.139894
14 0.132024 0.132024
14 -0.198729 -0.198729
14 -0.265818 -0.265818
14 0.061025 0.061025
14 0.033715 0.033715
14 -0.101845 -0.101845
14 0.142747 0.142747
14 -0.160426 -0.160426
14 -0.031624 -0.031624
14 0.231483 0.231483
14 0.029600 0.029600
14 -0.158542 -0.158542
14 -0.001068 -0.001068
14 0.186340 0.186340
14 0.159012 0.159012
14 0.154580 0.154580
14 0.048150 0.048150
14 0.088577 0.088577
14 -0.030393 -0.030393
14 0.131912 0.131912
14 0.075066 0.075066
14 -0.010986 -0.010986
14 0.179638 0.179638
14 -0.108745 -0.108745
14 -0.042361 -0.042361
14 -0.109005 -0.109005
14 0.082878 0.082878
14 -0.130767 -0.130767
14 0.200937 0.200937
14 0.266084 0.266084
14 0.029999 0.029999
14 0.199574 0.199574
14 0.008035 0.008035
14 0.081159 0.081159
14 0.067219 0.067219
14 0.191213 0.191213
14 0.065178 0.065178
14 -0.123099 -0.123099
14 -0.021663 -0.021663
14 -0.027455 -0.027455
14 0.056208 0.056208
14 0.040602 0.040602
14 0.118233 0.118233
14 -0.149729 -0.149729
14 -0.034630 -0.034630
14 0.053127 0.053127
14 -0.126743 -0.126743
14 -0.048388 -0.048388
14 0.310595 0.310595
14 -0.070746 -0.070746
14 0.163030 0.163030
14 -0.126310 -0.126310
14 -0.095707 -0.095707
14 0.030192 0.030192
14 0.218509 0.218509
14 0.114073 0.114073
14 0.095592 0.095592
14 0.375590 0.375590
14 0.292425 0.292425
14 -0.035587 -0.035587
14 -0.066052 -0.066052
14 0.245937 0.245937
14 -0.043949 -0.043949
14 -0.064570 -0.064570
14 0.101750 0.101750
14 0.259091 0.259091
14 -0.110987 -0.110987
14 -0.199837 -0.199837
14 -0.179945 -0.179945
14 0.103941 0.103941
14 -0.057278 -0.057278
14 0.149485 0.149485
14 -0.014278 -0.014278
14 0.112581 0.112581
14 0.144588 0.144588
14 -0.081078 -0.081078
14 0.071546 0.071546
14 0.093109 0.093109
14 0.005867 0.005867
14 0.084692 0.084692
14 0.183886 0.183886
14 -0.118899 -0.118899
14 0.089627 0.089627
14 -0.059744 -0.059744
14 0.268625 0.268625
14 -0.050055 -0.050055
14 0.195792 0.195792
14 -0.018916 -0.018916
14 0.140362 0.140362
14 0.091443 0.091443
14 -0.164091 -0.164091
14 -0.087514 -0.087514
14 0.185774 0.185774
14 -0.152939 -0.152939
14 0.020084 0.020084
14 -0.036661 -0.036661
14 -0.000883 -0.000883
14 0.170741 0.170741
14 0.148690 0.148690
14 0.156222 0.156222
14 0.054099 0.054099
14 -0.120911 -0.120911
14 -0.045633 -0.045633
14 -0.018252 -0.018252
14 -0.147022 -0.147022
14 -0.110961 -0.110961
14 0.305636 0.305636
14 -0.050043 -0.050043
14 -0.118076 -0.118076
14 0.269842 0.269842
14 0.048733 0.048733
14 0.095386 0.095386
14 0.125364 0.125364
14 -0.093823 -0.093823
14 0.021805 0.021805
14 -0.118629 -0.118629
14 0.139408 0.139408
14 -0.136170 -0.136170
14 0.306593 0.306593
14 -0.115601 -0.115601
14 0.007010 0.007010
14 -0.098588 -0.098588
14 -0.109795 -0.109795
14 0.150466 0.150466
14 0.063855 0.063855
14 0.052563 0.052563
14 0.042058 0.042058
14 -0.176839 -0.176839
14 0.010021 0.010021
14 -0.126199 -0.126199
14 0.178883 0.178883
14 -0.066214 -0.066214
14 -0.068074 -0.068074
14 0.021406 0.021406
14 -0.143387 -0.143387
14 0.153871 0.153871
14 0.072007 0.072007
14 -0.163610 -0.163610
14 0.050778 0.050778
14 -0.090333 -0.090333
14 0.297195 0.297195
14 -0.131715 -0.131715
14 0.119867 0.119867
14 0.085326 0.085326
14 0.027487 0.027487
14 -0.098349 -0.098349
14 0.002512 0.002512
14 0.144651 0.144651
14 0.152919 0.152919
14 0.276070 0.276070
14 0.072322 0.072322
14 0.217587 0.217587
14 0.144006 0.144006
14 0.103548 0.103548
14 -0.071265 -0.071265
14 0.014548 0.014548
14 0.078387 0.078387
14 0.231758 0.231758
14 0.322479 0.322479
14 0.007839 0.007839
14 0.399369 0.399369
14 -0.069215 -0.069215
14 0.103931 0.103931
14 0.088588 0.088588
14 0.155976 0.155976
14 -0.105654 -0.105654
14 0.288784 0.288784
14 -0.074436 -0.074436
14 0.066024 0.066024
14 0.070215 0.070215
14 0.114105 0.114105
14 -0.097206 -0.097206
14 0.011686 0.011686
14 -0.013539 -0.013539
14 -0.062141 -0.062141
14 -0.083488 -0.083488
14 0.011509 0.011509
14 0.259293 0.259293
14 -0.000178 -0.000178
14 0.181109 0.181109
14 0.077877 0.077877
14 -0.203273 -0.203273
14 0.099784 0.099784
14 -0.015081 -0.015081
14 0.010602 0.010602
14 0.216123 0.216123
14 -0.057131 -0.057131
14 -0.111721 -0.111721
14 0.128137 0.128137
14 0.233341 0.233341
14 0.068758 0.068758
14 0.003771 0.003771
14 0.073399 0.073399
14 0.045604 0.045604
14 0.023205 0.023205
14 0.060072 0.060072
14 -0.046338 -0.046338
14 0.114818 0.114818
14 0.080616 0.080616
14 0.008350 0.008350
14 -0.004658 -0.004658
14 0.234374 0.234374
14 -0.238885 -0.238885
14 0.088415 0.088415
14 -0.063873 -0.063873
14 0.081501 0.081501
14 -0.032734 -0.032734
14 0.035796 0.035796
14 -0.094099 -0.094099
14 0.124477 0.124477
14 -0.072994 -0.072994
14 -0.156275 -0.156275
14 0.051683 0.051683
14 0.046480 0.046480
14 0.114391 0.114391
14 0.173818 0.173818
14 -0.106404 -0.106404
14 0.302130 0.302130
14 -0.042997 -0.042997
14 0.071123 0.071123
14 -0.228784 -0.228784
14 -0.020556 -0.020556
14 0.136323 0.136323
14 0.191985 0.191985
14 0.151587 0.151587
14 -0.031355 -0.031355
14 -0.104672 -0.104672
14 0.026193 0.026193
14 -0.401547 -0.401547
14 -0.096452 -0.096452
14 -0.126075 -0.126075
14 0.347456 0.347456
14 0.119624 0.119624
14 0.044497 0.044497
14 0.132444 0.132444
14 -0.004146 -0.004146
14 -0.044477 -0.044477
14 -0.156590 -0.156590
14 -0.088918 -0.088918
14 -0.132211 -0.132211
14 0.022129 0.022129
14 -0.143289 -0.143289
14 -0.116988 -0.116988
14 -0.180211 -0.180211
14 -0.255521 -0.255521
14 0.045293 0.045293
14 -0.066798 -0.066798
14 -0.082586 -0.082586
14 0.185401 0.185401
14 -0.047227 -0.047227
14 -0.153672 -0.153672
14 -0.044851 -0.044851
14 -0.041005 -0.041005
14 0.066273 0.066273
14 -0.159635 -0.159635
14 0.202250 0.202250
14 -0.017159 -0.017159
14 0.011119 0.011119
14 -0.018703 -0.018703
14 0.289719 0.289719
14 0.140946 0.140946
14 0.301696 0.301696
14 0.173360 0.173360
14 -0.287112 -0.287112
14 -0.131491 -0.131491
14 -0.128049 -0.128049
14 -0.319280 -0.319280
14 0.044288 0.044288
14 -0.004098 -0.004098
14 -0.040483 -0.040483
14 0.154909 0.154909
14 0.074396 0.074396
14 0.185950 0.185950
14 -0.029085 -0.029085
14 -0.242450 -0.242450
14 0.002544 0.002544
14 0.153079 0.153079
14 0.237474 0.237474
14 0.278882 0.278882
14 0.142955 0.142955
14 0.145153 0.145153
14 -0.126573 -0.126573
14 0.138160 0.138160
14 -0.112758 -0.112758
14 0.154688 0.154688
14 0.205878 0.205878
14 0.098987 0.098987
14 0.185868 0.185868
14 -0.032347 -0.032347
14 -0.063923 -0.063923
14 0.015708 0.015708
14 -0.159985 -0.159985
14 0.008990 0.008990
14 -0.003549 -0.003549
14 0.224062 0.224062
14 -0.109179 -0.109179
14 0.003440 0.003440
14 0.000079 0.000079
14 -0.044483 -0.044483
14 -0.043220 -0.043220
14 -0.166039 -0.166039
14 0.152068 0.152068
14 0.171933 0.171933
14 -0.009702 -0.009702
14 0.043669 0.043669
14 0.003552 0.003552
14 0.211820 0.211820
14 0.058343 0.058343
14 0.296837 0.296837
14 0.262582 0.262582
14 -0.083369 -0.083369
14 0.001989 0.001989
14 0.051169 0.051169
14 0.125249 0.125249
14 -0.073057 -0.073057
14 0.173415 0.173415
14 -0.089870 -0.089870
14 -0.095995 -0.095995
14 -0.006993 -0.006993
14 0.010602 0.010602
14 0.256009 0.256009
14 -0.018681 -0.018681
14 0.039154 0.039154
14 -0.349433 -0.349433
14 -0.003898 -0.003898
14 0.123281 0.123281
14 0.209396 0.209396
14 0.199328 0.199328
14 -0.007638 -0.007638
14 0.249246 0.249246
14 0.020789 0.020789
14 0.125491 0.125491
14 0.078824 0.078824
14 0.039525 0.039525
14 0.097250 0.097250
14 -0.058435 -0.058435
14 -0.118261 -0.118261
14 0.225623 0.225623
14 -0.012748 -0.012748
14 0.088055 0.088055
14 -0.036147 -0.036147
14 0.219658 0.219658
14 0.060107 0.060107
14 0.218288 0.218288
14 -0.003187 -0.003187
14 0.089648 0.089648
14 -0.049356 -0.049356
14 0.121209 0.121209
14 -0.168635 -0.168635
14 -0.021661 -0.021661
14 -0.188636 -0.188636
14 0.175294 0.175294
14 0.123702 0.123702
14 0.035644 0.035644
14 0.145277 0.145277
14 0.099177 0.099177
14 0.140442 0.140442
14 0.063845 0.063845
14 0.198122 0.198122
14 -0.103035 -0.103035
14 0.111366 0.111366
14 0.173441 0.173441
14 0.265008 0.265008
14 0.198368 0.198368
14 -0.078642 -0.078642
14 -0.266943 -0.266943
14 -0.164084 -0.164084
14 -0.138172 -0.138172
14 -0.007105 -0.007105
14 -0.039318 -0.039318
14 -0.222444 -0.222444
14 0.166908 0.166908
14 -0.103349 -0.103349
14 -0.148804 -0.148804
14 -0.041860 -0.041860
14 0.161791 0.161791
14 -0.243948 -0.243948
14 0.297144 0.297144
14 0.119289 0.119289
14 0.027478 0.027478
14 -0.237952 -0.237952
14 -0.021259 -0.021259
14 0.136307 0.136307
14 0.033758 0.033758
14 0.305034 0.305034
14 0.162611 0.162611
14 -0.187815 -0.187815
14 0.079444 0.079444
14 -0.010462 -0.010462
14 -0.008195 -0.008195
14 -0.257769 -0.257769
14 -0.034517 -0.034517
14 -0.029032 -0.029032
14 0.020435 0.020435
14 -0.363250 -0.363250
14 0.161334 0.161334
14 -0.091613 -0.091613
14 0.142060 0.142060
14 -0.218119 -0.218119
14 -0.077203 -0.077203
14 -0.157058 -0.157058
14 -0.143795 -0.143795
14 0.173911 0.173911
14 -0.078499 -0.078499
14 0.174217 0.174217
14 0.036590 0.036590
14 -0.250955 -0.250955
14 0.159063 0.159063
14 0.192858 0.192858
14 -0.025150 -0.025150
14 -0.040121 -0.040121
14 0.073676 0.073676
14 -0.055047 -0.055047
14 -0.071443 -0.071443
14 0.294371 0.294371
14 0.046522 0.046522
14 0.162434 0.162434
14 -0.134650 -0.134650
14 0.019558 0.019558
14 0.131826 0.131826
14 -0.055537 -405.360385
14 0.066635 -608.627135
14 -0.315586 -1825.888193
14 0.164377 -1805.358283
14 -0.061269 -338.709547
14 -0.063877 -346.564490
14 -0.100689 -1052.378684
14 -0.042718 -1589.083956
14 -0.072605 -531.263992
14 -0.093456 -744.292847
14 -0.076582 -984.224016
14 -0.051568 -606.621806
14 -0.039966 -2394.185797
14 0.177987 -491.348386
14 -0.044610 -370.699039
14 -0.155906 -817.526757
14 -0.120536 -847.547166
14 -0.024648 -298.152322
14 -0.063992 -445.297491
14 0.016853 -599.991343
14 -0.003104 -545.435503
14 -0.083040 -383.021977
14 -0.021017 -1850.601658
14 -0.177476 -1744.047515
14 -0.216082 -1060.196141
14 -0.084770 -567.416599
14 0.099955 -104.717268
14 -0.026302 -1152.432011
14 0.038590 -227.631815
14 0.126535 -959.927343
14 -0.400712 -4808.586832
14 -0.136347 -1031.817448
14 0.229719 -336.619502
14 -0.100145 -729.747307
14 -0.077609 -393.757161
14 -0.077815 -608.354031
14 -0.056943 -793.451741
14 -0.095685 -1556.124377
14 -0.036038 -304.631818
14 -0.009434 -1022.147727
14 0.426921 -400.979274
14 0.006966 -206.777092
14 -0.006792 -239.175619
14 -0.318766 -1607.902077
14 0.030863 -217.659686
14 -0.078634 -483.210291
14 0.119130 -333.995211
14 -0.101275 -1032.424938
14 0.081876 -491.437103
14 -0.316614 -1496.560681
14 -0.009479 -359.626478
14 -0.131577 -962.017311
14 0.000357 -162.832903
14 0.169852 -652.036254
14 -0.053997 -1074.405886
14 -0.033342 -269.882460
14 0.038190 -427.775911
14 0.258628 236.287934
14 -0.077136 -550.219990
14 0.053774 -515.235450
14 -0.184258 -1028.595795
14 -0.081961 -657.753687
14 -0.218927 -1714.357719
14 -0.036374 -1359.577641
14 0.021563 -227.248876
14 -0.085700 -1937.144104
14 -0.070009 -461.974279
14 -0.069120 -454.378493
14 -0.237296 -2172.931658
14 0.032843 -146.904006
14 -0.079270 -512.546342
14 0.010827 -345.931547
14 -0.117350 -1009.775098
14 -0.019629 -626.532272
14 -0.051187 -691.609072
14 -0.192265 -1030.256452
14 -0.172213 -893.949165
14 -0.038777 -460.519106
14 0.008095 -313.290909
14 0.119624 -1126.026833
14 -0.027053 -232.054332
14 -0.093401 -389.848340
14 -0.142229 -1780.779570
14 -0.022779 -1024.218496
14 -0.001343 -83.058203
14 -0.078566 -861.997418
14 -0.047983 -829.755630
14 -0.153589 -1290.073947
14 0.015044 -2327.967156
14 -0.012589 -209.331904
14 0.093594 -56.652269
14 0.015270 -379.984753
14 0.095215 -666.117148
14 -0.148140 -1322.392755
14 -0.126869 -855.426230
14 -0.157309 -1069.094788
14 -0.063281 -802.022186
14 -0.059497 -799.447965
14 -0.179571 -762.348237
14 -0.396661 -4410.192855
14 -0.069944 -448.775573
14 -0.099792 -890.966651
14 0.069404 17.777183
14 0.018217 -297.228478
14 -0.142616 -1303.198486
14 -0.133718 -1471.677473
14 -0.066640 -379.055885
14 -0.286496 -3675.221460
14 0.109789 -377.038201
14 -0.018281 -602.337659
14 -0.117743 -2964.855797
14 -0.220753 -1381.532707
14 -0.194319 -1625.624132
14 0.249747 380.928712
14 0.158929 -2039.850534
14 -0.111537 -792.342762
14 -0.009621 -342.393085
14 0.138139 1026.421563
14 -0.223116 -1560.089311
14 -0.124539 -1328.384096
14 0.007746 -954.405476
14 -0.022198 -172.994694
14 -0.191265 -1040.008639
14 0.097053 86.615475
14 -0.139887 -583.400203
14 -0.062291 -322.274484
14 0.107189 -1055.346152
14 0.029205 -240.443677
14 -0.315307 -2019.829341
14 0.239098 -374.309597
14 -0.144482 -785.294753
14 -0.413343 -1805.971744
14 -0.120532 -935.389023
14 -0.108764 -1015.522655
14 0.055844 -418.425744
14 0.053839 -259.599246
14 -0.121924 -822.775192
14 -0.173216 -2068.929592
14 0.100027 -83.078178
14 0.274972 516.964159
14 -0.016969 -222.741991
14 -0.079920 -1018.874846
14 -0.054717 -1141.623305
14 -0.030620 -1433.992475
14 -0.201732 -1221.348921
14 -0.012553 -249.476529
14 0.053555 -156.193425
14 -0.135397 -1169.389344
14 -0.125533 -1315.362321
14 0.022601 -1497.348713
14 -0.145999 -619.797423
14 -0.103376 -742.850115
14 -0.042276 -337.288048
14 -0.030898 -32.582637
14 -0.149773 -665.683990
14 -0.167184 -771.606137
14 0.098290 48.046826
14 -0.141637 -1413.351200
14 -0.272750 -2094.532204
14 -0.227439 -1884.499328
14 -0.070349 -483.377480
14 -0.193097 -902.231857
14 -0.142056 -751.540920
14 -0.064980 -700.221369
14 -0.228011 -1444.802146
14 -0.030528 -369.223204
14 -0.003721 -287.041612
14 0.116425 -829.575416
14 -0.189264 -1181.623418
14 -0.230010 -2412.959963
14 -0.021215 -129.332860
14 -0.108611 -1177.372374
14 -0.116150 -483.490547
14 0.179922 -173.617279
14 0.008941 -1333.819500
14 -0.131875 -779.699282
14 0.029133 -461.195017
14 -0.105130 -1224.082646
14 -0.069108 -885.950981
14 -0.109715 -737.915068
14 -0.261771 -2157.358212
14 -0.079539 -3252.033054
14 -0.035303 -190.363252
14 -0.052446 -1472.527357
14 0.153225 -111.694264
14 -0.198338 -865.098555
14 -0.194382 -821.046118
14 -0.174645 -791.772924
14 -0.193465 -1249.211577
14 -0.036999 -638.530106
14 -0.030603 -569.388586
14 -0.081100 -710.841510
14 -0.198027 -988.310880
14 -0.064268 -1257.466170
14 -0.068073 -1403.718871
14 0.235993 257.401944
14 0.207194 1041.103206
14 -0.122240 -755.695070
14 0.091077 -52.281226
14 -0.085160 -1870.861598
14 -0.085022 -1295.549272
14 -0.016326 -356.693802
14 0.002951 -506.033260
14 -0.109937 -623.825269
14 -0.044171 -650.887526
14 -0.114972 -1160.050681
14 -0.053589 -275.708851
14 -0.059267 -331.889566
14 -0.194399 -2320.702012
14 0.015510 -389.074566
14 -0.023719 -381.741657
14 -0.376041 -3176.779376
14 -0.022677 -225.791281
14 -0.067094 -1560.302610
14 -0.011879 -242.701058
14 -0.007825 -310.881291
14 0.019275 -340.874844
14 0.010181 -722.789925
14 -0.163242 -850.436835
14 0.001926 -463.578466
14 -0.085181 -1205.007636
14 -0.150199 -1312.135779
14 -0.154965 -1681.612407
14 -0.088315 -800.760174
14 -0.252551 -2414.633037
14 -0.258611 -1081.299800
14 -0.120721 -1053.944027
14 -0.144077 -617.975153
14 -0.065752 -745.290895
14 0.024052 -420.931888
14 -0.078334 -1617.342759
14 -0.094172 -839.468562
14 -0.352173 -1668.627203
14 0.066552 -136.073139
14 -0.011957 -740.125313
14 -0.142681 -1059.012241
14 -0.166182 -917.722331
14 -0.119634 -946.811047
14 -0.039930 -292.580543
14 -0.079044 -746.565424
14 -0.087999 -616.798217
14 0.087712 693.855541
14 -0.217794 -3563.449942
14 -0.073623 -602.802151
14 -0.140410 -986.092438
14 0.007172 -831.628566
14 -0.313448 -3885.658728
14 -0.040010 -746.714608
14 0.082260 -155.025245
14 0.113497 -593.800130
14 -0.081690 -1029.013516
14 -0.145151 -1713.480750
14 -0.211825 -2411.371463
14 -0.122657 -542.259009
14 -0.234299 -1675.789182
14 0.063059 -1343.614480
14 -0.021835 -138.080987
14 0.042694 -59.966082
14 0.145984 38.833712
14 0.004134 -377.189054
14 -0.022730 -2799.356994
14 -0.052024 -437.650196
14 0.295765 -66.756901
14 0.051301 -1574.560737
14 -0.058115 -488.377261
14 -0.183590 -1415.042983
14 -0.168519 -3223.703428
14 0.140082 -315.214824
14 -0.061909 -290.357748
14 -0.146409 -2140.328041
14 0.011756 -345.371746
14 -0.052930 -840.631930
14 -0.083483 -576.913871
14 0.042715 -1840.097169
14 -0.098108 -1454.001379
14 -0.015036 -304.225109
14 -0.046895 -332.535109
14 0.006901 -2527.193762
14 -0.144509 -1363.672192
14 -0.012043 -2038.462145
14 -0.116001 -719.573744
14 0.010281 -12.121072
14 -0.042379 -355.835871
14 0.025827 -182.013465
14 -0.018456 -1620.136704
14 -0.218306 -1628.448239
14 0.089490 -763.577237
14 -0.024419 -261.891846
14 0.090776 -408.677856
14 -0.176803 -1275.003430
14 -0.010595 -269.802429
14 0.004110 -1008.374474
14 -0.201126 -1018.028936
14 -0.087191 -1580.114036
14 -0.114644 -1083.418359
14 0.161114 -1474.555943
14 -0.205296 -1203.294277
14 -0.239453 -1182.039332
14 -0.157650 -763.902799
14 0.025400 -724.692772
14 -0.121605 -868.497420
14 -0.154377 -1391.726036
14 0.038243 -852.208982
14 -0.044336 -235.381343
14 -0.072236 -852.975023
14 -0.158778 -1416.899821
14 -0.050112 -332.732793
14 0.073989 43.043877
14 -0.142987 -694.888968
14 -0.038809 -753.495898
14 -0.026120 -400.064111
14 0.038661 -2189.026003
14 -0.178147 -798.931898
14 -0.094183 -684.475885
14 -0.102995 -782.210782
14 0.079937 18.491274
14 -0.010931 -78.866756
14 -0.147861 -1226.547386
14 0.078498 -509.263073
14 0.209302 540.112086
14 -0.292426 -1493.304990
14 0.095304 -1595.055501
14 -0.420267 -3522.763282
14 -0.017195 -671.207742
14 -0.215517 -2170.638330
14 -0.076735 -1999.112331
14 -0.258458 -1762.432360
14 -0.033295 -209.124569
14 -0.085214 -589.193755
14 -0.009214 -570.775933
14 -0.103968 -742.614848
14 -0.112348 -762.248720
14 -0.153123 -939.893364
14 -0.137048 -647.545972
14 0.025966 -413.015621
14 -0.222306 -1208.954031
14 -0.013953 -354.371187
14 -0.077234 -457.356025
14 -0.216455 -1217.657533
14 0.039601 -350.729688
14 0.076787 -368.631729
14 -0.036400 -390.388871
14 0.064841 -565.668436
14 -0.409417 -1435.362599
14 -0.126298 -713.017385
14 -0.066269 -407.759965
14 -0.041580 -1359.765785
14 -0.059412 -1776.366489
14 0.065521 -283.464935
14 -0.047324 -387.495264
14 -0.181113 -2330.814657
14 -0.001704 -83.087156
14 -0.284523 -2073.943538
14 0.103409 690.886808
14 -0.161882 -916.050004
14 -0.104511 -620.111887
14 -0.174566 -1101.477074
14 -0.004072 -1323.365343
14 -0.109932 -972.229410
14 0.024582 -933.448619
14 0.054989 -1396.900896
14 -0.161763 -1672.611722
14 -0.005328 -729.549974
14 -0.196628 -1458.870428
14 -0.059116 -1167.751633
14 -0.025602 -833.624604
14 0.050459 -234.236667
14 -0.018268 -1722.636547
14 -0.009117 -212.734128
14 -0.204216 -2248.837586
14 -0.100859 -2289.129482
14 -0.275242 -1483.839127
14 0.162683 -343.535307
14 -0.091921 -437.246029
14 -0.089861 -701.081767
14 -0.103296 -705.696288
14 -0.070026 -862.068780
14 -0.119307 -959.063545
14 -0.062974 -792.104006
14 0.079721 -59.621627
14 -0.095807 -1520.807938
14 -0.061688 -320.705694
14 -0.088235 -592.499294
14 -0.061059 -511.227887
14 -0.119373 -1055.257642
14 -0.059035 -742.442250
14 0.236319 -662.975751
14 -0.123509 -611.171556
14 -0.013108 -1091.518857
14 -0.158823 -802.030588
14 -0.258170 -1621.590637
14 -0.058038 -332.882718
14 -0.130896 -1202.889006
14 -0.092700 -1006.654001
14 -0.018197 -289.124276
14 -0.027503 -196.573614
14 0.027561 -442.394619
14 0.026333 -1116.288305
14 -0.081590 -519.878489
14 0.024430 -201.503317
14 -0.136718 -1125.478031
14 -0.264112 -1152.961906
14 -0.020855 -717.048188
14 0.011954 -389.642089
14 -0.233358 -2356.579164
14 0.063562 -251.353268
14 -0.136503 -1738.296546
14 -0.255292 -1390.550457
14 0.108504 161.058406
14 -0.091401 -573.995752
14 -0.050464 -617.731932
14 0.049896 282.910721
14 -0.106970 -707.001195
14 -0.127201 -672.602636
14 -0.006799 -1585.227031
14 0.055950 -1.530110
14 -0.032399 -1156.272278
14 -0.054870 -479.374543
14 -0.091759 -703.936817
14 -0.047159 -668.504646
14 -0.056929 -255.656118
14 -0.174072 -1335.058881
14 -0.029368 -521.348142
14 -0.047997 -411.574064
14 0.227757 339.472233
14 0.114335 -20.387398
14 -0.045108 -461.830484
14 -0.063193 -636.957987
14 -0.013524 -494.823014
14 -0.055854 -536.213219
14 0.004503 -34.357532
14 -0.261532 -2775.240539
14 -0.214207 -1450.168984
14 -0.214220 -1757.357726
14 -0.128869 -674.744568
14 -0.049256 -1827.963707
14 -0.217251 -1131.499328
14 -0.102791 -760.753259
14 -0.028329 -431.600775
14 -0.060350 -408.626925
14 -0.045560 -1685.911132
14 -0.095507 -426.706481
14 -0.292619 -1332.145348
14 0.038572 -2620.746492
14 0.093017 -467.298862
14 -0.121856 -1133.438477
14 -0.083770 -552.230808
14 -0.210050 -2325.611497
14 -0.083531 -424.905188
14 0.220038 -1793.995659
14 -0.062933 -454.118098
14 -0.038978 -1051.002722
14 -0.076190 -470.696482
14 0.014160 -252.305718
14 -0.081260 -680.466215
14 -0.043361 -223.878114
14 -0.046198 -432.645331
14 -0.062012 -396.297363
14 0.065993 -752.392715
14 -0.036344 -1164.057208
14 0.092603 -180.114490
14 -0.073719 -538.510835
14 -0.129813 -898.932913
14 -0.149717 -1098.365487
14 -0.397106 -1779.197109
14 -0.025941 -916.188859
14 -0.098178 -518.874763
14 -0.068309 -465.658749
14 -0.031531 -363.683127
14 -0.053039 -267.155957
14 -0.018186 -498.106187
14 -0.206622 -1206.197128
15 0.242361 0.242361
15 -0.029750 -0.029750
15 0.265292 0.265292
15 0.207420 0.207420
15 -0.000896 -0.000896
15 0.197711 0.197711
15 0.242302 0.242302
15 0.124776 0.124776
15 0.177353 0.177353
15 0.166216 0.166216
15 -0.099673 -0.099673
15 0.134679 0.134679
15 -0.243353 -0.243353
15 -0.055812 -0.055812
15 -0.088457 -0.088457
15 0.201943 0.201943
15 0.186037 0.186037
15 0.182447 0.182447
15 -0.166395 -0.166395
15 -0.281035 -0.281035
15 0.161952 0.161952
15 -0.013042 -0.013042
15 0.014762 0.014762
15 0.177305 0.177305
15 0.152996 0.152996
15 -0.049385 -0.049385
15 -0.019327 -0.019327
15 -0.145264 -0.145264
15 -0.001674 -0.001674
15 -0.015071 -0.015071
15 0.075850 0.075850
15 -0.039885 -0.039885
15 0.090231 0.090231
15 -0.149785 -0.149785
15 -0.112561 -0.112561
15 0.006713 0.006713
15 0.022529 0.022529
15 0.015949 0.015949
15 -0.181512 -0.181512
15 -0.037277 -0.037277
15 0.046664 0.046664
15 -0.106097 -0.106097
15 -0.261550 -0.261550
15 0.186964 0.186964
15 -0.151297 -0.151297
15 -0.248484 -0.248484
15 -0.092284 -0.092284
15 -0.113435 -0.113435
15 0.128947 0.128947
15 -0.204187 -0.204187
15 -0.225672 -0.225672
15 -0.144575 -0.144575
15 -0.049548 -0.049548
15 -0.091218 -0.091218
15 0.210324 0.210324
15 0.096409 0.096409
15 0.145425 0.145425
15 0.181071 0.181071
15 0.022502 0.022502
15 0.128878 0.128878
15 -0.057213 -0.057213
15 0.046219 0.046219
15 -0.124022 -0.124022
15 -0.098199 -0.098199
15 -0.082894 -0.082894
15 0.027507 0.027507
15 0.012482 0.012482
15 -0.082231 -0.082231
15 0.004097 0.004097
15 -0.070995 -0.070995
15 0.081328 0.081328
15 -0.185251 -0.185251
15 0.259208 0.259208
15 -0.102089 -0.102089
15 -0.052764 -0.052764
15 0.232815 0.232815
15 0.057451 0.057451
15 0.079022 0.079022
15 0.095329 0.095329
15 0.020347 0.020347
15 0.252872 0.252872
15 -0.075616 -0.075616
15 0.141789 0.141789
15 -0.018425 -0.018425
15 -0.144015 -0.144015
15 -0.071205 -0.071205
15 -0.104623 -0.104623
15 0.237826 0.237826
15 -0.094510 -0.094510
15 -0.160871 -0.160871
15 -0.026260 -0.026260
15 -0.126954 -0.126954
15 -0.081422 -0.081422
15 0.226784 0.226784
15 0.180024 0.180024
15 0.091926 0.091926
15 0.011870 0.011870
15 0.302319 0.302319
15 -0.009539 -0.009539
15 -0.217632 -0.217632
15 -0.182810 -0.182810
15 -0.107619 -0.107619
15 -0.158011 -0.158011
15 0.007406 0.007406
15 0.256963 0.256963
15 0.159682 0.159682
15 0.183287 0.183287
15 0.240964 0.240964
15 0.015958 0.015958
15 -0.194547 -0.194547
15 -0.084155 -0.084155
15 0.115501 0.115501
15 0.153913 0.153913
15 -0.063676 -0.063676
15 -0.032654 -0.032654
15 0.398558 0.398558
15 0.367951 0.367951
15 -0.092684 -0.092684
15 0.129338 0.129338
15 -0.120197 -0.120197
15 0.109216 0.109216
15 0.089699 0.089699
15 0.207802 0.207802
15 -0.013658 -0.013658
15 0.156475 0.156475
15 0.057465 0.057465
15 0.011083 0.011083
15 -0.092683 -0.092683
15 0.067489 0.067489
15 0.085492 0.085492
15 0.069514 0.069514
15 -0.096975 -0.096975
15 0.312024 0.312024
15 -0.111174 -0.111174
15 -0.095541 -0.095541
15 -0.068175 -0.068175
15 -0.343700 -0.343700
15 0.263858 0.263858
15 0.146266 0.146266
15 0.119370 0.119370
15 -0.053805 -0.053805
15 0.012046 0.012046
15 0.131862 0.131862
15 0.011219 0.011219
15 -0.032181 -0.032181
15 0.112782 0.112782
15 0.096463 0.096463
15 -0.003835 -0.003835
15 0.043592 0.043592
15 0.000810 0.000810
15 0.049587 0.049587
15 0.132895 0.132895
15 -0.204903 -0.204903
15 -0.208738 -0.208738
15 -0.121866 -0.121866
15 0.164191 0.164191
15 0.118420 0.118420
15 -0.200976 -0.200976
15 0.048973 0.048973
15 0.125848 0.125848
15 -0.277820 -0.277820
15 0.229260 0.229260
15 -0.085000 -0.085000
15 -0.086073 -0.086073
15 0.064876 0.064876
15 0.157341 0.157341
15 0.095935 0.095935
15 0.302200 0.302200
15 -0.053803 -0.053803
15 -0.009017 -0.009017
15 -0.045138 -0.045138
15 -0.012034 -0.012034
15 0.201735 0.201735
15 0.190486 0.190486
15 0.133565 0.133565
15 -0.103492 -0.103492
15 0.278301 0.278301
15 0.094828 0.094828
15 0.019893 0.019893
15 0.047617 0.047617
15 0.103710 0.103710
15 0.038218 0.038218
15 0.266187 0.266187
15 0.037387 0.037387
15 -0.145389 -0.145389
15 0.003684 0.003684
15 -0.280342 -0.280342
15 0.104833 0.104833
15 -0.052366 -0.052366
15 -0.090123 -0.090123
15 -0.041816 -0.041816
15 0.142261 0.142261
15 0.153219 0.153219
15 0.027314 0.027314
15 0.094774 0.094774
15 0.181831 0.181831
15 -0.038451 -0.038451
15 0.040877 0.040877
15 -0.106378 -0.106378
15 -0.005992 -0.005992
15 0.124849 0.124849
15 -0.133271 -0.133271
15 0.028930 0.028930
15 0.068880 0.068880
15 0.123216 0.123216
15 0.036674 0.036674
15 0.244897 0.244897
15 -0.096880 -0.096880
15 0.097750 0.097750
15 -0.197544 -0.197544
15 -0.126646 -0.126646
15 -0.114769 -0.114769
15 0.230830 0.230830
15 -0.217506 -0.217506
15 -0.062023 -0.062023
15 0.046622 0.046622
15 -0.259791 -0.259791
15 -0.085639 -0.085639
15 0.184163 0.184163
15 0.195246 0.195246
15 0.228548 0.228548
15 0.195031 0.195031
15 0.006331 0.006331
15 0.014655 0.014655
15 -0.065913 -0.065913
15 0.258327 0.258327
15 -0.076090 -0.076090
15 -0.096234 -0.096234
15 0.051159 0.051159
15 0.127286 0.127286
15 0.204840 0.204840
15 -0.131026 -0.131026
15 0.028859 0.028859
15 0.027411 0.027411
15 -0.016470 -0.016470
15 -0.121106 -0.121106
15 -0.051059 -0.051059
15 0.252927 0.252927
15 -0.240220 -0.240220
15 -0.141483 -0.141483
15 -0.022934 -0.022934
15 0.324960 0.324960
15 -0.339147 -0.339147
15 0.132991 0.132991
15 -0.113600 -0.113600
15 0.086271 0.086271
15 -0.149379 -0.149379
15 0.055210 0.055210
15 0.224791 0.224791
15 0.042147 0.042147
15 0.040401 0.040401
15 -0.129274 -0.129274
15 0.279452 0.279452
15 0.023523 0.023523
15 -0.000639 -0.000639
15 0.077255 0.077255
15 -0.050398 -0.050398
15 0.144584 0.144584
15 -0.129208 -0.129208
15 -0.152268 -0.152268
15 -0.095096 -0.095096
15 -0.184494 -0.184494
15 -0.075661 -0.075661
15 -0.306794 -0.306794
15 -0.042915 -0.042915
15 0.009977 0.009977
15 0.103798 0.103798
15 0.048314 0.048314
15 -0.061789 -0.061789
15 -0.038914 -0.038914
15 -0.076146 -0.076146
15 0.002419 0.002419
15 -0.139068 -0.139068
15 0.089893 0.089893
15 -0.249543 -0.249543
15 0.124257 0.124257
15 0.155890 0.155890
15 0.021896 0.021896
15 0.149566 0.149566
15 0.027501 0.027501
15 0.020577 0.020577
15 -0.056674 -0.056674
15 0.125704 0.125704
15 -0.037506 -0.037506
15 0.076219 0.076219
15 0.002944 0.002944
15 -0.036534 -0.036534
15 0.093365 0.093365
15 0.091229 0.091229
15 0.110300 0.110300
15 -0.075294 -0.075294
15 -0.034296 -0.034296
15 0.040947 0.040947
15 0.151588 0.151588
15 0.239160 0.239160
15 -0.012749 -0.012749
15 0.263491 0.263491
15 0.022946 0.022946
15 0.029978 0.029978
15 0.031911 0.031911
15 -0.174790 -0.174790
15 0.122552 0.122552
15 0.138702 0.138702
15 0.171507 0.171507
15 0.044084 0.044084
15 0.284211 0.284211
15 0.205544 0.205544
15 -0.134801 -0.134801
15 -0.080433 -0.080433
15 0.024349 0.024349
15 0.012674 0.012674
15 0.277012 0.277012
15 0.131693 0.131693
15 0.231972 0.231972
15 0.105211 0.105211
15 0.129047 0.129047
15 0.171831 0.171831
15 0.079603 0.079603
15 -0.035075 -0.035075
15 -0.006105 -0.006105
15 0.080310 0.080310
15 0.023560 0.023560
15 0.216772 0.216772
15 0.145276 0.145276
15 -0.117301 -0.117301
15 0.201396 0.201396
15 0.191897 0.191897
15 -0.135170 -0.135170
15 0.016032 0.016032
15 -0.030215 -0.030215
15 -0.131358 -0.131358
15 -0.090793 -0.090793
15 0.153778 0.153778
15 -0.058904 -0.058904
15 0.008667 0.008667
15 0.131219 0.131219
15 -0.088492 -0.088492
15 -0.093043 -0.093043
15 0.137615 0.137615
15 0.108483 0.108483
15 -0.027353 -0.027353
15 0.214696 0.214696
15 0.045237 0.045237
15 -0.184539 -0.184539
15 0.073900 0.073900
15 0.112646 0.112646
15 0.059990 0.059990
15 0.184854 0.184854
15 -0.043711 -0.043711
15 -0.174123 -0.174123
15 0.067495 0.067495
15 0.024117 0.024117
15 0.025370 0.025370
15 0.044035 0.044035
15 0.052490 0.052490
15 -0.032778 -0.032778
15 0.060795 0.060795
15 -0.274266 -0.274266
15 0.104557 0.104557
15 -0.018187 -0.018187
15 0.063275 0.063275
15 -0.094457 -0.094457
15 0.137866 0.137866
15 -0.011302 -0.011302
15 0.182810 0.182810
15 0.079540 0.079540
15 -0.024015 -0.024015
15 0.071212 0.071212
15 0.070715 0.070715
15 0.115046 0.115046
15 0.085139 0.085139
15 0.046802 0.046802
15 0.169510 0.169510
15 0.284155 0.284155
15 -0.047492 -0.047492
15 -0.039907 -0.039907
15 0.309830 0.309830
15 0.328803 0.328803
15 0.159213 0.159213
15 -0.088432 -0.088432
15 0.005554 0.005554
15 0.018269 0.018269
15 -0.255904 -0.255904
15 -0.246299 -0.246299
15 0.042601 0.042601
15 -0.127810 -0.127810
15 -0.115942 -0.115942
15 -0.090717 -0.090717
15 -0.007706 -0.007706
15 0.202979 0.202979
15 -0.003683 -0.003683
15 0.142574 0.142574
15 -0.159145 -0.159145
15 -0.049673 -0.049673
15 0.005438 0.005438
15 0.049644 0.049644
15 -0.018968 -0.018968
15 0.048955 0.048955
15 0.135654 0.135654
15 -0.030603 -0.030603
15 -0.192135 -0.192135
15 -0.208048 -0.208048
15 -0.117999 -0.117999
15 0.141202 0.141202
15 0.056401 0.056401
15 -0.139193 -0.139193
15 0.089606 0.089606
15 0.020201 0.020201
15 0.202932 0.202932
15 -0.095305 -0.095305
15 0.341132 0.341132
15 -0.154022 -0.154022
15 0.140510 0.140510
15 -0.027371 -0.027371
15 0.282482 0.282482
15 0.136929 0.136929
15 -0.108097 -0.108097
15 0.022740 0.022740
15 0.081761 0.081761
15 -0.052673 -0.052673
15 0.057502 0.057502
15 0.321493 0.321493
15 0.179087 0.179087
15 -0.110345 -0.110345
15 0.002067 0.002067
15 -0.035647 -0.035647
15 -0.093614 -0.093614
15 -0.069402 -0.069402
15 -0.027402 -0.027402
15 0.260789 0.260789
15 -0.015140 -0.015140
15 -0.056918 -0.056918
15 -0.059302 -0.059302
15 0.164824 0.164824
15 -0.115565 -0.115565
15 -0.120315 -0.120315
15 0.128893 0.128893
15 0.003338 0.003338
15 0.315313 0.315313
15 -0.037411 -0.037411
15 0.163314 0.163314
15 -0.053914 -0.053914
15 -0.056309 -0.056309
15 0.146034 0.146034
15 0.217773 0.217773
15 -0.094163 -0.094163
15 -0.240875 -0.240875
15 0.259721 0.259721
15 -0.079270 -0.079270
15 -0.071880 -0.071880
15 -0.043617 -0.043617
15 -0.182267 -0.182267
15 0.323129 0.323129
15 0.108997 0.108997
15 0.230710 0.230710
15 -0.129593 -0.129593
15 0.046245 0.046245
15 0.147025 0.147025
15 -0.053146 -0.053146
15 0.120360 0.120360
15 -0.083804 -0.083804
15 -0.046521 -0.046521
15 0.282450 0.282450
15 0.193432 0.193432
15 0.176044 0.176044
15 0.064720 0.064720
15 0.209839 0.209839
15 0.043476 0.043476
15 0.126460 0.126460
15 0.104028 0.104028
15 0.099953 0.099953
15 -0.135786 -0.135786
15 0.251811 0.251811
15 -0.045365 -0.045365
15 0.058436 0.058436
15 -0.077280 -0.077280
15 0.021928 0.021928
15 -0.078793 -0.078793
15 0.226236 0.226236
15 -0.051554 -0.051554
15 0.088060 0.088060
15 -0.010071 -0.010071
15 -0.097001 -0.097001
15 0.202724 0.202724
15 0.113854 0.113854
15 -0.114023 -0.114023
15 -0.042032 -0.042032
15 -0.180604 -0.180604
15 -0.052551 -0.052551
15 -0.003394 -0.003394
15 0.137035 0.137035
15 0.020467 0.020467
15 0.202496 0.202496
15 0.205707 0.205707
15 -0.178677 -0.178677
15 -0.035040 -0.035040
15 0.038320 0.038320
15 0.236243 0.236243
15 0.032391 0.032391
15 0.058281 0.058281
15 0.230177 0.230177
15 0.235595 0.235595
15 0.087553 0.087553
15 -0.015291 -0.015291
15 0.342724 0.342724
15 0.213854 0.213854
15 0.126549 0.126549
15 0.024913 0.024913
15 0.167670 0.167670
15 -0.007636 -0.007636
15 -0.023768 -0.023768
15 0.201854 0.201854
15 0.103320 0.103320
15 0.051161 0.051161
15 0.147164 0.147164
15 0.177543 0.177543
15 0.076602 0.076602
15 0.361185 0.361185
15 0.086257 0.086257
15 0.222215 0.222215
15 0.078005 0.078005
15 -0.087674 -0.087674
15 -0.064113 -0.064113
15 0.227178 0.227178
15 0.056808 0.056808
15 0.245383 0.245383
15 -0.194851 -0.194851
15 0.076119 0.076119
15 0.067385 0.067385
15 -0.069342 -0.069342
15 0.199031 0.199031
15 -0.003354 -0.003354
15 -0.068193 -0.068193
15 0.034818 0.034818
15 0.246039 0.246039
15 0.128767 0.128767
15 -0.128030 -0.128030
15 -0.029740 -0.029740
15 0.202302 0.202302
15 0.208600 0.208600
15 0.046929 0.046929
15 0.089202 0.089202
15 -0.129393 -0.129393
15 0.037402 0.037402
15 0.081591 0.081591
15 -0.001720 -0.001720
15 0.006282 0.006282
15 0.028963 0.028963
15 0.068619 0.068619
15 -0.070528 -0.070528
15 0.110612 0.110612
15 -0.088447 -0.088447
15 -0.151734 -0.151734
15 0.179984 0.179984
15 0.071055 0.071055
15 -0.036690 -0.036690
15 -0.116770 -0.116770
15 0.091504 0.091504
15 -0.043315 -0.043315
15 0.084570 0.084570
15 -0.137924 -0.137924
15 -0.135758 -0.135758
15 0.143746 0.143746
15 -0.001247 -0.001247
15 0.133391 0.133391
15 -0.165284 -0.165284
15 0.003019 0.003019
15 -0.014988 -0.014988
15 -0.202273 -0.202273
15 0.230527 0.230527
15 -0.000961 -0.000961
15 0.107695 0.107695
15 -0.032838 -0.032838
15 0.012251 0.012251
15 0.165731 0.165731
15 0.195741 0.195741
15 -0.103341 -0.103341
15 0.029620 0.029620
15 -0.076555 -0.076555
15 0.027443 0.027443
15 0.045213 0.045213
15 0.147280 0.147280
15 -0.034442 -0.034442
15 0.211701 0.211701
15 0.001787 0.001787
15 0.071933 0.071933
15 -0.036066 -0.036066
15 0.267775 0.267775
15 0.067750 0.067750
15 0.044065 0.044065
15 0.082630 0.082630
15 -0.033691 -0.033691
15 0.135780 0.135780
15 -0.040011 -0.040011
15 0.098659 0.098659
15 0.093224 0.093224
15 -0.176135 -0.176135
15 0.060835 0.060835
15 -0.006597 -0.006597
15 -0.140774 -0.140774
15 0.133092 0.133092
15 -0.051631 -0.051631
15 0.016272 0.016272
15 -0.021654 -0.021654
15 0.132664 0.132664
15 0.184726 0.184726
15 0.089931 0.089931
15 -0.037216 -0.037216
15 0.203519 0.203519
15 0.117006 0.117006
15 0.065775 0.065775
15 -0.146551 -0.146551
15 -0.067500 -0.067500
15 -0.118670 -0.118670
15 -0.130488 -0.130488
15 0.021422 0.021422
15 -0.018748 -0.018748
15 0.078489 0.078489
15 0.087306 0.087306
15 0.183635 0.183635
15 -0.063494 -0.063494
15 0.004553 0.004553
15 0.167480 0.167480
15 0.033937 0.033937
15 -0.301607 -0.301607
15 0.100139 0.100139
15 0.064290 0.064290
15 -0.034448 -0.034448
15 -0.109479 -0.109479
15 0.103440 0.103440
15 0.107821 0.107821
15 0.122368 0.122368
15 -0.055003 -0.055003
15 -0.076227 -0.076227
15 -0.060140 -0.060140
15 -0.238181 -0.238181
15 0.149455 0.149455
15 -0.191470 -0.191470
15 0.119196 0.119196
15 -0.086452 -0.086452
15 -0.225751 -0.225751
15 -0.086482 -0.086482
15 0.220135 0.220135
15 0.031175 0.031175
15 -0.170771 -0.170771
15 0.217201 0.217201
15 0.188924 0.188924
15 -0.002042 -0.002042
15 0.113497 0.113497
15 0.086366 0.086366
15 -0.078572 -0.078572
15 -0.008422 -0.008422
15 0.363885 0.363885
15 -0.072219 -0.072219
15 0.034605 0.034605
15 0.051447 0.051447
15 0.161861 0.161861
15 -0.088185 -0.088185
15 0.065468 0.065468
15 -0.122194 -0.122194
15 -0.213166 -0.213166
15 0.111380 0.111380
15 0.255967 0.255967
15 0.124515 0.124515
15 0.306153 0.306153
15 0.366982 0.366982
15 0.106010 0.106010
15 -0.023860 -0.023860
15 -0.006809 -0.006809
15 0.204697 0.204697
15 0.268353 0.268353
15 0.051796 0.051796
15 0.059474 0.059474
15 -0.060657 -0.060657
15 -0.050037 -0.050037
15 0.079273 0.079273
15 0.023940 0.023940
15 0.191933 0.191933
15 0.088702 0.088702
15 -0.029359 -0.029359
15 0.032854 0.032854
15 0.262591 0.262591
15 0.054285 0.054285
15 0.106277 0.106277
15 0.213017 0.213017
15 0.187637 0.187637
15 0.020402 0.020402
15 0.102206 0.102206
15 0.038357 0.038357
15 0.243267 0.243267
15 -0.048428 -0.048428
15 0.044512 0.044512
15 -0.139566 -0.139566
15 0.087300 0.087300
15 0.134111 0.134111
15 -0.103667 -0.103667
15 -0.018003 -0.018003
15 -0.102226 -0.102226
15 -0.064482 -0.064482
15 0.126800 0.126800
15 0.115803 0.115803
15 -0.006046 -0.006046
15 -0.112266 -0.112266
15 -0.117892 -0.117892
15 0.325948 0.325948
15 0.083722 0.083722
15 -0.030305 -0.030305
15 -0.105536 -0.105536
15 -0.010144 -0.010144
15 0.310971 0.310971
15 -0.050336 -0.050336
15 0.271925 0.271925
15 -0.022575 -0.022575
15 -0.080367 -0.080367
15 0.109022 0.109022
15 -0.108424 -0.108424
15 0.150033 0.150033
15 -0.045057 -0.045057
15 0.163098 0.163098
15 0.165613 0.165613
15 -0.209865 -0.209865
15 0.130815 0.130815
15 0.137540 0.137540
15 -0.017467 -0.017467
15 0.088888 0.088888
15 -0.056512 -0.056512
15 0.151956 0.151956
15 0.042568 0.042568
15 0.117911 0.117911
15 0.114621 0.114621
15 0.097320 0.097320
15 0.097119 0.097119
15 0.105108 0.105108
15 -0.288331 -0.288331
15 0.201529 0.201529
15 0.284811 0.284811
15 0.033305 0.033305
15 0.108159 0.108159
15 -0.080256 -0.080256
15 -0.252615 -0.252615
15 -0.082884 -0.082884
15 0.035137 0.035137
15 -0.150941 -0.150941
15 0.082222 0.082222
15 0.079581 0.079581
15 -0.108090 -0.108090
15 -0.083778 -0.083778
15 -0.075365 -0.075365
15 -0.075113 -0.075113
15 -0.219188 -0.219188
15 0.064050 0.064050
15 -0.112685 -0.112685
15 -0.045244 -0.045244
15 -0.041697 -0.041697
15 0.088471 0.088471
15 0.070431 0.070431
15 0.264299 0.264299
15 -0.087187 -0.087187
15 -0.053542 -0.053542
15 0.117572 0.117572
15 -0.023148 -0.023148
15 0.062202 0.062202
15 0.214540 0.214540
15 0.254373 0.254373
15 0.050388 0.050388
15 -0.086201 -594.597393
15 -0.068279 -341.473127
15 -0.159557 -890.400145
15 0.117613 -587.348230
15 -0.039167 -1128.400994
15 -0.212618 -994.503088
15 -0.080732 -582.885737
15 -0.097336 -1614.676449
15 -0.082491 -405.830117
15 -0.218610 -1334.218730
15 -0.004659 -1058.204942
15 -0.003540 -431.015770
15 -0.034194 -419.777054
15 -0.019909 -547.375765
15 -0.049388 -346.823425
15 -0.122600 -584.599609
15 -0.102100 -639.782727
15 0.181224 -121.510141
15 -0.057186 -518.953936
15 -0.225480 -1478.791175
15 -0.035254 -1590.421665
15 -0.065583 -494.142051
15 -0.257403 -2167.353731
15 0.094990 -225.002895
15 -0.122887 -718.397062
15 0.052203 -941.560211
15 0.024230 -1157.113470
15 -0.114982 -761.903633
15 -0.060000 -317.939759
15 -0.198101 -875.752014
15 -0.058758 -559.914452
15 -0.147695 -767.033064
15 -0.094505 -1156.299570
15 -0.051193 -943.371602
15 -0.082609 -482.836353
15 -0.010421 -432.515024
15 -0.133016 -750.662781
15 -0.077908 -1163.811262
15 -0.033177 -559.554412
15 0.093611 -37.139023
15 -0.053089 -422.227534
15 -0.068556 -340.122217
15 0.083182 -851.519411
15 -0.048907 -402.960721
15 -0.036671 -813.375889
15 0.058950 -1343.279940
15 -0.100493 -491.291872
15 -0.081190 -614.242963
15 -0.178000 -1292.865829
15 -0.094587 -827.640547
15 0.026037 -311.529165
15 -0.060630 -481.750649
15 0.115795 -1101.862569
15 -0.109695 -655.744037
15 -0.014681 -1224.183225
15 -0.034817 -1220.490429
15 0.008622 -1377.679960
15 -0.018821 -1073.130621
15 -0.011072 -270.481849
15 -0.030477 -237.557059
15 0.005330 -121.486848
15 0.118139 793.900479
15 0.048260 -909.210585
15 -0.082472 -434.654793
15 -0.176428 -1976.289153
15 -0.151000 -1309.587507
15 -0.003384 -379.861741
15 -0.079197 -644.186143
15 -0.057284 -661.285343
15 -0.002369 -48.537808
15 0.036172 -217.648337
15 -0.020860 -248.372063
15 -0.072591 -728.741113
15 0.117646 -437.285927
15 -0.063605 -417.258356
15 -0.084743 -778.337680
15 -0.077304 -905.629189
15 -0.098333 -768.076371
15 -0.026132 -2417.606136
15 0.032796 -809.178955
15 -0.151982 -835.239684
15 0.057210 -480.329420
15 -0.302898 -1199.718032
15 -0.037751 -915.474090
15 -0.090667 -1072.817430
15 0.010531 -114.223409
15 -0.017861 -135.747325
15 -0.158461 -1413.575548
15 -0.052928 -537.622581
15 -0.270321 -1342.154828
15 0.008109 -2501.593257
15 -0.299043 -1374.983548
15 0.144809 -55.950577
15 -0.133542 -956.036993
15 -0.143002 -1405.072041
15 -0.168302 -1216.797482
15 -0.170422 -1865.192596
15 0.028475 -54.830280
15 -0.030537 -1073.756334
15 -0.003482 -1920.001543
15 -0.235259 -1627.029687
15 -0.105327 -502.358293
15 0.076855 -642.983213
15 -0.061291 -342.081339
15 -0.038660 -582.340405
15 -0.042324 -510.599399
15 -0.232968 -991.602430
15 -0.142409 -1058.209579
15 -0.113700 -2921.881951
15 -0.181735 -1376.991127
15 0.092753 -1393.667027
15 0.034764 -182.034275
15 -0.041593 -283.365154
15 0.121961 -516.127064
15 -0.111997 -591.444189
15 -0.261553 -1751.903103
15 -0.104881 -741.931035
15 -0.000732 -207.511486
15 -0.070019 -805.257550
15 -0.249964 -1241.383221
15 0.014191 -665.865106
15 -0.059541 -544.655644
15 -0.089268 -1072.838184
15 -0.024998 -165.156681
15 -0.139836 -2330.640903
15 -0.104977 -427.516132
15 -0.008421 -1319.291521
15 -0.023791 -815.940646
15 0.055880 -649.493795
15 -0.052613 -359.232480
15 -0.041897 -614.707222
15 -0.085537 -475.662145
15 0.085092 -421.465677
15 -0.292101 -1680.661982
15 0.071747 -472.934826
15 -0.014207 -3099.352471
15 -0.105449 -670.137542
15 -0.006649 -129.879057
15 -0.087769 -649.370849
15 -0.062052 -265.567238
15 -0.066201 -1369.865733
15 0.089687 -1162.536077
15 -0.287466 -1650.216479
15 -0.185499 -1871.108619
15 -0.119445 -792.452904
15 -0.023942 -520.198266
15 -0.031550 -460.324854
15 -0.255181 -1559.354906
15 -0.100005 -698.180797
15 0.076414 -130.049926
15 -0.065262 -818.881796
15 -0.353136 -2375.133490
15 -0.145559 -1107.403138
15 -0.122806 -830.541159
15 0.146772 1521.628301
15 -0.093783 -912.691332
15 -0.268796 -1717.228757
15 -0.099497 -1359.072418
15 -0.240201 -1414.531849
15 -0.092098 -817.402831
15 -0.054437 -1010.197629
15 -0.163365 -1729.181686
15 -0.097225 -1330.078838
15 -0.077575 -445.761118
15 0.038738 -734.093059
15 0.001976 -461.055835
15 -0.003768 -1306.315551
15 0.175091 -462.478608
15 -0.160112 -1107.779438
15 -0.273850 -2285.059404
15 -0.038855 -366.131423
15 -0.052031 -426.155659
15 -0.063818 -583.640747
15 -0.144281 -780.974921
15 -0.102961 -3421.638414
15 -0.192399 -1660.600278
15 0.050253 -1200.645619
15 -0.204582 -903.540855
15 -0.264586 -3152.615024
15 -0.129327 -1695.679696
15 -0.118652 -1053.471245
15 -0.097334 -1646.473944
15 0.306709 542.324522
15 -0.096298 -925.448781
15 -0.215951 -1427.652546
15 -0.180683 -2209.507594
15 -0.088027 -398.758899
15 -0.000156 -178.706570
15 0.070383 86.236358
15 -0.104228 -721.063281
15 -0.097793 -1004.738739
15 -0.072563 -1155.914252
15 -0.032479 -202.634664
15 -0.034235 -631.654002
15 -0.033452 -361.217159
15 -0.045932 -1345.633814
15 -0.086672 -478.159887
15 0.136547 -697.331256
15 -0.070708 -311.431504
15 -0.033076 -316.823541
15 0.104923 60.451438
15 0.004169 -358.542789
15 0.019958 -804.782381
15 -0.030057 -480.488571
15 -0.160618 -761.735256
15 -0.049338 -735.784232
15 -0.088252 -938.592171
15 -0.016906 -467.857701
15 -0.113029 -934.741553
15 -0.109005 -1092.060068
15 -0.167798 -805.269330
15 -0.072171 -479.713790
15 -0.148419 -1486.474349
15 0.049558 -35.399496
15 -0.232737 -1341.783598
15 -0.093801 -814.200021
15 -0.015432 -189.249316
15 -0.070729 -659.199859
15 0.085857 11.037324
15 -0.182133 -1414.358167
15 -0.147116 -1497.632130
15 0.040062 -341.566445
15 -0.103381 -909.156191
15 -0.141137 -1163.967158
15 -0.050226 -583.599689
15 -0.072325 -589.214401
15 -0.014564 -221.262473
15 -0.096719 -885.275109
15 -0.106598 -844.141186
15 0.110386 857.664252
15 -0.020320 -435.701882
15 -0.096677 -686.066745
15 -0.388507 -4398.800894
15 -0.100562 -557.036629
15 -0.039871 -489.301841
15 -0.097661 -1172.754931
15 -0.115013 -1143.318522
15 -0.005450 -1083.959195
15 -0.017874 -1035.577819
15 -0.049207 -371.335603
15 -0.043487 -1218.010737
15 -0.052166 -344.849392
15 0.029992 -643.686109
15 -0.003067 -146.632425
15 -0.192167 -2464.413638
15 -0.057078 -486.733600
15 0.038679 -816.360338
15 -0.014129 -597.329407
15 -0.102595 -785.173386
15 0.181831 2059.082546
15 -0.057435 -379.827920
15 -0.090753 -789.190025
15 0.039354 -1479.139825
15 -0.060537 -394.807172
15 0.067825 134.541783
15 -0.151906 -2262.595451
15 0.026957 -674.050845
15 -0.198809 -1008.040707
15 -0.150614 -708.464041
15 -0.143388 -2013.066680
15 -0.173743 -862.585071
15 0.031435 -38.761672
15 -0.077749 -552.055430
15 -0.164280 -1114.988341
15 -0.114667 -668.951234
15 0.163187 240.359454
15 -0.072652 -1187.687346
15 0.057697 -1192.138713
15 -0.106481 -597.849227
15 -0.044471 -1452.419556
15 -0.125069 -2555.831730
15 -0.169114 -1348.782838
15 0.021087 81.284286
15 -0.153111 -1294.652245
15 -0.127671 -868.940211
15 -0.327034 -2120.496196
15 0.033512 -129.503948
15 -0.097403 -1564.651076
15 0.021582 -527.977928
15 0.100727 -551.602481
15 -0.099305 -909.272692
15 0.020099 -309.938021
15 -0.213774 -1052.152252
15 -0.104978 -665.730750
15 -0.109913 -1312.182817
15 -0.098198 -863.084858
15 -0.028852 -1223.134639
15 -0.292927 -1165.489855
15 0.010037 -1055.304417
15 -0.226248 -1575.952128
15 -0.145260 -1890.611795
15 -0.104703 -1232.338500
15 0.107054 225.503471
15 0.152686 -1333.780251
15 -0.104100 -523.100562
15 -0.142098 -577.010014
15 -0.242328 -1716.095786
15 -0.071723 -350.401008
15 0.133696 -365.587951
15 -0.224437 -2640.181920
15 -0.114671 -1171.995767
15 -0.209336 -1431.645730
15 0.026606 -193.865988
15 0.171193 120.906164
15 -0.148104 -1283.954135
15 -0.143543 -1382.575524
15 -0.047503 -478.685345
15 -0.133811 -635.293363
15 -0.106715 -625.380512
15 -0.074563 -333.379639
15 -0.022546 -1293.872528
15 -0.094485 -899.867110
15 -0.096539 -681.125914
15 -0.062377 -553.074387
15 -0.065742 -281.519340
15 -0.038019 -539.900193
15 -0.208316 -2238.666877
15 0.090757 -1021.396068
15 0.116726 304.617500
15 -0.017199 -180.313491
15 -0.110277 -561.934431
15 -0.030128 -667.334486
15 -0.015117 -606.279741
15 -0.060867 -509.885379
15 0.043169 -65.586106
15 -0.027698 -243.813273
15 0.102189 -1085.156599
15 -0.079509 -1136.332592
15 0.072831 -1180.342561
15 0.070147 -1162.281017
15 -0.142264 -667.857309
15 -0.225007 -1705.566208
15 -0.290246 -2156.000083
15 -0.001506 -87.202052
15 -0.280177 -2609.618317
15 -0.344218 -2498.350905
15 -0.168936 -941.678893
15 -0.147443 -1225.290803
15 -0.072099 -596.255788
15 -0.006039 -747.192045
15 0.248748 977.400769
15 -0.006353 -633.773707
15 0.009132 -799.986879
15 -0.019137 -1199.415501
15 -0.173701 -1107.835355
15 -0.105585 -1496.949829
15 -0.113455 -750.169482
15 -0.320189 -2854.936850
15 -0.069451 -334.028229
15 0.025122 -195.923988
15 -0.144824 -2542.352608
15 -0.293371 -2014.774905
15 -0.037287 -1147.156643
15 -0.144931 -1690.874667
15 -0.279764 -1058.108512
15 0.043446 -106.475891
15 -0.052882 -620.281304
15 -0.105972 -775.191847
15 -0.072164 -342.601607
15 -0.031549 -201.365123
15 -0.021153 -706.256110
15 0.184406 69.702206
15 -0.023887 -431.860926
15 -0.024907 -390.029899
15 -0.173520 -986.548285
15 0.005357 -849.731955
15 -0.121640 -1738.277030
15 0.065398 -253.579967
15 -0.149853 -1271.451110
15 -0.105366 -995.372761
15 -0.209193 -1773.670674
15 -0.120703 -694.758132
15 -0.194802 -1534.967834
15 -0.059223 -1687.215451
15 -0.160710 -925.660410
15 -0.249320 -960.972822
15 -0.139390 -1454.318124
15 -0.200769 -914.444421
15 0.058269 -995.130764
15 -0.105193 -463.831047
15 -0.365839 -1914.031912
15 -0.092996 -403.925336
15 0.055093 -200.049674
15 0.055967 -779.201849
15 -0.012340 -231.012303
15 -0.190201 -819.701468
15 -0.110008 -1199.792903
15 0.011058 -1171.746997
15 -0.067668 -616.613717
15 -0.025678 -831.365355
15 -0.104284 -871.335766
15 -0.192475 -1404.167943
15 -0.101224 -1207.632452
15 -0.082267 -715.861125
15 -0.008705 -788.056407
15 -0.035395 -297.774873
15 -0.002060 -242.923337
15 -0.185328 -1172.257550
15 -0.094586 -429.917814
15 -0.285797 -1159.834102
15 -0.199777 -1180.936877
15 -0.009550 -131.352599
15 -0.023943 -1654.116722
15 -0.069501 -644.463536
15 -0.001921 -216.104902
15 -0.059430 -575.918017
15 -0.099260 -1568.051454
15 -0.021914 -178.061972
15 -0.055927 -683.574353
15 -0.061842 -865.012973
15 -0.119002 -714.901169
15 0.010692 -178.353361
15 -0.207135 -1782.229160
15 -0.193797 -1247.644870
15 -0.012352 -513.214945
15 -0.240701 -1883.032123
15 -0.167556 -1527.691134
15 0.127882 -195.874219
15 0.190446 -1497.588237
15 -0.271030 -1501.919869
15 -0.105712 -737.058337
15 -0.021323 -290.703702
15 0.112025 -20.422176
15 -0.015433 -475.213804
15 -0.016769 -136.896949
15 0.001673 -224.340096
15 -0.035080 -812.379391
15 0.085809 38.325237
15 0.107721 -84.554195
15 -0.075722 -567.131486
15 0.057878 -240.469620
15 0.108095 -111.801129
15 -0.117426 -557.918017
15 -0.106582 -557.415880
15 -0.077858 -662.827676
15 -0.079491 -489.750420
15 0.012771 -373.708716
15 -0.030298 -1384.996805
15 -0.107329 -818.139630
15 -0.107564 -807.035791
15 -0.001896 -849.650104
15 -0.179998 -3013.892245
15 -0.122749 -937.045961
15 0.085724 -1776.712012
15 -0.050392 -1185.704567
15 -0.101331 -534.936531
15 -0.049921 -261.359227
15 -0.067329 -664.270910
15 -0.065588 -1009.349001
15 -0.057495 -866.535814
15 -0.055310 -921.669099
15 -0.014719 -195.496114
15 -0.026387 -637.560591
15 0.069915 -261.269304
15 -0.015494 -153.574880
15 -0.018460 -301.458571
15 -0.098754 -642.305798
15 -0.039287 -525.072922
15 -0.021958 -153.215879
15 -0.044686 -235.283118
15 0.033756 -80.560902
15 -0.098027 -838.993470
15 0.022411 -1504.757301
15 -0.305470 -1362.220798
15 -0.087226 -428.914311
15 -0.058377 -455.917247
15 -0.042382 -633.742512
15 0.134854 -78.918471
15 0.011347 -461.256002
15 -0.015541 -363.071420
15 -0.286166 -1732.423943
15 -0.133766 -1161.327007
15 0.126056 -129.895125
15 -0.170365 -804.672763
15 -0.093925 -981.266148
15 -0.160526 -1117.540330
15 -0.071692 -343.451623
15 -0.362756 -2795.172894
15 -0.120157 -692.388242
15 0.003424 -423.405535
