10 -0.064870 -0.064870
10 0.016256 0.016256
10 0.131869 0.131869
10 -0.082469 -0.082469
10 0.178131 0.178131
10 0.013465 0.013465
10 0.271851 0.271851
10 0.115338 0.115338
10 0.257171 0.257171
10 -0.124374 -0.124374
10 0.212695 0.212695
10 -0.251266 -0.251266
10 -0.147080 -0.147080
10 0.022514 0.022514
10 0.190459 0.190459
10 0.120993 0.120993
10 0.196810 0.196810
10 0.129564 0.129564
10 -0.066414 -0.066414
10 0.107019 0.107019
10 -0.199722 -0.199722
10 -0.187419 -0.187419
10 0.138784 0.138784
10 0.056784 0.056784
10 -0.017518 -0.017518
10 -0.325598 -0.325598
10 -0.075380 -0.075380
10 -0.019725 -0.019725
10 -0.072591 -0.072591
10 -0.122203 -0.122203
10 -0.341141 -0.341141
10 0.146773 0.146773
10 0.197484 0.197484
10 -0.209362 -0.209362
10 0.214375 0.214375
10 -0.070343 -0.070343
10 -0.032887 -0.032887
10 -0.075508 -0.075508
10 0.138518 0.138518
10 0.324816 0.324816
10 0.238533 0.238533
10 -0.066955 -0.066955
10 0.156781 0.156781
10 0.365131 0.365131
10 0.026078 0.026078
10 0.008114 0.008114
10 -0.124677 -0.124677
10 0.085725 0.085725
10 0.216008 0.216008
10 0.409698 0.409698
10 0.086834 0.086834
10 -0.147817 -0.147817
10 -0.145582 -0.145582
10 0.088916 0.088916
10 -0.005675 -0.005675
10 0.212228 0.212228
10 -0.012280 -0.012280
10 -0.018010 -0.018010
10 -0.141056 -0.141056
10 -0.081426 -0.081426
10 -0.028576 -0.028576
10 0.261945 0.261945
10 -0.036540 -0.036540
10 -0.080719 -0.080719
10 0.101185 0.101185
10 -0.157994 -0.157994
10 -0.162552 -0.162552
10 -0.032468 -0.032468
10 0.190396 0.190396
10 -0.157951 -0.157951
10 0.201909 0.201909
10 0.140291 0.140291
10 0.502455 0.502455
10 -0.056160 -0.056160
10 0.154317 0.154317
10 0.208053 0.208053
10 -0.105024 -0.105024
10 0.003824 0.003824
10 0.301699 0.301699
10 0.187743 0.187743
10 -0.150023 -0.150023
10 0.287857 0.287857
10 0.126029 0.126029
10 -0.418889 -0.418889
10 -0.335590 -0.335590
10 0.237272 0.237272
10 0.165861 0.165861
10 -0.216477 -0.216477
10 -0.050674 -0.050674
10 0.030874 0.030874
10 0.048976 0.048976
10 0.217366 0.217366
10 -0.025874 -0.025874
10 -0.213572 -0.213572
10 -0.335134 -0.335134
10 0.169044 0.169044
10 0.166652 0.166652
10 0.195581 0.195581
10 -0.050543 -0.050543
10 0.239481 0.239481
10 -0.152304 -0.152304
10 0.051011 0.051011
10 0.124235 0.124235
10 0.007570 0.007570
10 0.158884 0.158884
10 -0.234160 -0.234160
10 0.031564 0.031564
10 0.093091 0.093091
10 0.049552 0.049552
10 -0.084018 -0.084018
10 -0.006517 -0.006517
10 0.177025 0.177025
10 0.297756 0.297756
10 0.308878 0.308878
10 -0.031202 -0.031202
10 -0.280171 -0.280171
10 -0.096463 -0.096463
10 0.150638 0.150638
10 0.300958 0.300958
10 -0.038100 -0.038100
10 -0.183034 -0.183034
10 -0.075277 -0.075277
10 0.065614 0.065614
10 0.407103 0.407103
10 0.127867 0.127867
10 -0.017704 -0.017704
10 0.246669 0.246669
10 -0.193911 -0.193911
10 -0.189929 -0.189929
10 0.066188 0.066188
10 0.500238 0.500238
10 -0.237242 -0.237242
10 -0.175363 -0.175363
10 -0.187848 -0.187848
10 0.229685 0.229685
10 -0.129753 -0.129753
10 0.010752 0.010752
10 0.196628 0.196628
10 -0.092176 -0.092176
10 -0.044889 -0.044889
10 -0.064903 -0.064903
10 0.228643 0.228643
10 -0.183115 -0.183115
10 0.143071 0.143071
10 0.000000 0.000000
10 -0.400109 -0.400109
10 -0.087666 -0.087666
10 -0.026684 -0.026684
10 -0.051378 -0.051378
10 -0.019966 -0.019966
10 -0.264215 -0.264215
10 0.247028 0.247028
10 0.142817 0.142817
10 -0.075840 -0.075840
10 0.237284 0.237284
10 0.006322 0.006322
10 -0.202114 -0.202114
10 0.160599 0.160599
10 -0.211036 -0.211036
10 -0.184009 -0.184009
10 -0.203896 -0.203896
10 0.030470 0.030470
10 0.232332 0.232332
10 0.227338 0.227338
10 -0.015408 -0.015408
10 -0.035702 -0.035702
10 0.097864 0.097864
10 0.235231 0.235231
10 0.121820 0.121820
10 0.125043 0.125043
10 -0.084333 -0.084333
10 -0.016658 -0.016658
10 -0.010118 -0.010118
10 -0.033688 -0.033688
10 -0.105926 -0.105926
10 -0.082997 -0.082997
10 -0.068904 -0.068904
10 -0.137547 -0.137547
10 0.044279 0.044279
10 0.008037 0.008037
10 -0.273021 -0.273021
10 0.018075 0.018075
10 0.017224 0.017224
10 0.267231 0.267231
10 -0.290558 -0.290558
10 0.184221 0.184221
10 -0.150237 -0.150237
10 -0.226288 -0.226288
10 -0.173119 -0.173119
10 0.185650 0.185650
10 0.105868 0.105868
10 0.237180 0.237180
10 -0.159262 -0.159262
10 0.100678 0.100678
10 -0.094915 -0.094915
10 0.106623 0.106623
10 -0.211491 -0.211491
10 0.264921 0.264921
10 -0.000982 -0.000982
10 0.425043 0.425043
10 -0.112956 -0.112956
10 -0.321747 -0.321747
10 -0.093158 -0.093158
10 0.025778 0.025778
10 0.224343 0.224343
10 0.004414 0.004414
10 -0.231665 -0.231665
10 0.068545 0.068545
10 -0.129735 -0.129735
10 0.284807 0.284807
10 0.366982 0.366982
10 -0.105126 -0.105126
10 0.098044 0.098044
10 0.028914 0.028914
10 0.235194 0.235194
10 -0.208359 -0.208359
10 0.241012 0.241012
10 -0.315663 -0.315663
10 0.323425 0.323425
10 0.191671 0.191671
10 0.000000 0.000000
10 0.242793 0.242793
10 -0.064587 -0.064587
10 -0.107730 -0.107730
10 0.256604 0.256604
10 0.104406 0.104406
10 -0.202348 -0.202348
10 0.098109 0.098109
10 0.138664 0.138664
10 0.346906 0.346906
10 -0.061032 -0.061032
10 0.085055 0.085055
10 0.213844 0.213844
10 0.084570 0.084570
10 -0.370866 -0.370866
10 -0.067379 -0.067379
10 0.075261 0.075261
10 0.099459 0.099459
10 -0.063476 -0.063476
10 -0.149846 -0.149846
10 0.173827 0.173827
10 0.207362 0.207362
10 -0.120408 -0.120408
10 -0.197730 -0.197730
10 0.014065 0.014065
10 0.125908 0.125908
10 0.201997 0.201997
10 -0.018748 -0.018748
10 0.229451 0.229451
10 0.200873 0.200873
10 0.195258 0.195258
10 0.298042 0.298042
10 -0.010125 -0.010125
10 0.340152 0.340152
10 -0.125116 -0.125116
10 0.091463 0.091463
10 -0.032733 -0.032733
10 -0.198644 -0.198644
10 0.117572 0.117572
10 0.128466 0.128466
10 0.039649 0.039649
10 -0.010260 -0.010260
10 0.086742 0.086742
10 0.280264 0.280264
10 -0.514751 -0.514751
10 -0.055890 -0.055890
10 -0.045160 -0.045160
10 0.098900 0.098900
10 0.367893 0.367893
10 0.054784 0.054784
10 0.034480 0.034480
10 -0.007614 -0.007614
10 0.036232 0.036232
10 -0.247356 -0.247356
10 0.000000 0.000000
10 0.049518 0.049518
10 -0.130069 -0.130069
10 0.120240 0.120240
10 0.275434 0.275434
10 -0.192774 -0.192774
10 -0.168811 -0.168811
10 -0.042051 -0.042051
10 -0.441456 -0.441456
10 -0.102781 -0.102781
10 0.090113 0.090113
10 0.070054 0.070054
10 0.161672 0.161672
10 -0.079107 -0.079107
10 -0.062025 -0.062025
10 0.198570 0.198570
10 -0.002902 -0.002902
10 -0.340206 -0.340206
10 -0.260427 -0.260427
10 0.103504 0.103504
10 -0.383425 -0.383425
10 -0.037875 -0.037875
10 0.333875 0.333875
10 -0.179352 -0.179352
10 -0.214184 -0.214184
10 -0.189585 -0.189585
10 -0.112194 -0.112194
10 0.265112 0.265112
10 -0.310667 -0.310667
10 -0.064780 -0.064780
10 -0.354631 -0.354631
10 0.151483 0.151483
10 -0.088858 -0.088858
10 0.128575 0.128575
10 0.155800 0.155800
10 -0.255675 -0.255675
10 0.156577 0.156577
10 0.245207 0.245207
10 0.335707 0.335707
10 0.230733 0.230733
10 -0.045435 -0.045435
10 0.238683 0.238683
10 -0.085102 -0.085102
10 0.259252 0.259252
10 -0.211928 -0.211928
10 0.258703 0.258703
10 0.107258 0.107258
10 0.154338 0.154338
10 0.162679 0.162679
10 -0.097094 -0.097094
10 -0.275484 -0.275484
10 -0.106777 -0.106777
10 -0.017419 -0.017419
10 0.335986 0.335986
10 -0.005979 -0.005979
10 -0.259372 -0.259372
10 0.076477 0.076477
10 0.003471 0.003471
10 0.364193 0.364193
10 0.363855 0.363855
10 -0.150914 -0.150914
10 -0.153409 -0.153409
10 0.157501 0.157501
10 0.207674 0.207674
10 -0.140805 -0.140805
10 0.131523 0.131523
10 0.102864 0.102864
10 0.026624 0.026624
10 -0.105639 -0.105639
10 0.201981 0.201981
10 -0.000642 -0.000642
10 0.192399 0.192399
10 0.352054 0.352054
10 -0.124705 -0.124705
10 0.078586 0.078586
10 0.078197 0.078197
10 -0.194501 -0.194501
10 -0.064746 -0.064746
10 -0.260374 -0.260374
10 -0.117727 -0.117727
10 0.006149 0.006149
10 0.035925 0.035925
10 0.206977 0.206977
10 0.149865 0.149865
10 0.193871 0.193871
10 0.035793 0.035793
10 0.012973 0.012973
10 -0.101346 -0.101346
10 -0.214710 -0.214710
10 -0.192800 -0.192800
10 0.124745 0.124745
10 0.153019 0.153019
10 0.308664 0.308664
10 -0.237892 -0.237892
10 0.245067 0.245067
10 0.065149 0.065149
10 0.003978 0.003978
10 0.162948 0.162948
10 -0.212508 -0.212508
10 0.262614 0.262614
10 0.084131 0.084131
10 0.189793 0.189793
10 -0.127123 -0.127123
10 0.148166 0.148166
10 -0.074817 -0.074817
10 0.405741 0.405741
10 -0.091380 -0.091380
10 -0.144475 -0.144475
10 0.215618 0.215618
10 -0.167611 -0.167611
10 0.320665 0.320665
10 0.281025 0.281025
10 0.087351 0.087351
10 -0.230844 -0.230844
10 0.422986 0.422986
10 0.245283 0.245283
10 0.119227 0.119227
10 -0.069547 -0.069547
10 0.154013 0.154013
10 0.300083 0.300083
10 -0.156623 -0.156623
10 -0.153639 -0.153639
10 -0.007182 -0.007182
10 -0.322022 -0.322022
10 -0.004258 -0.004258
10 0.357901 0.357901
10 0.185722 0.185722
10 0.218259 0.218259
10 -0.065878 -0.065878
10 0.111475 0.111475
10 -0.062385 -0.062385
10 0.184803 0.184803
10 -0.071933 -0.071933
10 0.426179 0.426179
10 0.157466 0.157466
10 0.100791 0.100791
10 -0.126695 -0.126695
10 -0.295617 -0.295617
10 -0.106859 -0.106859
10 -0.191653 -0.191653
10 0.241823 0.241823
10 0.095841 0.095841
10 0.234856 0.234856
10 0.225313 0.225313
10 -0.111644 -0.111644
10 -0.103932 -0.103932
10 0.074653 0.074653
10 0.043214 0.043214
10 0.164984 0.164984
10 0.348763 0.348763
10 0.331733 0.331733
10 0.093352 0.093352
10 -0.055032 -0.055032
10 -0.392412 -0.392412
10 0.169034 0.169034
10 -0.083053 -0.083053
10 0.069991 0.069991
10 0.341032 0.341032
10 0.043500 0.043500
10 0.005925 0.005925
10 0.093026 0.093026
10 -0.101696 -0.101696
10 0.246474 0.246474
10 -0.335802 -0.335802
10 0.000988 0.000988
10 0.177087 0.177087
10 0.163287 0.163287
10 -0.051124 -0.051124
10 0.094098 0.094098
10 0.148756 0.148756
10 0.028483 0.028483
10 -0.026170 -0.026170
10 0.062671 0.062671
10 0.214170 0.214170
10 -0.055239 -0.055239
10 0.276183 0.276183
10 -0.013307 -0.013307
10 -0.113197 -0.113197
10 0.153788 0.153788
10 -0.025405 -0.025405
10 -0.017895 -0.017895
10 0.093735 0.093735
10 -0.049061 -0.049061
10 -0.147428 -0.147428
10 -0.156133 -0.156133
10 -0.029710 -0.029710
10 0.133428 0.133428
10 0.007258 0.007258
10 0.130229 0.130229
10 -0.384843 -0.384843
10 -0.077737 -0.077737
10 0.353649 0.353649
10 0.372900 0.372900
10 0.072323 0.072323
10 0.229397 0.229397
10 -0.187802 -0.187802
10 0.300283 0.300283
10 0.027469 0.027469
10 0.175325 0.175325
10 -0.011109 -0.011109
10 -0.027492 -0.027492
10 -0.207673 -0.207673
10 -0.338034 -0.338034
10 0.361251 0.361251
10 0.022758 0.022758
10 -0.018755 -0.018755
10 -0.136287 -0.136287
10 -0.053382 -0.053382
10 0.135027 0.135027
10 0.022995 0.022995
10 -0.306648 -0.306648
10 0.011119 0.011119
10 -0.003339 -0.003339
10 0.035295 0.035295
10 0.011955 0.011955
10 0.353212 0.353212
10 -0.017693 -0.017693
10 0.229884 0.229884
10 0.377062 0.377062
10 0.096846 0.096846
10 -0.164276 -0.164276
10 0.163483 0.163483
10 0.109283 0.109283
10 -0.237988 -0.237988
10 0.063241 0.063241
10 -0.180801 -0.180801
10 0.164551 0.164551
10 -0.516137 -0.516137
10 0.141322 0.141322
10 -0.439500 -0.439500
10 -0.232422 -0.232422
10 0.534247 454.710765
10 -0.273640 -2749.647844
10 -0.023847 -287.015898
10 0.246958 500.358943
10 -0.187590 -2422.849791
10 -0.094053 -395.117059
10 -0.123256 -1143.724336
10 -0.033161 -337.934454
10 -0.083252 -382.921154
10 0.094970 -752.836738
10 -0.008111 -210.606054
10 0.065431 -22.342378
10 0.083666 -1932.091566
10 -0.030291 -188.922731
10 -0.076005 -2398.849637
10 -0.072294 -1344.611931
10 -0.000624 -940.635890
10 -0.010398 -945.900674
10 -0.009050 -380.389007
10 -0.185962 -2425.176675
10 -0.031645 -199.612476
10 0.037106 57.002601
10 0.129192 176.181727
10 0.338834 -467.554737
10 -0.130496 -1056.456735
10 -0.118618 -765.583187
10 0.226609 -642.264085
10 -0.007683 -76.687918
10 -0.089527 -607.330609
10 -0.079923 -397.720264
10 0.192384 -454.837964
10 -0.314613 -2941.606126
10 -0.147152 -1158.662012
10 0.033078 -172.048421
10 -0.041682 -433.012260
10 -0.007534 -618.737436
10 0.108585 -0.773806
10 -0.127300 -1015.993578
10 -0.039753 -1070.584440
10 -0.047608 -328.579340
10 -0.295835 -1850.008916
10 -0.196447 -1297.277397
10 -0.158116 -1845.317481
10 -0.045453 -605.130380
10 -0.122822 -824.611563
10 -0.092987 -984.155681
10 -0.075661 -443.115734
10 -0.094335 -614.269212
10 -0.094027 -622.630968
10 -0.022273 -1011.655376
10 0.273366 -1356.327401
10 -0.121109 -1118.944805
10 -0.228963 -1169.680867
10 0.024833 -673.907194
10 -0.295604 -1372.830724
10 -0.033777 -277.529479
10 -0.058105 -679.861606
10 0.078418 -23.430978
10 -0.145840 -951.199202
10 0.072908 -1144.177339
10 0.017557 -1368.433932
10 0.258525 423.120593
10 -0.101505 -1004.344580
10 -0.055934 -422.767050
10 -0.244634 -946.019373
10 0.132416 -1544.093811
10 -0.006687 -116.368221
10 -0.026557 -859.710956
10 -0.138575 -1408.358394
10 -0.272994 -1826.433046
10 0.034154 -1943.318580
10 -0.174442 -1073.524725
10 -0.221485 -1532.249576
10 -0.092125 -708.247638
10 -0.170586 -2841.766093
10 0.159947 164.123500
10 0.045566 -514.458569
10 0.032039 -592.644606
10 -0.042308 -1677.465107
10 -0.103563 -963.845572
10 -0.031706 -269.855348
10 -0.051602 -1086.719262
10 -0.013677 -221.818127
10 0.029687 -20.910333
10 0.027293 37.820472
10 -0.073054 -735.347673
10 -0.015440 -1104.815447
10 -0.212785 -732.162067
10 -0.205341 -2212.669072
10 -0.136655 -2201.513686
10 -0.069453 -794.214191
10 0.085479 -1171.002519
10 -0.008128 -666.160363
10 -0.147261 -917.700441
10 0.154258 -949.697419
10 -0.129898 -2010.860654
10 -0.166577 -1469.429302
10 -0.034538 -193.728738
10 0.132857 81.567909
10 -0.042476 -337.367718
10 0.125588 -94.241481
10 -0.094459 -1091.712987
10 0.105193 -451.459739
10 -0.257888 -2113.423324
10 -0.222683 -1488.187767
10 0.086672 67.362641
10 -0.068320 -376.075706
10 0.256063 -434.319483
10 -0.080546 -602.633096
10 -0.103199 -1481.259210
10 0.004536 -205.025067
10 -0.126502 -663.590690
10 0.383206 -814.524443
10 -0.125387 -1198.400766
10 -0.010966 -182.259220
10 -0.142410 -830.790226
10 -0.223506 -1228.102350
10 -0.108776 -466.902227
10 -0.041065 -586.230447
10 -0.049168 -393.790444
10 -0.197402 -1245.464399
10 -0.094918 -636.212033
10 -0.002846 -255.094997
10 -0.129741 -901.308631
10 0.021541 -51.544236
10 -0.293233 -2488.423091
10 -0.191287 -1438.059535
10 -0.028372 -152.277159
10 0.046389 -196.614243
10 -0.150890 -2654.075072
10 -0.225391 -1708.590159
10 0.116529 -513.480832
10 0.039110 -10.701470
10 -0.071571 -451.801049
10 0.089429 -2215.290368
10 -0.075039 -355.515844
10 -0.016514 -1451.467143
10 -0.200498 -937.275286
10 0.096964 -833.997589
10 -0.242542 -3324.653113
10 0.191499 -870.458437
10 -0.246167 -1253.338089
10 -0.084989 -439.508661
10 -0.169073 -756.137296
10 -0.015965 -314.102184
10 -0.045273 -402.221131
10 0.082336 -1214.224595
10 -0.051282 -1253.566208
10 -0.009426 -1298.348075
10 -0.050573 -383.892824
10 -0.347230 -2527.365495
10 -0.169661 -770.034530
10 -0.018604 -437.428827
10 0.339766 -818.249368
10 -0.027843 -406.811776
10 0.045928 -352.603278
10 -0.003322 -29.622681
10 -0.085229 -777.290139
10 -0.159231 -1046.688778
10 -0.270783 -1349.127978
10 -0.320568 -4093.462902
10 0.049358 -91.544376
10 0.028253 -316.702500
10 0.075681 -146.678720
10 -0.280655 -1988.652443
10 -0.116289 -1919.072422
10 -0.067364 -424.911620
10 -0.201812 -1638.678014
10 0.000147 -333.487446
10 -0.136884 -998.049121
10 -0.093443 -711.899241
10 -0.122400 -531.356156
10 -0.065934 -469.710502
10 0.161623 -250.351549
10 -0.139693 -635.503924
10 0.021279 20.046532
10 -0.039701 -380.544355
10 0.026573 -664.929569
10 0.204966 39.678154
10 0.266308 -1620.104588
10 -0.135626 -1127.304852
10 0.049324 -95.339580
10 0.012564 -741.934115
10 0.026880 -1864.233576
10 -0.176434 -2208.328223
10 0.060094 -1077.221411
10 0.045908 267.960295
10 -0.024316 -200.912300
10 -0.024777 -597.994733
10 0.050736 -347.795462
10 0.029414 -370.592653
10 -0.090541 -590.403055
10 -0.248082 -1071.003580
10 -0.169373 -1106.490248
10 -0.154213 -960.227186
10 0.024524 -256.402977
10 0.303041 -2206.038354
10 0.044639 -604.438352
10 -0.188746 -2164.720523
10 -0.072032 -915.642435
10 -0.023224 -278.786913
10 -0.233406 -2915.248780
10 -0.103389 -764.816702
10 -0.100683 -1931.120194
10 0.037274 -648.648143
10 0.141241 682.580085
10 -0.175240 -760.554096
10 -0.018472 -585.551798
10 -0.085952 -727.459623
10 -0.063723 -1804.165345
10 -0.004518 -1785.611033
10 -0.027634 -188.533386
10 0.049383 -90.776506
10 -0.006818 -296.984006
10 -0.164730 -1095.307618
10 -0.033659 -525.762750
10 0.039627 -77.977629
10 -0.107771 -763.588467
10 -0.203098 -1411.466748
10 0.018812 -449.503066
10 -0.184650 -1345.588012
10 -0.043795 -608.342731
10 -0.275007 -1846.519822
10 -0.058677 -1084.831860
10 -0.098635 -676.366043
10 -0.175820 -1449.916875
10 0.064222 -541.301716
10 -0.064109 -474.443128
10 0.282937 100.618814
10 -0.074510 -887.192391
10 -0.207242 -1572.036355
10 -0.152466 -1082.593842
10 -0.173963 -1196.833899
10 -0.037801 -2070.727251
10 -0.008934 -474.718569
10 0.073691 -420.809153
10 0.185937 -83.592684
10 -0.194289 -1372.189882
10 -0.173094 -1432.268769
10 -0.013549 -239.286222
10 -0.156059 -1030.012135
10 0.020668 -315.278700
10 0.015996 -264.348151
10 -0.104502 -1297.206332
10 0.006792 -126.816820
10 0.027518 -297.825892
10 0.332734 28.041301
10 0.007774 -1015.278468
10 -0.049235 -902.667949
10 -0.069108 -691.265394
10 -0.031620 -258.069782
10 -0.049102 -715.881320
10 -0.000325 -1804.413589
10 0.061850 337.697567
10 0.093097 -1273.438273
10 -0.072057 -1462.512686
10 0.141665 -584.706193
10 -0.207824 -2446.767846
10 -0.095415 -1399.754558
10 -0.037406 -1270.233432
10 -0.093517 -581.952143
10 -0.008400 -164.265132
10 0.190590 -641.938987
10 -0.283412 -1826.933514
10 0.032438 -822.018213
10 0.065045 -731.912195
10 0.052559 208.253549
10 -0.154202 -658.643959
10 0.016309 -332.996776
10 0.130912 1548.227603
10 0.097021 -1567.719369
10 -0.003992 -525.925214
10 0.030676 -1140.410560
10 0.046539 -154.903195
10 -0.037520 -325.741013
10 -0.134302 -782.114973
10 -0.038210 -195.040906
10 -0.135890 -889.392291
10 0.046070 188.657078
10 0.034109 -234.355647
10 0.167272 191.374622
10 -0.047428 -705.874745
10 -0.069951 -565.847178
10 -0.017207 -438.453043
10 -0.039944 -305.795139
10 -0.052943 -640.631923
10 -0.107574 -1103.704980
10 0.027597 -239.508518
10 0.001040 -1283.372309
10 -0.025150 -331.148905
10 -0.177693 -1427.020477
10 -0.003311 -99.945122
10 -0.063376 -266.312602
10 -0.204438 -2146.135769
10 0.405998 405.349062
10 0.081382 -1141.270365
10 -0.265908 -1484.415543
10 -0.133428 -2032.094450
10 -0.173301 -1778.023520
10 -0.166334 -952.963716
10 0.352065 -209.523450
10 -0.349220 -1913.247601
10 -0.075026 -861.028339
10 -0.007724 -391.631747
10 0.042344 -579.374877
10 0.244337 -77.311850
10 -0.112008 -769.947492
10 -0.149180 -1601.120994
10 -0.075106 -574.049819
10 -0.150879 -2170.639795
10 0.044657 -844.192172
10 -0.001178 -740.911503
10 -0.077666 -2916.161415
10 -0.033169 -821.511249
10 0.228863 414.279514
10 -0.000793 -20.263233
10 -0.122294 -501.590700
10 -0.072662 -717.987577
10 0.093848 21.848441
10 0.094096 -382.628817
10 -0.010714 -56.216060
10 -0.037537 -2030.187307
10 -0.146443 -814.504658
10 -0.023497 -432.155850
10 0.112182 1097.555474
10 0.181833 121.148216
10 -0.062543 -409.347362
10 -0.046661 -1760.265758
10 0.142222 -144.362454
10 -0.335893 -2469.434197
10 -0.165752 -1160.212882
10 -0.033633 -183.771661
10 -0.028867 -230.434446
10 0.050762 -406.699331
11 0.169878 0.169878
11 -0.287386 -0.287386
11 0.056522 0.056522
11 -0.083580 -0.083580
11 -0.000302 -0.000302
11 0.362069 0.362069
11 0.039857 0.039857
11 0.170191 0.170191
11 0.265848 0.265848
11 0.063136 0.063136
11 0.005804 0.005804
11 -0.051866 -0.051866
11 -0.021022 -0.021022
11 0.297005 0.297005
11 0.125963 0.125963
11 -0.181793 -0.181793
11 0.162738 0.162738
11 -0.135331 -0.135331
11 -0.020542 -0.020542
11 0.288813 0.288813
11 0.155018 0.155018
11 0.137437 0.137437
11 0.159075 0.159075
11 0.239904 0.239904
11 0.379850 0.379850
11 0.301776 0.301776
11 0.120825 0.120825
11 0.277207 0.277207
11 -0.352966 -0.352966
11 -0.223399 -0.223399
11 0.134743 0.134743
11 0.062325 0.062325
11 0.018648 0.018648
11 -0.042459 -0.042459
11 0.040238 0.040238
11 -0.013168 -0.013168
11 -0.072285 -0.072285
11 -0.083170 -0.083170
11 -0.270262 -0.270262
11 -0.339353 -0.339353
11 0.000000 0.000000
11 0.067373 0.067373
11 0.337709 0.337709
11 -0.212719 -0.212719
11 -0.115276 -0.115276
11 0.059955 0.059955
11 -0.073780 -0.073780
11 -0.039493 -0.039493
11 -0.375231 -0.375231
11 0.100233 0.100233
11 0.021929 0.021929
11 -0.414631 -0.414631
11 -0.060553 -0.060553
11 -0.214142 -0.214142
11 0.254568 0.254568
11 -0.007299 -0.007299
11 -0.068688 -0.068688
11 0.048603 0.048603
11 0.392592 0.392592
11 0.165611 0.165611
11 0.151645 0.151645
11 0.250960 0.250960
11 0.136752 0.136752
11 -0.032925 -0.032925
11 -0.194353 -0.194353
11 0.377010 0.377010
11 -0.105949 -0.105949
11 0.189849 0.189849
11 0.155419 0.155419
11 0.374863 0.374863
11 -0.183226 -0.183226
11 -0.106204 -0.106204
11 0.069901 0.069901
11 0.055727 0.055727
11 -0.274353 -0.274353
11 -0.108611 -0.108611
11 -0.178751 -0.178751
11 0.097623 0.097623
11 0.318175 0.318175
11 0.275276 0.275276
11 0.259627 0.259627
11 0.380031 0.380031
11 -0.093857 -0.093857
11 0.167006 0.167006
11 -0.191852 -0.191852
11 0.222362 0.222362
11 -0.009317 -0.009317
11 0.003538 0.003538
11 0.142762 0.142762
11 -0.031579 -0.031579
11 0.045918 0.045918
11 0.038939 0.038939
11 0.154578 0.154578
11 0.144799 0.144799
11 -0.357877 -0.357877
11 -0.005330 -0.005330
11 0.024186 0.024186
11 0.135716 0.135716
11 0.123342 0.123342
11 0.362042 0.362042
11 -0.157597 -0.157597
11 -0.154982 -0.154982
11 0.234225 0.234225
11 -0.174817 -0.174817
11 -0.016299 -0.016299
11 0.162064 0.162064
11 0.032225 0.032225
11 -0.368487 -0.368487
11 -0.319104 -0.319104
11 0.029375 0.029375
11 0.019300 0.019300
11 -0.071470 -0.071470
11 0.282529 0.282529
11 0.311664 0.311664
11 -0.216756 -0.216756
11 0.195205 0.195205
11 -0.157420 -0.157420
11 -0.146423 -0.146423
11 0.042359 0.042359
11 -0.026259 -0.026259
11 0.187708 0.187708
11 -0.012447 -0.012447
11 -0.397921 -0.397921
11 0.086063 0.086063
11 -0.040004 -0.040004
11 -0.092433 -0.092433
11 0.052706 0.052706
11 0.317073 0.317073
11 0.133217 0.133217
11 -0.221513 -0.221513
11 -0.103921 -0.103921
11 0.376738 0.376738
11 0.363946 0.363946
11 -0.111369 -0.111369
11 0.253338 0.253338
11 0.140269 0.140269
11 -0.423922 -0.423922
11 -0.024179 -0.024179
11 0.152783 0.152783
11 0.296800 0.296800
11 0.414424 0.414424
11 0.145521 0.145521
11 0.058068 0.058068
11 0.320970 0.320970
11 -0.166401 -0.166401
11 -0.254690 -0.254690
11 -0.230850 -0.230850
11 0.145408 0.145408
11 -0.004448 -0.004448
11 -0.030731 -0.030731
11 -0.201334 -0.201334
11 -0.002955 -0.002955
11 -0.149998 -0.149998
11 -0.174456 -0.174456
11 0.312573 0.312573
11 -0.129145 -0.129145
11 -0.293014 -0.293014
11 -0.190271 -0.190271
11 -0.181304 -0.181304
11 -0.166443 -0.166443
11 0.002977 0.002977
11 0.101556 0.101556
11 -0.271953 -0.271953
11 -0.251973 -0.251973
11 0.014576 0.014576
11 -0.332893 -0.332893
11 0.132657 0.132657
11 0.091684 0.091684
11 0.057768 0.057768
11 -0.149069 -0.149069
11 0.143488 0.143488
11 0.006623 0.006623
11 0.074538 0.074538
11 0.219022 0.219022
11 0.083340 0.083340
11 -0.169567 -0.169567
11 -0.157527 -0.157527
11 0.239013 0.239013
11 0.029097 0.029097
11 0.082439 0.082439
11 0.286183 0.286183
11 -0.083406 -0.083406
11 0.129804 0.129804
11 0.068673 0.068673
11 0.102766 0.102766
11 -0.244636 -0.244636
11 0.035755 0.035755
11 -0.116089 -0.116089
11 0.041711 0.041711
11 0.144124 0.144124
11 -0.283338 -0.283338
11 -0.160172 -0.160172
11 0.114396 0.114396
11 0.332477 0.332477
11 0.381351 0.381351
11 0.063823 0.063823
11 0.285257 0.285257
11 -0.297522 -0.297522
11 0.229016 0.229016
11 0.073890 0.073890
11 0.251167 0.251167
11 0.203700 0.203700
11 0.259825 0.259825
11 0.180225 0.180225
11 -0.218234 -0.218234
11 0.054938 0.054938
11 -0.120819 -0.120819
11 0.066581 0.066581
11 0.049395 0.049395
11 -0.234344 -0.234344
11 -0.249871 -0.249871
11 -0.322598 -0.322598
11 -0.066912 -0.066912
11 0.035384 0.035384
11 -0.204808 -0.204808
11 0.184751 0.184751
11 -0.150650 -0.150650
11 0.032368 0.032368
11 0.219132 0.219132
11 -0.392191 -0.392191
11 -0.023103 -0.023103
11 -0.285274 -0.285274
11 -0.182435 -0.182435
11 0.046284 0.046284
11 0.085603 0.085603
11 0.079423 0.079423
11 -0.093981 -0.093981
11 -0.240222 -0.240222
11 0.189279 0.189279
11 -0.073724 -0.073724
11 -0.116710 -0.116710
11 0.256740 0.256740
11 -0.155219 -0.155219
11 0.017517 0.017517
11 0.067747 0.067747
11 -0.003963 -0.003963
11 -0.058014 -0.058014
11 -0.191695 -0.191695
11 0.383360 0.383360
11 0.063236 0.063236
11 0.317518 0.317518
11 0.158380 0.158380
11 -0.219233 -0.219233
11 0.219271 0.219271
11 0.042923 0.042923
11 0.282093 0.282093
11 0.441050 0.441050
11 -0.191417 -0.191417
11 0.097623 0.097623
11 -0.065923 -0.065923
11 -0.055674 -0.055674
11 0.235861 0.235861
11 0.311947 0.311947
11 0.165519 0.165519
11 0.179775 0.179775
11 0.073263 0.073263
11 0.275385 0.275385
11 -0.194046 -0.194046
11 0.008769 0.008769
11 -0.108729 -0.108729
11 0.163903 0.163903
11 0.257580 0.257580
11 -0.056520 -0.056520
11 -0.123783 -0.123783
11 -0.119542 -0.119542
11 0.120628 0.120628
11 0.214417 0.214417
11 -0.003622 -0.003622
11 -0.067418 -0.067418
11 0.211463 0.211463
11 0.023766 0.023766
11 -0.001429 -0.001429
11 -0.419813 -0.419813
11 0.087367 0.087367
11 -0.052340 -0.052340
11 0.021728 0.021728
11 -0.124966 -0.124966
11 -0.020425 -0.020425
11 -0.012996 -0.012996
11 -0.026113 -0.026113
11 -0.352752 -0.352752
11 0.096009 0.096009
11 -0.287734 -0.287734
11 -0.362772 -0.362772
11 0.065575 0.065575
11 0.185604 0.185604
11 -0.043339 -0.043339
11 -0.028943 -0.028943
11 0.311487 0.311487
11 0.085013 0.085013
11 -0.195768 -0.195768
11 -0.427068 -0.427068
11 0.190354 0.190354
11 0.166898 0.166898
11 -0.147761 -0.147761
11 0.077977 0.077977
11 0.050813 0.050813
11 0.032712 0.032712
11 0.058677 0.058677
11 0.159524 0.159524
11 0.020554 0.020554
11 0.019569 0.019569
11 0.203303 0.203303
11 0.071271 0.071271
11 0.230333 0.230333
11 0.088777 0.088777
11 -0.242303 -0.242303
11 0.046694 0.046694
11 -0.086535 -0.086535
11 0.240086 0.240086
11 -0.075928 -0.075928
11 0.176419 0.176419
11 0.094147 0.094147
11 0.127892 0.127892
11 0.266829 0.266829
11 -0.021857 -0.021857
11 -0.030861 -0.030861
11 0.259516 0.259516
11 -0.183457 -0.183457
11 0.314260 0.314260
11 -0.324773 -0.324773
11 -0.119530 -0.119530
11 0.327971 0.327971
11 -0.044610 -0.044610
11 0.004921 0.004921
11 0.038751 0.038751
11 0.149902 0.149902
11 -0.290224 -0.290224
11 -0.413925 -0.413925
11 0.117714 0.117714
11 -0.004103 -0.004103
11 0.240363 0.240363
11 -0.221218 -0.221218
11 0.122104 0.122104
11 -0.013542 -0.013542
11 0.014749 0.014749
11 -0.088572 -0.088572
11 0.152388 0.152388
11 -0.036672 -0.036672
11 -0.126704 -0.126704
11 0.013789 0.013789
11 0.319982 0.319982
11 -0.001368 -0.001368
11 -0.057120 -0.057120
11 -0.142145 -0.142145
11 -0.107169 -0.107169
11 -0.255044 -0.255044
11 0.148729 0.148729
11 -0.086560 -0.086560
11 -0.106505 -0.106505
11 0.135001 0.135001
11 -0.009595 -0.009595
11 -0.055595 -0.055595
11 -0.118167 -0.118167
11 0.001032 0.001032
11 0.394916 0.394916
11 0.135340 0.135340
11 -0.334810 -0.334810
11 0.202822 0.202822
11 -0.283301 -0.283301
11 0.146565 0.146565
11 -0.075327 -0.075327
11 -0.122287 -0.122287
11 -0.056502 -0.056502
11 0.198827 0.198827
11 0.131756 0.131756
11 -0.150535 -0.150535
11 0.239589 0.239589
11 0.119775 0.119775
11 -0.040158 -0.040158
11 -0.135375 -0.135375
11 0.121036 0.121036
11 -0.056532 -0.056532
11 0.191766 0.191766
11 0.328740 0.328740
11 0.227080 0.227080
11 0.210865 0.210865
11 -0.018737 -0.018737
11 -0.056952 -0.056952
11 0.019624 0.019624
11 -0.009159 -0.009159
11 -0.000688 -0.000688
11 0.039751 0.039751
11 0.334916 0.334916
11 -0.390943 -0.390943
11 0.214915 0.214915
11 0.338590 0.338590
11 0.207857 0.207857
11 0.130922 0.130922
11 0.294126 0.294126
11 0.189170 0.189170
11 0.198469 0.198469
11 0.261647 0.261647
11 -0.185161 -0.185161
11 -0.291932 -0.291932
11 -0.233967 -0.233967
11 0.245692 0.245692
11 0.389480 0.389480
11 0.174756 0.174756
11 -0.395048 -0.395048
11 0.070590 0.070590
11 -0.037558 -0.037558
11 -0.150417 -0.150417
11 -0.152597 -0.152597
11 0.039612 0.039612
11 0.209638 0.209638
11 -0.092176 -0.092176
11 0.168472 0.168472
11 0.022377 0.022377
11 0.151157 0.151157
11 -0.031429 -0.031429
11 0.169003 0.169003
11 0.255412 0.255412
11 0.139437 0.139437
11 -0.225227 -0.225227
11 -0.206246 -0.206246
11 0.197416 0.197416
11 0.159047 0.159047
11 -0.132795 -0.132795
11 -0.235573 -0.235573
11 -0.021232 -0.021232
11 0.076094 0.076094
11 0.284861 0.284861
11 0.030867 0.030867
11 -0.259266 -0.259266
11 0.133325 0.133325
11 -0.066910 -0.066910
11 -0.212362 -0.212362
11 -0.209526 -0.209526
11 0.126858 0.126858
11 0.209517 0.209517
11 0.064730 0.064730
11 -0.093733 -0.093733
11 0.170152 0.170152
11 0.263590 0.263590
11 -0.305461 -0.305461
11 0.278185 0.278185
11 -0.195968 -0.195968
11 -0.296828 -0.296828
11 0.013369 0.013369
11 0.087607 0.087607
11 -0.031066 -0.031066
11 -0.198354 -0.198354
11 0.229727 0.229727
11 0.285105 0.285105
11 0.110833 0.110833
11 0.345652 0.345652
11 -0.217266 -0.217266
11 -0.000067 -0.000067
11 -0.066077 -0.066077
11 0.393837 0.393837
11 0.028132 0.028132
11 -0.109227 -0.109227
11 0.205731 0.205731
11 0.186358 0.186358
11 0.289739 0.289739
11 -0.195547 -0.195547
11 0.019549 0.019549
11 0.039332 0.039332
11 0.204286 0.204286
11 0.012965 0.012965
11 0.127969 0.127969
11 0.036657 0.036657
11 0.209212 0.209212
11 -0.180831 -0.180831
11 -0.068980 -0.068980
11 0.223571 0.223571
11 -0.178615 -0.178615
11 0.040642 0.040642
11 0.133297 0.133297
11 0.204467 0.204467
11 0.223699 0.223699
11 -0.018289 -0.018289
11 0.157149 0.157149
11 -0.070002 -0.070002
11 0.206794 0.206794
11 0.176703 0.176703
11 -0.003357 -0.003357
11 0.090961 0.090961
11 0.143485 0.143485
11 -0.080982 -0.080982
11 -0.277160 -0.277160
11 0.010655 0.010655
11 0.049218 0.049218
11 -0.020462 -0.020462
11 0.316231 0.316231
11 -0.158343 -0.158343
11 0.206854 0.206854
11 0.114132 0.114132
11 -0.143504 -0.143504
11 0.179122 0.179122
11 0.226752 0.226752
11 -0.133055 -0.133055
11 -0.017623 -0.017623
11 0.314358 0.314358
11 -0.031507 -0.031507
11 0.281931 0.281931
11 -0.119868 -0.119868
11 -0.080107 -0.080107
11 -0.160363 -0.160363
11 0.068518 0.068518
11 -0.292054 -0.292054
11 -0.376880 -0.376880
11 -0.396670 -0.396670
11 0.393743 0.393743
11 0.206081 0.206081
11 0.232779 0.232779
11 -0.036033 -0.036033
11 -0.288372 -0.288372
11 0.140788 0.140788
11 0.100540 0.100540
11 -0.199582 -0.199582
11 -0.194715 -0.194715
11 -0.184037 -0.184037
11 -0.322606 -0.322606
11 -0.068347 -0.068347
11 0.118442 0.118442
11 0.234387 0.234387
11 0.267029 0.267029
11 0.028530 0.028530
11 0.172317 0.172317
11 0.182787 0.182787
11 0.224673 0.224673
11 0.165597 0.165597
11 -0.178531 -0.178531
11 0.139106 0.139106
11 -0.080802 -0.080802
11 0.385858 0.385858
11 0.185137 0.185137
11 -0.103713 -0.103713
11 0.298574 0.298574
11 -0.205844 -0.205844
11 -0.043162 -0.043162
11 0.043129 0.043129
11 0.125952 0.125952
11 0.060246 0.060246
11 0.361167 0.361167
11 0.168315 0.168315
11 -0.062798 -0.062798
11 -0.008075 -0.008075
11 -0.121063 -0.121063
11 -0.327250 -0.327250
11 0.229917 0.229917
11 0.005066 0.005066
11 0.440070 0.440070
11 -0.013473 -0.013473
11 -0.293901 -0.293901
11 0.135792 0.135792
11 0.177355 0.177355
11 -0.013137 -0.013137
11 -0.270895 -0.270895
11 0.205499 0.205499
11 0.016480 0.016480
11 0.276330 0.276330
11 0.063267 0.063267
11 0.026536 0.026536
11 0.028904 0.028904
11 -0.386158 -0.386158
11 0.154567 0.154567
11 0.156206 0.156206
11 0.064145 0.064145
11 0.199228 0.199228
11 -0.332437 -0.332437
11 0.092283 0.092283
11 0.331421 0.331421
11 -0.005778 -0.005778
11 0.013117 0.013117
11 -0.147025 -0.147025
11 0.035217 0.035217
11 -0.039217 -0.039217
11 0.364357 0.364357
11 -0.030151 -0.030151
11 0.110389 0.110389
11 -0.030831 -0.030831
11 0.149378 0.149378
11 -0.276597 -0.276597
11 0.183794 0.183794
11 0.145787 0.145787
11 0.117025 0.117025
11 0.271540 0.271540
11 -0.081345 -0.081345
11 -0.007913 -0.007913
11 -0.064362 -0.064362
11 0.222435 0.222435
11 0.207384 0.207384
11 0.006941 0.006941
11 0.137562 0.137562
11 -0.017487 -0.017487
11 -0.111381 -0.111381
11 -0.061993 -0.061993
11 0.315462 0.315462
11 -0.187008 -0.187008
11 -0.004858 -0.004858
11 -0.116856 -0.116856
11 -0.016046 -0.016046
11 0.093305 0.093305
11 -0.087788 -0.087788
11 0.196693 0.196693
11 -0.400849 -0.400849
11 -0.046263 -0.046263
11 -0.012069 -336.834311
11 0.012281 -530.628745
11 -0.016936 -129.019850
11 0.024793 -1180.578092
11 -0.104181 -585.454898
11 -0.005264 -897.323544
11 -0.250530 -1277.213277
11 0.027902 -1652.489563
11 0.234632 2722.290600
11 0.189136 -298.037378
11 0.058171 -2170.064409
11 -0.055020 -433.194540
11 -0.112735 -1133.903178
11 -0.045766 -466.217070
11 -0.013627 -196.317288
11 0.105454 179.828312
11 0.264876 -1045.041342
11 -0.168122 -1153.975003
11 -0.130943 -826.802217
11 -0.033215 -972.416128
11 0.000150 -3.947474
11 -0.036119 -394.580966
11 -0.073210 -541.882407
11 -0.050638 -1089.878422
11 -0.043309 -713.328624
11 -0.062238 -456.818331
11 -0.170233 -1295.815255
11 0.064387 -252.739171
11 -0.061417 -401.857739
11 0.088855 -814.556603
11 -0.099709 -1084.882011
11 0.049317 -100.666132
11 0.059594 -150.586705
11 -0.042904 -1105.598105
11 -0.336358 -1247.544386
11 0.028591 -982.463630
11 -0.242896 -2136.252606
11 -0.049763 -1275.568955
11 -0.237753 -1510.638265
11 -0.052065 -387.005345
11 -0.137635 -1037.519564
11 -0.183025 -1448.740686
11 -0.345635 -3245.523768
11 -0.117738 -1544.767125
11 -0.021686 -182.682021
11 -0.014291 -526.492556
11 -0.175137 -854.654810
11 -0.109004 -1098.710474
11 -0.129671 -1878.534688
11 -0.030496 -590.274832
11 -0.182111 -1564.482116
11 -0.184057 -1574.919515
11 -0.059216 -1457.875087
11 -0.059152 -460.601264
11 -0.070837 -360.762412
11 0.089211 -1448.856253
11 -0.105271 -1085.319399
11 0.041416 500.619221
11 -0.068286 -478.350554
11 -0.318399 -1229.125307
11 0.128654 -1883.281114
11 -0.159030 -1886.996773
11 0.079338 -458.666785
11 -0.041413 -1044.886617
11 -0.045610 -1995.642140
11 -0.096828 -719.816042
11 -0.360079 -2200.305478
11 -0.195733 -1565.248373
11 -0.145809 -1483.459940
11 0.064399 -449.342094
11 -0.157145 -1506.058999
11 -0.138578 -674.850531
11 -0.027947 -145.851354
11 -0.025470 -236.533510
11 -0.217455 -1261.667262
11 0.087155 60.222445
11 0.042848 -487.511403
11 -0.356523 -2393.884576
11 -0.074876 -563.184169
11 0.042815 -1471.482728
11 0.004003 -23.394306
11 -0.200053 -2954.489857
11 -0.086490 -1161.753519
11 -0.012159 -83.460476
11 -0.199276 -1365.039914
11 -0.315829 -2175.312391
11 0.029422 -1263.618285
11 0.419550 -436.213159
11 -0.001779 -26.374523
11 -0.011513 -590.812316
11 -0.077204 -1646.499543
11 0.022091 -120.096863
11 -0.029483 -695.514173
11 0.111424 -441.759163
11 -0.074325 -421.510215
11 0.017758 21.025947
11 -0.088871 -490.446519
11 -0.270147 -2846.795808
11 -0.027530 -769.439493
11 -0.087140 -587.636929
11 -0.163432 -1163.829901
11 -0.222752 -2099.377443
11 -0.023475 -283.491476
11 -0.085154 -1489.806412
11 0.185225 -473.280244
11 -0.014417 -101.702227
11 0.009066 -352.522605
11 0.212827 -155.290433
11 0.110933 -780.560326
11 -0.137886 -1115.980195
11 0.013137 -642.765934
11 -0.124047 -510.250392
11 0.091970 -659.123793
11 -0.066133 -967.932946
11 0.304267 -414.602926
11 0.024686 -1588.107264
11 -0.158548 -1990.926709
11 -0.156447 -1311.600895
11 -0.097072 -618.734428
11 -0.102290 -2456.277248
11 -0.020700 -124.676330
11 -0.101064 -694.909855
11 -0.202117 -1568.079680
11 -0.185800 -1761.717045
11 -0.019223 -146.626762
11 -0.126090 -709.441664
11 0.021804 -278.395119
11 -0.031277 -2167.276675
11 -0.217319 -1596.243951
11 -0.083193 -634.202304
11 0.087315 -662.862727
11 -0.036966 -586.843694
11 0.091721 -1204.956375
11 -0.034877 -193.536795
11 -0.064042 -307.512850
11 -0.069297 -390.817059
11 -0.168546 -3334.824148
11 -0.302296 -3711.013705
11 -0.323514 -2259.465846
11 0.021541 -304.630791
11 0.101949 -751.707977
11 -0.077421 -495.144686
11 -0.006799 -326.986374
11 0.093344 -1430.430395
11 -0.164575 -1250.209702
11 -0.072140 -318.251651
11 0.109056 -1303.573226
11 -0.013740 -144.360579
11 -0.257236 -3522.931568
11 -0.004465 -31.186894
11 -0.017781 -236.044082
11 -0.131749 -3762.917118
11 0.378126 395.663017
11 -0.196598 -1466.685298
11 0.027146 -264.120667
11 -0.302310 -2975.349804
11 -0.018504 -314.538443
11 -0.019490 -359.571063
11 -0.076440 -589.912179
11 -0.014751 -1396.617069
11 0.046760 -1525.093257
11 0.070162 -1045.364483
11 -0.058233 -1542.244078
11 -0.141798 -747.218797
11 -0.067413 -379.990525
11 -0.307866 -2205.382096
11 0.034592 -606.226937
11 -0.183605 -828.723795
11 0.271433 -1165.419408
11 -0.171539 -1181.797637
11 -0.058892 -765.937785
11 -0.089926 -695.307643
11 -0.124935 -733.886981
11 0.032452 -290.225071
11 -0.068452 -913.672819
11 -0.263798 -2062.670647
11 -0.384536 -2497.502496
11 0.307773 279.078792
11 0.184402 -458.338535
11 0.172661 -668.712081
11 -0.224243 -2154.309740
11 -0.210089 -840.526934
11 -0.062143 -1495.063135
11 -0.095183 -482.351994
11 0.134005 -624.344510
11 -0.045010 -286.739307
11 0.036936 -263.090316
11 -0.134775 -1178.455098
11 -0.084374 -1413.016873
11 -0.039152 -371.149313
11 -0.240663 -1021.243239
11 -0.074919 -477.074917
11 -0.129720 -1679.736226
11 -0.066771 -851.877879
11 -0.317972 -2190.973207
11 -0.080573 -634.999180
11 0.076543 -343.827731
11 0.104480 -601.596340
11 -0.034438 -566.553272
11 -0.099447 -429.210649
11 -0.048614 -430.659696
11 0.002505 -1038.880065
11 0.002065 -1032.626809
11 -0.137894 -1412.837616
11 -0.208862 -1896.363023
11 0.163878 43.647302
11 -0.113229 -1512.360716
11 -0.087344 -670.071174
11 -0.007770 -109.171501
11 -0.227504 -1580.084914
11 -0.206005 -1547.594537
11 -0.171649 -1436.827507
11 -0.040528 -333.624082
11 -0.194060 -1259.320976
11 -0.085218 -679.194005
11 -0.139049 -902.882618
11 -0.228749 -1186.343372
11 -0.011970 -172.300369
11 0.016938 -610.881385
11 -0.013108 -89.666369
11 0.153625 -493.129996
11 -0.021280 -320.327412
11 -0.228406 -1554.672296
11 -0.293821 -3724.426409
11 0.046443 -484.090210
11 0.004497 -1339.079950
11 0.019411 -18.997672
11 0.005673 -1106.885506
11 -0.049407 -321.526300
11 0.125094 -939.391121
11 -0.201796 -1605.120094
11 -0.118550 -890.453164
11 -0.152503 -1570.588440
11 0.222901 -604.227140
11 -0.145901 -1507.533950
11 -0.173550 -1580.365186
11 -0.174794 -1178.624269
11 0.106053 362.664604
11 0.075691 -21.772433
11 -0.135606 -1074.152843
11 -0.019905 -334.798450
11 0.061041 -114.024184
11 -0.070653 -1254.641509
11 -0.060229 -627.552460
11 -0.112446 -470.249910
11 -0.105879 -468.181699
11 -0.021867 -597.235276
11 -0.040255 -398.777476
11 0.043819 8.460381
11 -0.103154 -860.511455
11 -0.228918 -1379.738826
11 -0.355673 -3003.894558
11 -0.329070 -2955.906638
11 -0.137751 -1733.978830
11 -0.187327 -1870.798930
11 -0.066713 -556.700306
11 -0.038130 -1377.373512
11 -0.098577 -887.144112
11 -0.273995 -3532.780055
11 -0.114837 -968.779677
11 -0.107006 -644.848204
11 -0.082610 -603.727961
11 -0.004917 -39.322326
11 -0.203777 -1073.356606
11 0.063586 68.920273
11 -0.101537 -1540.107099
11 0.048680 119.355774
11 -0.002910 -131.223235
11 -0.269113 -1320.149386
11 0.017907 51.694163
11 0.039398 54.527183
11 -0.111150 -997.719624
11 -0.037403 -273.385463
11 -0.169716 -1083.217365
11 -0.018156 -393.594075
11 -0.039830 -508.110370
11 -0.228667 -1646.172837
11 -0.112291 -1024.916591
11 -0.019105 -192.129732
11 0.155308 -497.057131
11 -0.159053 -1180.630492
11 0.101034 -432.297647
11 -0.048092 -1413.353947
11 -0.078606 -1362.130043
11 -0.001993 -160.199302
11 -0.207179 -1085.943053
11 -0.009799 -393.879936
11 0.033332 -115.761325
11 0.083362 98.049775
11 0.104740 -1571.905654
11 -0.010347 -1176.306782
11 -0.129363 -1189.336389
11 -0.108421 -1128.800011
11 -0.309256 -1377.056317
11 0.127125 -509.322943
11 0.006482 23.229648
11 -0.056338 -281.114750
11 -0.233456 -1654.264646
11 -0.020835 -277.991289
11 -0.055214 -609.972122
11 0.013042 -129.258663
11 0.162628 -786.562605
11 -0.172430 -1237.978698
11 -0.067711 -1957.958360
11 -0.064735 -677.745908
11 -0.118209 -904.077086
11 0.061637 -1768.138455
11 -0.099241 -1869.393436
11 -0.231017 -878.518374
11 -0.011692 -874.455277
11 -0.055275 -403.938277
11 -0.161341 -1164.695730
11 -0.060706 -721.289039
11 -0.108239 -1024.987126
11 0.126566 -90.014591
11 -0.044424 -221.811086
11 0.220956 14.612023
11 0.073506 -689.744413
11 0.189592 -15.318730
11 0.170767 -27.129391
11 -0.245821 -981.399508
11 -0.140786 -587.706418
11 -0.383746 -4386.533342
11 -0.111680 -1068.355833
11 -0.125052 -1507.933170
11 -0.017002 -142.710121
11 0.062116 -110.161240
11 -0.318796 -2056.092725
11 0.021235 -26.781158
11 0.026469 -2659.637622
11 -0.098980 -816.273658
11 -0.106561 -1028.765757
11 -0.181795 -1790.219175
11 -0.192918 -1077.652324
11 -0.115867 -1061.022798
11 0.060020 60.615164
11 -0.087246 -1031.653503
11 -0.281005 -2541.010718
11 0.026811 -366.194094
11 -0.269275 -1535.157225
11 -0.150353 -1611.484537
11 -0.031793 -561.876216
11 -0.140270 -964.347097
11 -0.250291 -1833.860901
11 -0.119517 -1224.909191
11 -0.203691 -1141.570542
11 0.007478 -18.612192
11 -0.235203 -1699.018613
11 -0.074516 -364.408730
11 -0.049998 -597.127932
11 0.063388 -330.445165
11 0.156883 -925.847111
11 -0.173911 -1210.300834
11 -0.201684 -1418.567714
11 -0.046242 -272.016076
11 -0.013387 -172.490121
11 -0.022415 -540.357894
11 -0.013556 -2377.825174
11 -0.159089 -1309.294735
11 -0.060954 -695.688771
11 -0.045516 -756.755100
11 -0.039126 -1100.809808
11 0.099152 769.753860
11 -0.140223 -957.596723
11 0.239426 -1829.414804
11 -0.152503 -868.386430
11 -0.139569 -629.853831
11 -0.014095 -442.270530
11 -0.081509 -710.236726
11 -0.117058 -1858.728616
11 -0.004641 -417.932642
11 -0.013324 -415.334584
11 -0.259055 -2491.481320
11 -0.026047 -778.833891
11 -0.102966 -1679.661044
11 -0.069114 -547.096531
11 -0.004090 -48.632706
11 -0.026147 -342.189494
11 -0.014881 -232.522970
11 0.003641 -2420.087304
11 -0.076983 -881.898452
11 -0.058767 -589.853296
12 -0.191815 -0.191815
12 -0.116048 -0.116048
12 -0.123776 -0.123776
12 -0.074605 -0.074605
12 0.219612 0.219612
12 0.076188 0.076188
12 0.238174 0.238174
12 0.207660 0.207660
12 -0.064798 -0.064798
12 -0.060356 -0.060356
12 -0.067393 -0.067393
12 -0.244074 -0.244074
12 0.062050 0.062050
12 -0.163648 -0.163648
12 -0.016922 -0.016922
12 0.206389 0.206389
12 -0.064010 -0.064010
12 0.301224 0.301224
12 0.174079 0.174079
12 -0.179303 -0.179303
12 -0.084170 -0.084170
12 0.279462 0.279462
12 0.227862 0.227862
12 -0.095936 -0.095936
12 -0.132509 -0.132509
12 -0.114445 -0.114445
12 0.080458 0.080458
12 0.093488 0.093488
12 0.066257 0.066257
12 0.022429 0.022429
12 -0.055724 -0.055724
12 0.019776 0.019776
12 0.316368 0.316368
12 0.102242 0.102242
12 -0.125646 -0.125646
12 0.061133 0.061133
12 -0.108645 -0.108645
12 0.281802 0.281802
12 -0.024577 -0.024577
12 -0.073581 -0.073581
12 0.349865 0.349865
12 -0.369010 -0.369010
12 -0.134606 -0.134606
12 0.009349 0.009349
12 -0.145690 -0.145690
12 0.002131 0.002131
12 0.180345 0.180345
12 -0.107206 -0.107206
12 -0.216619 -0.216619
12 -0.236492 -0.236492
12 0.092181 0.092181
12 -0.094139 -0.094139
12 -0.205129 -0.205129
12 0.007298 0.007298
12 0.096527 0.096527
12 0.133087 0.133087
12 -0.023860 -0.023860
12 0.004498 0.004498
12 -0.225673 -0.225673
12 -0.019823 -0.019823
12 -0.314592 -0.314592
12 -0.098604 -0.098604
12 -0.264468 -0.264468
12 -0.028219 -0.028219
12 -0.025302 -0.025302
12 -0.048893 -0.048893
12 -0.030657 -0.030657
12 0.104419 0.104419
12 0.027146 0.027146
12 0.322368 0.322368
12 0.114359 0.114359
12 0.151318 0.151318
12 -0.174284 -0.174284
12 -0.026149 -0.026149
12 -0.035276 -0.035276
12 -0.084429 -0.084429
12 -0.013360 -0.013360
12 0.244165 0.244165
12 -0.164704 -0.164704
12 -0.110115 -0.110115
12 0.327669 0.327669
12 0.221520 0.221520
12 -0.135354 -0.135354
12 -0.290116 -0.290116
12 0.149393 0.149393
12 -0.136217 -0.136217
12 -0.101275 -0.101275
12 -0.026421 -0.026421
12 0.159204 0.159204
12 -0.024794 -0.024794
12 -0.239821 -0.239821
12 0.052638 0.052638
12 -0.223610 -0.223610
12 0.194713 0.194713
12 0.277354 0.277354
12 -0.009990 -0.009990
12 0.224500 0.224500
12 -0.009298 -0.009298
12 0.178870 0.178870
12 0.228109 0.228109
12 0.139948 0.139948
12 0.034315 0.034315
12 0.220760 0.220760
12 -0.238649 -0.238649
12 -0.029754 -0.029754
12 -0.014558 -0.014558
12 -0.102255 -0.102255
12 0.387988 0.387988
12 -0.211077 -0.211077
12 0.021229 0.021229
12 -0.133004 -0.133004
12 -0.099490 -0.099490
12 -0.058154 -0.058154
12 0.089739 0.089739
12 0.171254 0.171254
12 0.306171 0.306171
12 -0.153887 -0.153887
12 0.163393 0.163393
12 -0.166501 -0.166501
12 -0.044937 -0.044937
12 0.132186 0.132186
12 0.050357 0.050357
12 -0.156070 -0.156070
12 -0.040854 -0.040854
12 0.078080 0.078080
12 0.311900 0.311900
12 0.005205 0.005205
12 -0.070190 -0.070190
12 0.090414 0.090414
12 -0.164367 -0.164367
12 0.002926 0.002926
12 -0.089334 -0.089334
12 -0.047967 -0.047967
12 -0.150908 -0.150908
12 -0.139990 -0.139990
12 0.117074 0.117074
12 0.061934 0.061934
12 0.142900 0.142900
12 -0.003408 -0.003408
12 -0.141466 -0.141466
12 0.244015 0.244015
12 0.138430 0.138430
12 0.204348 0.204348
12 -0.014336 -0.014336
12 -0.133179 -0.133179
12 0.210572 0.210572
12 0.027930 0.027930
12 0.062695 0.062695
12 0.452869 0.452869
12 0.000713 0.000713
12 -0.046601 -0.046601
12 -0.072287 -0.072287
12 0.272437 0.272437
12 0.312034 0.312034
12 0.216278 0.216278
12 0.150677 0.150677
12 -0.015848 -0.015848
12 0.105292 0.105292
12 0.245420 0.245420
12 0.244814 0.244814
12 -0.141358 -0.141358
12 -0.112236 -0.112236
12 0.136771 0.136771
12 -0.045502 -0.045502
12 0.138196 0.138196
12 -0.155958 -0.155958
12 0.174235 0.174235
12 -0.114196 -0.114196
12 0.343818 0.343818
12 -0.112773 -0.112773
12 0.281635 0.281635
12 0.112021 0.112021
12 -0.216505 -0.216505
12 0.206103 0.206103
12 0.004638 0.004638
12 -0.010989 -0.010989
12 -0.026332 -0.026332
12 -0.145638 -0.145638
12 -0.167918 -0.167918
12 0.033474 0.033474
12 -0.364518 -0.364518
12 0.191726 0.191726
12 0.025381 0.025381
12 -0.021779 -0.021779
12 -0.269605 -0.269605
12 -0.166508 -0.166508
12 -0.267301 -0.267301
12 -0.139268 -0.139268
12 0.129914 0.129914
12 0.176660 0.176660
12 -0.024668 -0.024668
12 0.244151 0.244151
12 0.001312 0.001312
12 0.024681 0.024681
12 0.364493 0.364493
12 -0.145733 -0.145733
12 0.225987 0.225987
12 0.167874 0.167874
12 0.027405 0.027405
12 0.148073 0.148073
12 0.187795 0.187795
12 -0.011348 -0.011348
12 0.013721 0.013721
12 0.032916 0.032916
12 -0.008984 -0.008984
12 0.138146 0.138146
12 0.253282 0.253282
12 -0.076585 -0.076585
12 -0.000788 -0.000788
12 -0.050728 -0.050728
12 0.108285 0.108285
12 -0.145003 -0.145003
12 0.005622 0.005622
12 0.167479 0.167479
12 -0.288127 -0.288127
12 0.409758 0.409758
12 -0.013287 -0.013287
12 0.188244 0.188244
12 0.043305 0.043305
12 -0.224460 -0.224460
12 0.009083 0.009083
12 0.125498 0.125498
12 -0.193479 -0.193479
12 0.184632 0.184632
12 0.167944 0.167944
12 -0.120900 -0.120900
12 0.364470 0.364470
12 -0.207801 -0.207801
12 0.188175 0.188175
12 0.144030 0.144030
12 0.149883 0.149883
12 0.262684 0.262684
12 0.000656 0.000656
12 0.000574 0.000574
12 0.271190 0.271190
12 0.144241 0.144241
12 0.241407 0.241407
12 -0.228066 -0.228066
12 0.107249 0.107249
12 0.267063 0.267063
12 0.138000 0.138000
12 0.115068 0.115068
12 0.006435 0.006435
12 0.063967 0.063967
12 0.145269 0.145269
12 -0.063654 -0.063654
12 -0.118002 -0.118002
12 0.153689 0.153689
12 0.135285 0.135285
12 0.154436 0.154436
12 -0.028662 -0.028662
12 0.214282 0.214282
12 0.163050 0.163050
12 0.194627 0.194627
12 0.232690 0.232690
12 0.071456 0.071456
12 0.114714 0.114714
12 -0.099205 -0.099205
12 0.180581 0.180581
12 0.101000 0.101000
12 0.036062 0.036062
12 -0.086959 -0.086959
12 0.081506 0.081506
12 -0.213960 -0.213960
12 0.063739 0.063739
12 0.151592 0.151592
12 0.054085 0.054085
12 0.080864 0.080864
12 -0.236745 -0.236745
12 -0.061074 -0.061074
12 0.144156 0.144156
12 -0.115277 -0.115277
12 0.152861 0.152861
12 0.314634 0.314634
12 -0.057880 -0.057880
12 -0.020436 -0.020436
12 -0.091202 -0.091202
12 -0.073232 -0.073232
12 0.117597 0.117597
12 -0.091354 -0.091354
12 0.229361 0.229361
12 0.090391 0.090391
12 -0.236373 -0.236373
12 0.000000 0.000000
12 -0.011495 -0.011495
12 0.286086 0.286086
12 0.156864 0.156864
12 0.177326 0.177326
12 0.075046 0.075046
12 0.088258 0.088258
12 0.302794 0.302794
12 0.188005 0.188005
12 0.123619 0.123619
12 0.023621 0.023621
12 -0.296118 -0.296118
12 -0.003594 -0.003594
12 0.068563 0.068563
12 0.106816 0.106816
12 0.197220 0.197220
12 0.026440 0.026440
12 0.115940 0.115940
12 -0.022527 -0.022527
12 0.265483 0.265483
12 0.186744 0.186744
12 0.156549 0.156549
12 0.050297 0.050297
12 0.240406 0.240406
12 0.261158 0.261158
12 -0.103826 -0.103826
12 0.392549 0.392549
12 -0.233488 -0.233488
12 0.179963 0.179963
12 0.105712 0.105712
12 -0.171082 -0.171082
12 -0.001525 -0.001525
12 0.248968 0.248968
12 0.179613 0.179613
12 -0.419656 -0.419656
12 0.113008 0.113008
12 0.256730 0.256730
12 -0.050713 -0.050713
12 -0.261128 -0.261128
12 0.070652 0.070652
12 0.173017 0.173017
12 0.317046 0.317046
12 -0.059207 -0.059207
12 -0.029076 -0.029076
12 0.185065 0.185065
12 -0.004420 -0.004420
12 -0.018931 -0.018931
12 0.011884 0.011884
12 -0.129054 -0.129054
12 -0.143766 -0.143766
12 0.363185 0.363185
12 -0.039458 -0.039458
12 0.106105 0.106105
12 -0.245372 -0.245372
12 0.315143 0.315143
12 0.428214 0.428214
12 -0.166101 -0.166101
12 0.161901 0.161901
12 0.157370 0.157370
12 -0.194749 -0.194749
12 0.104630 0.104630
12 -0.055951 -0.055951
12 0.177059 0.177059
12 -0.070603 -0.070603
12 -0.096742 -0.096742
12 0.033489 0.033489
12 0.215823 0.215823
12 -0.227575 -0.227575
12 -0.069894 -0.069894
12 -0.028036 -0.028036
12 0.011763 0.011763
12 0.329269 0.329269
12 -0.169876 -0.169876
12 0.224230 0.224230
12 -0.132012 -0.132012
12 0.009108 0.009108
12 -0.009965 -0.009965
12 0.222703 0.222703
12 -0.078398 -0.078398
12 -0.084566 -0.084566
12 0.149579 0.149579
12 0.195601 0.195601
12 -0.096901 -0.096901
12 0.336367 0.336367
12 0.111256 0.111256
12 -0.105120 -0.105120
12 -0.163908 -0.163908
12 0.175300 0.175300
12 -0.148027 -0.148027
12 0.159583 0.159583
12 0.193602 0.193602
12 0.255387 0.255387
12 0.007338 0.007338
12 0.099010 0.099010
12 -0.031171 -0.031171
12 -0.027957 -0.027957
12 0.082572 0.082572
12 0.284087 0.284087
12 0.123441 0.123441
12 0.136545 0.136545
12 -0.209226 -0.209226
12 -0.085037 -0.085037
12 -0.214793 -0.214793
12 0.248428 0.248428
12 -0.105375 -0.105375
12 0.253994 0.253994
12 -0.139645 -0.139645
12 -0.220066 -0.220066
12 0.024866 0.024866
12 -0.063048 -0.063048
12 0.233417 0.233417
12 0.161088 0.161088
12 0.210683 0.210683
12 0.052955 0.052955
12 0.053999 0.053999
12 0.072084 0.072084
12 -0.137463 -0.137463
12 -0.217890 -0.217890
12 0.202361 0.202361
12 0.126829 0.126829
12 0.002891 0.002891
12 -0.028772 -0.028772
12 0.056645 0.056645
12 0.081570 0.081570
12 -0.103730 -0.103730
12 -0.122496 -0.122496
12 0.152481 0.152481
12 0.052108 0.052108
12 0.295852 0.295852
12 0.135094 0.135094
12 0.088915 0.088915
12 0.077040 0.077040
12 0.161579 0.161579
12 -0.106369 -0.106369
12 -0.026773 -0.026773
12 -0.046812 -0.046812
12 -0.373309 -0.373309
12 0.311525 0.311525
12 0.108349 0.108349
12 0.230842 0.230842
12 -0.022104 -0.022104
12 0.138996 0.138996
12 -0.008312 -0.008312
12 -0.099715 -0.099715
12 -0.122038 -0.122038
12 0.185367 0.185367
12 -0.255839 -0.255839
12 0.050429 0.050429
12 0.161982 0.161982
12 0.219710 0.219710
12 -0.097240 -0.097240
12 -0.106194 -0.106194
12 -0.188812 -0.188812
12 0.126781 0.126781
12 -0.026185 -0.026185
12 -0.115156 -0.115156
12 0.137484 0.137484
12 0.182126 0.182126
12 -0.163652 -0.163652
12 -0.271264 -0.271264
12 0.408595 0.408595
12 0.228075 0.228075
12 0.218689 0.218689
12 -0.053966 -0.053966
12 0.182499 0.182499
12 -0.017295 -0.017295
12 0.077114 0.077114
12 0.103059 0.103059
12 0.202663 0.202663
12 -0.030595 -0.030595
12 0.123618 0.123618
12 0.143732 0.143732
12 -0.064305 -0.064305
12 0.260993 0.260993
12 0.027343 0.027343
12 -0.005776 -0.005776
12 0.126790 0.126790
12 0.118264 0.118264
12 0.261978 0.261978
12 -0.077461 -0.077461
12 0.028338 0.028338
12 0.150071 0.150071
12 -0.132802 -0.132802
12 0.076763 0.076763
12 -0.037973 -0.037973
12 0.084359 0.084359
12 -0.187274 -0.187274
12 0.053718 0.053718
12 0.145799 0.145799
12 0.005146 0.005146
12 -0.049799 -0.049799
12 0.077533 0.077533
12 -0.317146 -0.317146
12 -0.336258 -0.336258
12 0.047538 0.047538
12 -0.101624 -0.101624
12 0.226065 0.226065
12 -0.143718 -0.143718
12 -0.259056 -0.259056
12 0.173065 0.173065
12 -0.233928 -0.233928
12 -0.244292 -0.244292
12 -0.082868 -0.082868
12 -0.135407 -0.135407
12 0.197013 0.197013
12 0.134112 0.134112
12 -0.090758 -0.090758
12 0.288559 0.288559
12 0.073077 0.073077
12 0.074299 0.074299
12 0.125565 0.125565
12 0.259476 0.259476
12 -0.112072 -0.112072
12 0.046475 0.046475
12 -0.027913 -0.027913
12 -0.147267 -0.147267
12 0.426831 0.426831
12 -0.177582 -0.177582
12 0.099402 0.099402
12 0.241943 0.241943
12 -0.027442 -0.027442
12 -0.194777 -0.194777
12 0.163073 0.163073
12 0.123809 0.123809
12 0.068121 0.068121
12 0.005918 0.005918
12 0.156472 0.156472
12 0.186172 0.186172
12 0.154693 0.154693
12 0.075106 0.075106
12 0.202118 0.202118
12 0.075491 0.075491
12 0.335093 0.335093
12 -0.008092 -0.008092
12 0.108093 0.108093
12 -0.125894 -0.125894
12 0.241300 0.241300
12 0.149097 0.149097
12 -0.364079 -0.364079
12 -0.033890 -0.033890
12 0.162772 0.162772
12 -0.118874 -0.118874
12 0.077512 0.077512
12 0.066089 0.066089
12 -0.050196 -0.050196
12 -0.266512 -0.266512
12 0.017161 0.017161
12 -0.013900 -0.013900
12 0.191642 0.191642
12 -0.157108 -0.157108
12 0.178327 0.178327
12 -0.175419 -0.175419
12 -0.051357 -0.051357
12 -0.039909 -0.039909
12 0.225539 0.225539
12 -0.034186 -0.034186
12 0.059692 0.059692
12 -0.030314 -0.030314
12 0.241075 0.241075
12 -0.163373 -0.163373
12 -0.024131 -0.024131
12 -0.082690 -0.082690
12 -0.038709 -0.038709
12 -0.040635 -0.040635
12 0.029340 0.029340
12 -0.142362 -0.142362
12 -0.128442 -0.128442
12 -0.021398 -0.021398
12 -0.248805 -0.248805
12 0.215063 0.215063
12 -0.022537 -0.022537
12 0.097960 0.097960
12 -0.035479 -0.035479
12 -0.062156 -0.062156
12 -0.532247 -0.532247
12 -0.018352 -0.018352
12 -0.173008 -0.173008
12 -0.013397 -0.013397
12 0.107682 0.107682
12 -0.024593 -0.024593
12 0.030588 0.030588
12 0.068779 0.068779
12 -0.231549 -0.231549
12 -0.014092 -0.014092
12 -0.014619 -0.014619
12 0.114026 0.114026
12 -0.002701 -0.002701
12 0.070073 0.070073
12 0.242957 0.242957
12 0.187617 0.187617
12 0.109187 0.109187
12 -0.014153 -0.014153
12 0.119432 0.119432
12 -0.186566 -0.186566
12 0.153548 0.153548
12 -0.002896 -0.002896
12 0.189540 0.189540
12 -0.233489 -0.233489
12 -0.115730 -0.115730
12 0.077919 0.077919
12 0.000000 0.000000
12 0.052425 0.052425
12 0.068416 0.068416
12 -0.015573 -0.015573
12 0.143819 0.143819
12 0.241804 0.241804
12 0.095979 0.095979
12 -0.049913 -0.049913
12 0.184984 0.184984
12 -0.103420 -0.103420
12 0.101780 0.101780
12 0.096044 0.096044
12 0.208600 0.208600
12 -0.141478 -0.141478
12 0.158221 0.158221
12 0.180225 0.180225
12 0.181353 0.181353
12 0.243379 0.243379
12 -0.140769 -0.140769
12 -0.228702 -0.228702
12 0.257998 0.257998
12 0.245239 0.245239
12 0.215961 0.215961
12 -0.120128 -0.120128
12 0.016072 0.016072
12 0.276574 0.276574
12 0.087412 0.087412
12 0.214737 0.214737
12 0.006083 0.006083
12 -0.254282 -0.254282
12 0.260080 0.260080
12 0.196118 0.196118
12 -0.044935 -0.044935
12 0.132326 0.132326
12 0.109182 0.109182
12 0.245695 0.245695
12 0.083243 0.083243
12 -0.268132 -0.268132
12 -0.101659 -0.101659
12 -0.127783 -0.127783
12 0.313688 0.313688
12 -0.052551 -0.052551
12 -0.055374 -0.055374
12 0.262923 0.262923
12 0.057246 0.057246
12 0.057088 0.057088
12 0.155243 0.155243
12 -0.094297 -0.094297
12 -0.121954 -0.121954
12 -0.173993 -0.173993
12 0.147580 0.147580
12 0.277224 0.277224
12 0.043693 0.043693
12 0.284635 0.284635
12 -0.154758 -0.154758
12 0.266105 0.266105
12 -0.138944 -0.138944
12 -0.242329 -0.242329
12 0.074147 0.074147
12 -0.167660 -0.167660
12 0.089214 0.089214
12 -0.166239 -0.166239
12 -0.020307 -0.020307
12 -0.066960 -0.066960
12 -0.096212 -0.096212
12 0.233904 0.233904
12 0.002572 0.002572
12 0.069453 0.069453
12 0.355697 0.355697
12 0.078485 0.078485
12 -0.089924 -0.089924
12 -0.004282 -0.004282
12 -0.206452 -0.206452
12 0.278174 0.278174
12 0.104217 -1289.168120
12 -0.053155 -679.915874
12 -0.220308 -1932.510830
12 0.035180 -1250.383888
12 0.219260 -6.766453
12 -0.111043 -1440.005788
12 -0.117622 -946.250756
12 0.122145 -1492.049145
12 0.007483 -2272.045492
12 0.017222 -188.639919
12 -0.033303 -600.470426
12 -0.045792 -500.241281
12 -0.268243 -1843.840697
12 -0.246441 -1324.793623
12 0.054116 -106.200673
12 -0.008240 -938.805419
12 -0.161520 -2726.893526
12 0.008444 -0.295567
12 -0.028922 -436.671732
12 0.017684 -3144.439147
12 0.032082 -166.098626
12 0.139924 -1214.073494
12 -0.166864 -1904.385330
12 -0.085068 -914.521179
12 -0.027616 -1518.142084
12 -0.159207 -3963.041122
12 -0.200391 -1076.127813
12 -0.043489 -476.191373
12 0.026039 -1544.333621
12 -0.037776 -1630.611441
12 -0.167243 -890.463766
12 -0.030154 -364.872706
12 -0.437136 -3357.724471
12 0.032392 -651.735269
12 0.362206 -595.141610
12 -0.080754 -1223.842785
12 -0.009390 -151.985787
12 -0.100631 -630.249326
12 -0.065962 -732.143562
12 -0.107159 -782.541563
12 -0.152676 -606.308249
12 -0.144797 -1206.830895
12 -0.109930 -667.609641
12 -0.180526 -831.558068
12 -0.089708 -1202.590708
12 0.167735 -578.373153
12 0.002892 -1292.801123
12 -0.089116 -899.481942
12 -0.147851 -1251.548023
12 0.124181 -351.713336
12 -0.250629 -1257.799830
12 -0.058915 -280.669157
12 0.013334 -112.928266
12 0.036869 -83.123487
12 -0.037713 -338.784523
12 -0.004242 -768.795889
12 0.012761 -473.710668
12 -0.189467 -1033.098243
12 -0.203544 -1153.369253
12 -0.032173 -294.151618
12 -0.303323 -2170.673446
12 -0.133774 -1365.493055
12 -0.154554 -1015.059016
12 -0.122344 -812.788162
12 -0.032646 -335.506940
12 0.003317 -797.692686
12 -0.054076 -370.052343
12 0.021725 -74.988531
12 -0.015786 -134.555429
12 -0.064211 -1123.912349
12 0.021346 -66.281591
12 0.330637 1869.690917
12 -0.002326 -40.293520
12 0.042942 47.190771
12 0.003411 -126.283746
12 -0.155001 -1705.773267
12 -0.143907 -1256.331335
12 0.179603 1051.392695
12 -0.288071 -2042.853207
12 -0.376150 -1600.444786
12 0.031741 -59.697387
12 -0.083634 -1000.235306
12 0.038058 -273.296497
12 -0.094689 -693.692368
12 -0.033380 -460.735920
12 -0.077811 -608.354522
12 0.003890 -61.792896
12 -0.185633 -1611.144573
12 -0.111621 -1140.203684
12 0.128962 -679.565569
12 -0.278128 -1048.972679
12 0.000490 -475.581574
12 -0.165223 -1456.074828
12 -0.109466 -667.562389
12 -0.028913 -542.806988
12 -0.018339 -187.793098
12 -0.072926 -1106.865997
12 -0.062838 -527.256137
12 -0.057802 -1002.549809
12 -0.171305 -2764.149546
12 0.201628 -536.094607
12 -0.024673 -727.147773
12 -0.185744 -2023.292559
12 -0.011289 -955.794528
12 -0.058451 -605.978658
12 -0.136901 -1908.120599
12 -0.176374 -1067.074053
12 0.157258 -872.995510
12 -0.284744 -3692.439827
12 0.031577 -1231.683185
12 0.035293 -548.386074
12 -0.152128 -701.203675
12 -0.154965 -1639.207262
12 0.088814 -269.730758
12 -0.054891 -263.827771
12 -0.205538 -1751.911480
12 -0.077720 -995.649202
12 0.108005 -270.416364
12 -0.140151 -724.896922
12 -0.314525 -1886.070753
12 0.106112 -650.279211
12 0.005578 -1074.021308
12 -0.090746 -917.669653
12 0.008596 -292.319402
12 -0.238998 -2553.279528
12 -0.206432 -3145.132123
12 0.018789 -845.144902
12 -0.134662 -853.946849
12 0.076816 -969.483794
12 -0.213025 -2166.871051
12 -0.117106 -1474.948010
12 0.035548 -738.363140
12 0.142846 -226.860463
12 -0.013611 -340.181946
12 -0.016050 -135.224456
12 -0.171375 -1463.140154
12 0.041489 -29.129154
12 -0.084501 -533.630191
12 -0.087978 -755.310358
12 -0.030180 -1403.536220
12 -0.138375 -1040.221988
12 0.081910 7.712418
12 -0.110988 -657.733073
12 -0.120713 -1944.039349
12 -0.096284 -455.573632
12 -0.317816 -2808.453030
12 -0.089566 -594.717839
12 -0.059672 -333.918859
12 -0.096692 -727.798033
12 -0.140463 -1994.349004
12 -0.107389 -1269.177492
12 0.030773 -1256.940799
12 -0.217538 -1049.437408
12 -0.091231 -1557.929280
12 -0.045351 -968.666032
12 -0.160095 -4551.111267
12 -0.039966 -477.981175
12 -0.069419 -737.811617
12 0.061348 326.253808
12 0.045998 -638.751592
12 -0.046233 -1159.541907
12 0.002477 -1819.619936
12 -0.176050 -1241.303749
12 0.004053 -1253.573800
12 -0.095748 -1282.280861
12 -0.167348 -1648.596957
12 -0.025186 -317.775878
12 -0.011382 -740.034123
12 0.060567 -491.286808
12 -0.076814 -575.313387
12 -0.080553 -837.133851
12 -0.207030 -1941.213362
12 -0.136678 -754.425944
12 -0.103701 -669.377929
12 0.023028 -53.993239
12 -0.320324 -2271.267828
12 -0.162845 -1154.889744
12 -0.183237 -1049.631316
12 -0.235921 -1434.740622
12 -0.253938 -1582.296333
12 -0.098403 -627.642650
12 -0.006511 -95.621897
12 -0.088292 -930.876341
12 -0.029008 -183.375119
12 -0.070624 -348.213208
12 -0.042889 -413.411191
12 -0.042851 -1020.569863
12 0.087177 -198.926057
12 -0.056106 -706.880884
12 0.014615 -445.391837
12 -0.004859 -993.809817
12 -0.209355 -1665.602055
12 0.090191 -1036.607713
12 -0.026890 -206.478534
12 -0.076210 -2887.726652
12 0.338547 -690.146765
12 -0.167335 -1466.763645
12 -0.017544 -1625.704820
12 -0.117738 -654.880154
12 -0.028071 -480.213067
12 -0.075309 -331.676923
12 -0.302256 -3945.627403
12 -0.225399 -1597.716308
12 -0.256477 -4188.056631
12 -0.038384 -488.534014
12 -0.136222 -919.486560
12 -0.190633 -1265.481857
12 0.079568 -361.038620
12 -0.027544 -456.599017
12 -0.026301 -871.460132
12 -0.234427 -1515.371313
12 0.010853 -1825.586197
12 -0.096648 -824.364993
12 -0.137624 -630.196889
12 0.301903 -19.019625
12 -0.186470 -1894.542435
12 0.090615 15.411762
12 -0.152254 -697.607749
12 -0.289152 -1718.679356
12 -0.084066 -728.202150
12 -0.054995 -817.555789
12 -0.068027 -976.489234
12 -0.055749 -240.021349
12 -0.251667 -1841.917821
12 0.224145 203.835735
12 -0.172214 -1242.449115
12 -0.209302 -1333.725581
12 -0.246945 -2266.977855
12 -0.162226 -710.712655
12 -0.041192 -1317.977958
12 -0.046222 -245.578087
12 -0.143098 -602.164324
12 0.168059 -474.299945
12 0.071206 -75.515886
12 0.050115 -597.690417
12 -0.083542 -784.374299
12 -0.056846 -1136.728032
12 -0.328321 -2260.882872
12 -0.204762 -2338.527694
12 -0.037868 -296.834830
12 -0.009910 -443.105590
12 -0.159933 -999.492304
12 -0.062474 -719.042310
12 0.006957 -123.459071
12 -0.145964 -952.353838
12 -0.081190 -3812.271948
12 -0.016438 -705.125414
12 -0.055235 -569.979563
12 -0.344547 -2822.704901
12 -0.143212 -1475.449327
12 0.196492 -1928.115004
12 -0.018749 -128.096058
12 -0.066157 -499.465434
12 -0.133641 -845.242775
12 -0.029734 -1773.333233
12 0.194496 -601.994646
12 0.002232 -632.944504
12 -0.069494 -606.804842
12 0.052346 -297.480434
12 -0.008414 -749.984203
12 -0.013265 -279.615172
12 -0.081339 -619.571630
12 -0.197917 -1523.438714
12 -0.230647 -1290.717397
12 -0.071116 -456.574931
12 -0.202880 -1305.842655
12 -0.042520 -1946.695230
12 -0.169338 -1113.318039
12 -0.053314 -3747.853824
12 0.339954 278.526637
12 -0.010662 -851.130775
12 -0.047962 -310.183000
12 0.077507 -771.177683
12 -0.183853 -1152.075941
12 0.273244 54.208974
12 -0.059402 -563.626029
12 -0.208487 -2883.205688
12 -0.202529 -2811.973603
12 -0.221161 -3957.526375
12 0.020998 -2520.119640
12 -0.007377 -166.173191
12 -0.066964 -470.499839
12 -0.145965 -975.499992
12 -0.081316 -796.311006
12 -0.082843 -809.087444
12 0.003031 -1126.580406
12 -0.030107 -605.052888
12 -0.109775 -965.146135
12 -0.061488 -389.783934
12 -0.020591 -171.259620
12 0.110816 -1051.169983
12 0.028949 -56.339365
12 -0.059328 -386.724418
12 0.000665 -217.111411
12 -0.016971 -537.524690
12 -0.175695 -826.209811
12 -0.021759 -424.803349
12 0.127791 -394.603674
12 0.022112 -28.127808
12 -0.031888 -1558.853296
12 -0.090302 -423.187780
12 -0.146106 -884.369875
12 -0.007350 -919.304528
12 -0.218115 -985.645695
12 0.058720 -445.588331
12 -0.223795 -1757.076986
12 -0.191992 -1821.649528
12 -0.118748 -585.409744
12 -0.068062 -439.376304
12 -0.092876 -620.503214
12 -0.049867 -1387.850866
12 -0.107765 -1360.060327
12 -0.045265 -380.709148
12 -0.082877 -985.822916
12 -0.220383 -2489.649733
12 -0.203169 -1154.964267
12 -0.094753 -844.647105
12 0.050942 -20.852355
12 -0.116334 -1731.433120
12 0.012331 37.395647
12 0.112515 940.548950
12 -0.177052 -720.494135
12 -0.131826 -2090.600249
12 -0.032699 -522.092301
12 -0.272355 -1569.654876
12 0.055171 -20.539197
12 -0.002172 -660.997949
12 -0.014837 -97.395415
12 -0.078385 -442.037399
12 0.025259 -376.545443
12 -0.170326 -1159.362828
12 -0.017599 -414.422258
12 -0.079260 -1438.118649
12 0.113462 -170.035858
12 -0.044754 -366.475643
12 -0.095303 -1041.217327
12 0.098797 -1142.099614
12 -0.185355 -2045.787734
12 0.041526 -21.034910
12 -0.111139 -1347.580333
12 0.110580 -999.202643
12 -0.305460 -1857.475572
12 -0.177795 -1282.290498
12 -0.224140 -1838.201944
12 0.057805 -2221.347890
12 -0.290798 -3115.101359
12 0.079610 -5.581356
12 -0.220582 -1155.763362
12 -0.195964 -2479.482060
12 -0.341308 -1964.347649
12 -0.034924 -377.086937
12 -0.068145 -1212.359871
12 0.092770 -777.260867
12 -0.200517 -1448.582556
12 0.042473 -330.845123
12 -0.005664 -77.430284
12 0.044729 -336.914471
12 -0.059859 -3043.949035
12 0.049625 -734.644051
12 -0.025867 -448.655316
12 -0.041026 -166.590393
12 -0.370371 -3243.348782
12 -0.035543 -208.092467
12 -0.052532 -238.833333
12 -0.122100 -1531.662780
12 -0.110031 -1544.663430
12 -0.070907 -618.067467
12 -0.098714 -512.442412
12 0.004756 -1261.931579
12 0.065307 -417.067999
12 0.095436 -277.684416
12 0.287942 -522.467235
12 -0.108448 -724.508310
12 0.333063 -1579.136572
12 -0.046352 -785.034822
12 -0.062589 -604.042518
12 -0.030634 -308.774438
12 -0.036469 -430.959530
12 -0.095980 -789.390608
12 -0.127112 -1238.081664
12 0.132725 -155.899155
12 0.125498 -323.159274
12 -0.093428 -666.199930
12 -0.030554 -190.355744
12 0.124005 -156.244468
12 -0.059933 -863.057744
12 -0.022015 -154.382601
12 -0.080427 -908.919900
12 -0.121632 -1687.135314
12 -0.016814 -231.678280
12 -0.223644 -1724.743155
12 -0.029492 -515.401338
12 -0.130167 -969.569431
12 -0.019823 -939.689233
12 -0.127704 -1115.429211
12 -0.095453 -421.462888
12 -0.207247 -1599.191791
12 -0.051524 -578.585079
12 -0.079986 -475.561291
12 -0.059224 -423.579870
12 -0.032067 -675.564697
12 0.020268 -198.695997
12 0.039176 -301.597932
12 0.028547 -5.131240
12 -0.174672 -1911.076662
12 -0.014793 -1089.233288
12 0.048008 -135.580171
12 -0.038657 -692.893194
12 -0.211944 -1895.357034
12 -0.256232 -1969.842325
12 0.332174 -478.835412
12 -0.199423 -1651.369094
12 -0.026571 -1355.614524
12 -0.092343 -638.673340
12 0.079485 -187.528169
12 -0.065464 -1040.528432
12 -0.124177 -1310.772391
12 -0.144854 -1137.377491
12 -0.271093 -1912.202922
12 -0.088088 -411.952836
12 -0.282878 -1194.554022
12 -0.057160 -506.354505
12 -0.000294 -773.853387
12 -0.141050 -924.575387
12 -0.116113 -892.463797
12 -0.123825 -691.283314
12 -0.040231 -297.798686
12 -0.051523 -1116.528841
12 -0.195335 -1292.003876
12 -0.143611 -854.328145
12 -0.029313 -1857.364235
12 -0.162344 -1720.612491
12 -0.128956 -1228.963556
12 -0.219059 -2634.152938
12 -0.111651 -631.274809
12 -0.308884 -1372.301918
12 -0.050370 -328.033677
12 -0.076251 -1521.294611
12 0.019479 8.167527
12 -0.001669 -954.313819
12 -0.115339 -871.393018
12 -0.058420 -459.067264
12 -0.061328 -470.675238
12 -0.082751 -553.975572
12 -0.009444 -106.415592
12 -0.308562 -2140.717833
12 -0.306248 -2153.855783
12 -0.139087 -892.758524
12 -0.090600 -478.610451
12 -0.028640 -223.613742
12 0.013099 -452.283585
12 -0.119703 -875.265139
12 -0.093768 -576.173816
12 0.079371 -715.284524
12 -0.198985 -2070.882012
12 0.051512 625.412640
12 0.126004 -887.283266
12 -0.017955 -181.739805
12 -0.224568 -1594.253397
12 0.018023 -733.140565
12 -0.032956 -246.001874
12 0.107616 -637.171631
12 -0.192126 -2100.048672
12 -0.127611 -848.307751
12 -0.072699 -718.665828
12 -0.324320 -2511.551877
12 -0.067824 -508.784354
12 -0.193081 -1101.113053
12 -0.195590 -1342.817878
12 0.021555 -138.010040
12 -0.035850 -175.622209
12 -0.003217 -231.530069
12 -0.075494 -680.394524
