2 0.485309 0.485309
2 0.283789 0.283789
2 0.619393 0.619393
2 0.816319 0.816319
2 0.805514 0.805514
2 0.000000 0.000000
2 0.582357 0.582357
2 0.227626 0.227626
2 0.741979 0.741979
2 0.514974 0.514974
2 0.250863 0.250863
2 0.113604 0.113604
2 0.397135 0.397135
2 0.303097 0.303097
2 0.402186 0.402186
2 0.604007 0.604007
2 0.254232 0.254232
2 0.637447 0.637447
2 0.447484 0.447484
2 0.730466 0.730466
2 0.756981 0.756981
2 0.711111 0.711111
2 0.376685 0.376685
2 0.434508 0.434508
2 0.328541 0.328541
2 0.856272 0.856272
2 0.268828 0.268828
2 0.334347 0.334347
2 -0.040681 -0.040681
2 0.215169 0.215169
2 0.655914 0.655914
2 0.260385 0.260385
2 -0.003318 -0.003318
2 -0.013456 -0.013456
2 0.390746 0.390746
2 0.000000 0.000000
2 0.253581 0.253581
2 0.404297 0.404297
2 0.253631 0.253631
2 0.219144 0.219144
2 0.066625 0.066625
2 -0.018236 -0.018236
2 0.013333 0.013333
2 0.266830 0.266830
2 0.239147 0.239147
2 0.217486 0.217486
2 0.255961 0.255961
2 0.722802 0.722802
2 0.216797 0.216797
2 0.278622 0.278622
2 0.326087 0.326087
2 0.506185 0.506185
2 0.314827 0.314827
2 0.200364 0.200364
2 0.484971 0.484971
2 0.221547 0.221547
2 0.003869 0.003869
2 0.310309 0.310309
2 -0.165451 -0.165451
2 0.079703 0.079703
2 0.475586 0.475586
2 -0.005597 -0.005597
2 0.819814 0.819814
2 0.336606 0.336606
2 0.077294 0.077294
2 0.356771 0.356771
2 0.763593 0.763593
2 0.846410 0.846410
2 0.243716 0.243716
2 0.451199 0.451199
2 0.707869 0.707869
2 0.575846 0.575846
2 0.173737 0.173737
2 0.781915 0.781915
2 0.249649 0.249649
2 0.356636 0.356636
2 0.171444 0.171444
2 0.105817 71.023164
2 0.134973 306.038671
2 0.002728 -52.636757
2 0.105376 54.885391
2 0.122210 182.452684
2 0.003584 16.858996
2 0.102186 19.143490
2 0.116658 167.010463
2 0.140451 280.318185
2 0.007937 9.002044
2 0.121129 1089.849739
2 0.085825 1303.938133
2 0.114608 822.377012
2 0.069763 474.273284
2 0.114807 126.300226
2 0.114807 156.019077
2 0.120833 223.945599
2 0.114807 176.411017
2 0.120197 1686.348551
2 0.001586 -4.440346
2 0.123554 494.495145
2 0.122817 479.045297
2 0.120765 179.949162
2 0.104372 20.415224
2 0.104231 19.756398
2 0.126970 265.489339
2 0.103279 39.499810
2 0.000000 -8.290699
2 0.105288 25.105791
2 0.105120 24.217167
2 0.102560 12.077758
2 0.009016 39.089554
2 0.107440 60.455175
2 0.106557 34.726744
2 0.106144 50.544961
2 0.102115 11.838946
2 0.006944 103.436967
2 0.103173 39.223993
2 0.112897 44.465735
2 0.102976 25.582094
2 0.115610 1497.326796
2 0.106144 138.831259
2 0.106741 1097.140929
2 0.000000 -16.525236
2 0.110576 88.381595
2 0.106144 64.286058
2 0.111475 148.426785
2 0.000000 -45.702098
3 0.386037 0.386037
3 0.125482 0.125482
3 0.391742 0.391742
3 -0.001992 -0.001992
3 0.109340 0.109340
3 0.000000 0.000000
3 0.361432 0.361432
3 0.038693 0.038693
3 0.075119 0.075119
3 0.054852 0.054852
3 0.225248 0.225248
3 0.090325 0.090325
3 0.219457 0.219457
3 0.263932 0.263932
3 0.349551 0.349551
3 0.807083 0.807083
3 0.248617 0.248617
3 0.383486 0.383486
3 0.245337 0.245337
3 0.010313 0.010313
3 0.007733 0.007733
3 0.009477 0.009477
3 0.183935 0.183935
3 0.167402 0.167402
3 0.372097 0.372097
3 0.125591 0.125591
3 0.118497 0.118497
3 -0.004400 -0.004400
3 0.086251 0.086251
3 0.168654 0.168654
3 0.092802 0.092802
3 -0.653217 -0.653217
3 0.654917 0.654917
3 0.517839 0.517839
3 0.394994 0.394994
3 0.079620 0.079620
3 0.676482 0.676482
3 0.089934 0.089934
3 0.134668 0.134668
3 0.064231 0.064231
3 0.215364 0.215364
3 0.259916 0.259916
3 0.051438 0.051438
3 0.383060 0.383060
3 0.058800 0.058800
3 -0.029006 -0.029006
3 0.389115 0.389115
3 -0.008730 -0.008730
3 0.382544 0.382544
3 0.160931 0.160931
3 0.130674 0.130674
3 0.115968 0.115968
3 0.179031 0.179031
3 0.315038 0.315038
3 0.089744 0.089744
3 -0.002744 -0.002744
3 0.245610 0.245610
3 0.126168 0.126168
3 0.200281 0.200281
3 0.368954 0.368954
3 0.416231 0.416231
3 0.519924 0.519924
3 -0.018304 -0.018304
3 0.224691 0.224691
3 0.358268 0.358268
3 0.315801 0.315801
3 0.057560 0.057560
3 -0.054243 -0.054243
3 0.284150 0.284150
3 0.072553 0.072553
3 0.175036 0.175036
3 0.089522 0.089522
3 0.124605 0.124605
3 0.876871 0.876871
3 0.178111 0.178111
3 0.034085 0.034085
3 0.090310 0.090310
3 0.421294 0.421294
3 0.106196 0.106196
3 0.109350 0.109350
3 -0.000693 -0.000693
3 0.127598 0.127598
3 0.187099 0.187099
3 0.212254 0.212254
3 0.192369 0.192369
3 0.054575 0.054575
3 0.493976 0.493976
3 0.138128 0.138128
3 0.280184 0.280184
3 -0.019225 -0.019225
3 0.579018 0.579018
3 0.590474 0.590474
3 0.113029 0.113029
3 0.108686 0.108686
3 0.375456 0.375456
3 0.459633 0.459633
3 0.626520 0.626520
3 0.095304 0.095304
3 0.730416 0.730416
3 -0.014401 -0.014401
3 0.095214 0.095214
3 0.238208 0.238208
3 0.282278 0.282278
3 -0.001094 -0.001094
3 0.169930 0.169930
3 0.095568 0.095568
3 0.468788 0.468788
3 0.666526 0.666526
3 0.082369 0.082369
3 -0.003012 -0.003012
3 0.012077 0.012077
3 0.591990 0.591990
3 0.379809 0.379809
3 -0.001316 -0.001316
3 0.055199 0.055199
3 -0.112983 -0.112983
3 0.251289 0.251289
3 0.185103 0.185103
3 0.741212 0.741212
3 0.314511 0.314511
3 0.428505 0.428505
3 0.031905 0.031905
3 0.647849 0.647849
3 0.175493 0.175493
3 0.211903 0.211903
3 0.136705 0.136705
3 0.254200 0.254200
3 0.344789 0.344789
3 0.580794 0.580794
3 0.148041 0.148041
3 0.174834 0.174834
3 0.039852 0.039852
3 0.196254 0.196254
3 0.309056 0.309056
3 0.084748 0.084748
3 0.226028 0.226028
3 -0.077528 -0.077528
3 0.154401 0.154401
3 -0.024174 -0.024174
3 0.606211 0.606211
3 0.049468 0.049468
3 0.221266 0.221266
3 0.066724 0.066724
3 0.253223 0.253223
3 0.000867 2.182184
3 0.017263 149.517300
3 -0.000639 -12.596132
3 0.052015 80.939486
3 0.047541 554.475968
3 0.001576 8.547909
3 0.018403 160.359814
3 0.000854 5.580016
3 0.001490 -5.232340
3 0.012826 94.176704
3 0.006647 79.366694
3 0.069545 1116.096792
3 0.199090 894.098587
3 0.005680 46.396723
3 0.101967 16.587025
3 0.027858 116.176281
3 0.100958 8.173831
3 0.105586 62.668997
3 0.001141 -6.987093
3 0.100428 5.268429
3 -0.000313 -35.886304
3 0.017914 66.279784
3 -0.003326 -33.627241
3 0.000522 5.818338
3 0.002506 16.026701
3 0.001392 0.172702
3 0.060871 665.870200
3 0.101486 8.332704
3 0.101281 7.253738
3 0.002448 17.957589
3 -0.026101 -350.123019
3 -0.000038 -10.224272
3 0.102106 31.671459
3 -0.002731 -34.939177
3 0.101537 12.555328
3 0.100481 1.576592
3 0.026327 228.872067
3 0.101690 14.105856
3 0.000000 -1.228111
3 0.034980 287.587508
3 0.007900 46.616397
3 0.011691 128.207446
3 -0.236897 -6023.939152
3 0.100239 1.002864
3 0.103671 29.725282
3 0.001732 21.026984
3 0.104454 22.580170
3 0.032901 493.143072
3 0.001836 8.950442
3 0.100918 4.221518
3 0.100419 1.227962
3 0.102564 60.239860
3 0.046253 286.985902
3 0.011556 52.769838
3 0.104480 45.264911
3 -0.006505 -61.171932
3 0.000458 6.495373
3 -0.000738 -13.970763
3 0.013940 202.544522
3 0.002265 -9.912002
3 0.100437 2.258585
3 0.075776 879.765506
3 0.100982 7.638985
3 0.004455 -132.729544
3 0.016803 251.910705
3 0.012268 -296.134260
3 0.010812 21.076048
3 0.017132 97.821463
3 0.029550 225.424131
3 0.012893 46.438891
3 0.020880 -342.140645
3 0.007711 75.854281
3 0.001417 15.040077
3 0.000118 35.040146
3 0.007296 59.378424
3 0.000292 -2.908235
3 0.274890 1891.126166
3 0.022566 244.018923
3 0.100626 4.385548
3 -0.001929 -27.886207
3 -0.005038 -71.732008
3 0.000000 -0.485429
3 0.014168 77.741307
3 0.010548 57.152650
3 0.100692 5.813554
3 0.001278 -16.197661
3 -0.000429 -15.063918
3 0.161146 477.749618
3 0.005795 60.748955
3 0.103743 22.766018
3 0.155747 281.999468
3 0.101136 8.139791
3 0.100204 1.004467
3 0.078981 926.692857
3 -0.000728 -7.079986
3 -0.006935 -66.067067
3 0.096583 874.612064
3 0.054897 687.030609
4 0.147085 0.147085
4 0.140360 0.140360
4 0.022655 0.022655
4 0.019983 0.019983
4 0.426531 0.426531
4 0.050535 0.050535
4 0.393001 0.393001
4 -0.068090 -0.068090
4 0.514862 0.514862
4 0.515417 0.515417
4 0.399178 0.399178
4 0.027688 0.027688
4 0.434702 0.434702
4 0.326812 0.326812
4 -0.055879 -0.055879
4 -0.005522 -0.005522
4 0.181443 0.181443
4 0.371559 0.371559
4 0.476141 0.476141
4 0.262025 0.262025
4 0.225097 0.225097
4 0.383028 0.383028
4 0.016169 0.016169
4 0.081131 0.081131
4 0.507151 0.507151
4 0.004189 0.004189
4 0.027440 0.027440
4 -0.050737 -0.050737
4 0.681323 0.681323
4 0.392512 0.392512
4 0.219201 0.219201
4 -0.016126 -0.016126
4 0.154069 0.154069
4 0.033893 0.033893
4 0.500037 0.500037
4 0.019195 0.019195
4 0.047885 0.047885
4 -0.008754 -0.008754
4 0.313959 0.313959
4 0.409688 0.409688
4 0.688357 0.688357
4 0.106264 0.106264
4 0.203929 0.203929
4 0.002294 0.002294
4 0.339191 0.339191
4 0.068423 0.068423
4 0.339908 0.339908
4 0.466645 0.466645
4 0.449411 0.449411
4 0.130631 0.130631
4 0.569495 0.569495
4 0.106633 0.106633
4 0.197884 0.197884
4 0.407254 0.407254
4 0.276060 0.276060
4 0.054855 0.054855
4 -0.006171 -0.006171
4 0.078450 0.078450
4 0.101136 0.101136
4 0.210306 0.210306
4 0.029015 0.029015
4 0.245578 0.245578
4 0.044903 0.044903
4 0.055356 0.055356
4 0.116771 0.116771
4 0.379995 0.379995
4 0.014099 0.014099
4 0.296744 0.296744
4 0.378760 0.378760
4 0.201581 0.201581
4 0.010066 0.010066
4 0.085636 0.085636
4 -0.039561 -0.039561
4 -0.009813 -0.009813
4 0.273892 0.273892
4 0.180883 0.180883
4 0.131071 0.131071
4 -0.005998 -0.005998
4 0.048257 0.048257
4 -0.009330 -0.009330
4 -0.261901 -0.261901
4 0.297378 0.297378
4 0.138769 0.138769
4 0.027544 0.027544
4 0.282909 0.282909
4 0.022697 0.022697
4 0.048466 0.048466
4 0.340171 0.340171
4 0.120662 0.120662
4 0.284787 0.284787
4 -0.016148 -0.016148
4 0.237319 0.237319
4 0.144787 0.144787
4 0.014474 0.014474
4 0.057988 0.057988
4 0.079690 0.079690
4 0.167376 0.167376
4 0.667199 0.667199
4 0.034534 0.034534
4 0.213058 0.213058
4 -0.040107 -0.040107
4 0.257286 0.257286
4 0.028618 0.028618
4 0.063291 0.063291
4 0.012315 0.012315
4 0.467310 0.467310
4 0.383137 0.383137
4 0.337991 0.337991
4 0.298614 0.298614
4 0.164603 0.164603
4 0.135207 0.135207
4 0.352414 0.352414
4 0.541692 0.541692
4 0.242035 0.242035
4 -0.046466 -0.046466
4 0.042371 0.042371
4 -0.007095 -0.007095
4 0.114524 0.114524
4 0.446820 0.446820
4 0.135313 0.135313
4 0.063511 0.063511
4 0.212820 0.212820
4 0.053298 0.053298
4 0.128233 0.128233
4 0.005502 0.005502
4 0.241962 0.241962
4 -0.006961 -0.006961
4 0.114754 0.114754
4 0.046874 0.046874
4 -0.003799 -0.003799
4 0.588600 0.588600
4 0.210784 0.210784
4 0.084960 0.084960
4 0.213219 0.213219
4 0.074807 0.074807
4 0.316805 0.316805
4 -0.208089 -0.208089
4 -0.048953 -0.048953
4 0.476149 0.476149
4 0.380282 0.380282
4 -0.099639 -0.099639
4 0.233073 0.233073
4 0.018268 0.018268
4 0.024755 0.024755
4 0.200177 0.200177
4 0.131255 0.131255
4 0.185870 0.185870
4 -0.100240 -0.100240
4 -0.036842 -0.036842
4 0.145508 0.145508
4 0.022422 0.022422
4 0.078459 0.078459
4 0.525929 0.525929
4 0.360171 0.360171
4 0.051954 0.051954
4 -0.050319 -0.050319
4 -0.003433 -0.003433
4 0.425823 0.425823
4 0.378271 0.378271
4 0.021958 0.021958
4 0.267156 0.267156
4 0.154011 0.154011
4 0.550022 0.550022
4 0.211452 0.211452
4 0.226174 0.226174
4 0.505091 0.505091
4 0.109698 0.109698
4 0.012457 0.012457
4 0.031211 0.031211
4 0.039972 0.039972
4 0.205200 0.205200
4 0.574696 0.574696
4 0.219827 0.219827
4 0.392587 0.392587
4 0.123375 0.123375
4 -0.006083 -0.006083
4 0.033173 0.033173
4 0.211275 0.211275
4 0.057854 0.057854
4 -0.038576 -0.038576
4 0.079282 0.079282
4 0.187471 0.187471
4 0.407800 0.407800
4 -0.033433 -0.033433
4 0.096448 0.096448
4 -0.002531 -0.002531
4 0.117026 0.117026
4 0.187322 0.187322
4 0.146438 0.146438
4 0.189062 0.189062
4 0.001720 14.594497
4 0.053893 334.515863
4 -0.033766 -277.449028
4 0.050440 195.264648
4 0.009091 61.235632
4 0.070564 285.490373
4 -0.138078 -1417.724025
4 0.044975 134.620766
4 -0.000214 -7.697553
4 0.000064 6.748725
4 -0.015412 -133.488254
4 0.005846 -30.756254
4 -0.002241 -48.610935
4 0.011555 96.078112
4 0.006489 46.074424
4 0.015793 57.613012
4 0.012235 40.236087
4 0.060334 370.789928
4 0.000232 0.840356
4 0.003856 17.165976
4 0.099143 324.507277
4 0.000329 2.694767
4 0.013925 -15.690394
4 0.010583 40.478625
4 0.118057 629.888783
4 -0.000178 -1.940268
4 0.420808 1620.405201
4 0.000093 0.418088
4 -0.001639 -20.583505
4 0.017996 60.757830
4 0.000058 -2.620709
4 0.017908 101.011685
4 0.004564 20.737164
4 0.002184 7.662275
4 0.105243 33.531793
4 0.071512 604.509052
4 -0.002763 -17.281164
4 -0.008512 -85.206125
4 -0.000152 -3.624841
4 0.119862 87.688854
4 -0.000187 -4.821090
4 -0.000235 -83.635764
4 0.000430 2.136124
4 0.007175 32.407761
4 -0.001262 -101.053396
4 0.003983 25.858002
4 0.045627 -50.831058
4 0.002371 5.571285
4 0.005041 17.926013
4 0.101045 13.760483
4 0.000730 3.501570
4 -0.006205 -81.127642
4 0.006399 42.921181
4 0.013569 49.317415
4 0.006467 -60.890099
4 0.000189 1.319032
4 -0.000036 -8.064148
4 0.010265 79.637119
4 0.001513 21.944925
4 0.000811 7.539227
4 -0.001977 -178.512382
4 0.000540 -157.388958
4 -0.002642 -23.776029
4 0.031207 -70.323822
4 0.012467 86.806315
4 -0.002446 -29.283768
4 0.058190 720.183734
4 0.002246 15.842424
4 -0.000689 -17.531139
4 0.002309 14.013622
4 0.003335 26.323498
4 0.057472 342.243759
4 0.159783 2659.975980
4 0.067373 86.492126
4 0.123318 370.477185
4 -0.000622 -11.282622
4 -0.014051 -314.860561
4 0.007129 61.557231
4 0.100315 1.893661
4 0.011286 77.904688
4 0.000866 11.106252
4 0.100139 1.157399
4 0.004203 -21.155469
4 0.040734 -603.538657
4 0.046263 -28.511746
4 0.013431 127.586317
4 0.004954 10.333930
4 0.000058 0.067696
4 -0.000572 -24.859606
4 0.228316 1879.756941
4 0.108710 76.755327
4 0.008114 62.845517
4 0.006089 44.344553
4 -0.000005 -1.049497
4 0.001084 6.281438
4 -0.006134 -57.306722
4 0.005013 14.395396
4 0.001224 2.806343
4 0.386626 1722.650220
4 0.004762 26.071050
4 0.001510 7.819545
4 0.049409 161.095847
4 0.000420 3.143251
4 -0.008811 -103.823050
4 0.080897 367.481392
4 -0.007276 -89.261692
4 0.001473 1.300733
4 0.000492 2.422403
4 -0.007853 -75.168667
4 0.100455 3.968033
4 0.000830 3.342353
4 -0.004576 -38.725603
4 0.000589 1.536038
4 0.002901 9.064014
4 -0.000043 -0.667308
4 0.014727 102.780982
4 0.072235 972.064316
4 -0.006284 -79.620812
4 0.100009 0.196251
4 0.005213 27.505661
5 0.077783 0.077783
5 0.035109 0.035109
5 0.519922 0.519922
5 -0.043555 -0.043555
5 0.037994 0.037994
5 -0.022909 -0.022909
5 0.385777 0.385777
5 0.311568 0.311568
5 -0.005090 -0.005090
5 0.028543 0.028543
5 0.234433 0.234433
5 0.193813 0.193813
5 0.071597 0.071597
5 -0.303635 -0.303635
5 0.175469 0.175469
5 0.224651 0.224651
5 0.202230 0.202230
5 0.385184 0.385184
5 0.172522 0.172522
5 -0.106659 -0.106659
5 -0.004703 -0.004703
5 0.017833 0.017833
5 0.093426 0.093426
5 0.135067 0.135067
5 0.120509 0.120509
5 0.414521 0.414521
5 0.086891 0.086891
5 -0.029663 -0.029663
5 0.096404 0.096404
5 0.033967 0.033967
5 0.139771 0.139771
5 0.074624 0.074624
5 0.331621 0.331621
5 -0.131203 -0.131203
5 -0.088731 -0.088731
5 0.269505 0.269505
5 0.545175 0.545175
5 0.058458 0.058458
5 0.277115 0.277115
5 0.218913 0.218913
5 0.668392 0.668392
5 -0.007737 -0.007737
5 -0.121635 -0.121635
5 0.329480 0.329480
5 0.032467 0.032467
5 -0.014506 -0.014506
5 0.061064 0.061064
5 0.173021 0.173021
5 0.008025 0.008025
5 0.092058 0.092058
5 0.243624 0.243624
5 -0.078306 -0.078306
5 0.001317 0.001317
5 0.338329 0.338329
5 0.467204 0.467204
5 -0.054074 -0.054074
5 -0.009997 -0.009997
5 -0.048639 -0.048639
5 0.005668 0.005668
5 0.184026 0.184026
5 0.066976 0.066976
5 -0.004424 -0.004424
5 -0.002964 -0.002964
5 -0.308721 -0.308721
5 0.295065 0.295065
5 0.109858 0.109858
5 0.034145 0.034145
5 -0.104058 -0.104058
5 0.008709 0.008709
5 0.355210 0.355210
5 -0.191336 -0.191336
5 0.170890 0.170890
5 -0.040052 -0.040052
5 -0.078063 -0.078063
5 0.295276 0.295276
5 0.432913 0.432913
5 -0.005729 -0.005729
5 0.014186 0.014186
5 0.146087 0.146087
5 0.045887 0.045887
5 0.232191 0.232191
5 0.054630 0.054630
5 -0.043226 -0.043226
5 0.041436 0.041436
5 0.131270 0.131270
5 0.070984 0.070984
5 -0.022405 -0.022405
5 0.208146 0.208146
5 0.226098 0.226098
5 0.211504 0.211504
5 -0.257601 -0.257601
5 0.403830 0.403830
5 0.277839 0.277839
5 0.138435 0.138435
5 0.341277 0.341277
5 0.308928 0.308928
5 0.311455 0.311455
5 0.014913 0.014913
5 0.070823 0.070823
5 0.029129 0.029129
5 -0.052830 -0.052830
5 0.341911 0.341911
5 0.043422 0.043422
5 0.018196 0.018196
5 0.524702 0.524702
5 0.098305 0.098305
5 0.754652 0.754652
5 0.070895 0.070895
5 -0.063427 -0.063427
5 0.199234 0.199234
5 -0.001016 -0.001016
5 0.053501 0.053501
5 -0.049393 -0.049393
5 -0.185290 -0.185290
5 0.326390 0.326390
5 0.188382 0.188382
5 0.148895 0.148895
5 0.249773 0.249773
5 0.593890 0.593890
5 0.010414 0.010414
5 0.196559 0.196559
5 0.338836 0.338836
5 0.326105 0.326105
5 0.074722 0.074722
5 0.778100 0.778100
5 0.203621 0.203621
5 0.531087 0.531087
5 0.176021 0.176021
5 -0.034785 -0.034785
5 0.637175 0.637175
5 0.102937 0.102937
5 -0.077504 -0.077504
5 0.304861 0.304861
5 0.289405 0.289405
5 0.247531 0.247531
5 0.341543 0.341543
5 -0.023506 -0.023506
5 0.164210 0.164210
5 0.072774 0.072774
5 0.199511 0.199511
5 0.386293 0.386293
5 0.004303 0.004303
5 0.203203 0.203203
5 0.001665 0.001665
5 -0.040707 -0.040707
5 0.301211 0.301211
5 -0.076022 -0.076022
5 0.246022 0.246022
5 -0.115264 -0.115264
5 0.167455 0.167455
5 0.140710 0.140710
5 0.077522 0.077522
5 0.204960 0.204960
5 0.235788 0.235788
5 0.381554 0.381554
5 0.063461 0.063461
5 0.001134 0.001134
5 0.187307 0.187307
5 0.116012 0.116012
5 0.197711 0.197711
5 0.026335 0.026335
5 0.213362 0.213362
5 0.000065 0.000065
5 0.001498 0.001498
5 0.301949 0.301949
5 0.161548 0.161548
5 0.084424 0.084424
5 0.156129 0.156129
5 0.093120 0.093120
5 0.099222 0.099222
5 0.265574 0.265574
5 0.025794 0.025794
5 0.163546 0.163546
5 0.236465 0.236465
5 -0.025933 -0.025933
5 0.207069 0.207069
5 0.171210 0.171210
5 0.448486 0.448486
5 0.318377 0.318377
5 0.104727 0.104727
5 0.372861 0.372861
5 0.262968 0.262968
5 -0.073140 -0.073140
5 -0.130380 -0.130380
5 0.063260 0.063260
5 0.288820 0.288820
5 0.050021 0.050021
5 0.421404 0.421404
5 0.037511 0.037511
5 0.173131 0.173131
5 0.011966 0.011966
5 0.072563 0.072563
5 -0.073017 -0.073017
5 0.019909 0.019909
5 -0.000626 -39.586449
5 0.012572 4.305596
5 -0.000538 -7.776007
5 0.000616 -5.852128
5 -0.179351 -1675.026003
5 0.127032 336.181110
5 -0.002388 -25.023130
5 -0.028755 -183.078352
5 -0.031291 -202.776567
5 -0.010986 -159.732299
5 0.000816 0.777916
5 0.008515 -5.228420
5 0.001325 2.711452
5 0.044258 194.930459
5 -0.003409 -32.836051
5 0.000430 1.880139
5 -0.001259 -12.144907
5 0.004520 -12.675792
5 0.000977 -21.762267
5 -0.001893 -25.995745
5 -0.019870 -175.693045
5 0.026605 -98.004889
5 -0.046226 -263.030311
5 0.000699 -38.503386
5 -0.042656 -296.346374
5 0.150052 501.443688
5 -0.054044 -502.711191
5 -0.006835 -61.084560
5 0.013334 94.205445
5 0.003060 13.782810
5 0.041194 446.549198
5 0.003118 -23.438620
5 0.044957 290.269859
5 0.073973 475.625189
5 0.008236 189.839306
5 0.003574 7.113835
5 -0.042629 -441.854625
5 0.091032 781.651279
5 0.055313 -230.441794
5 0.103187 507.316694
5 0.000740 3.931816
5 0.015270 -10.157923
5 0.010216 0.902541
5 0.001577 -58.470343
5 0.001735 -25.745195
5 0.024669 55.969310
5 0.000848 2.779929
5 0.000576 0.563589
5 0.009688 55.443047
5 0.006886 -324.858547
5 0.130754 593.166684
5 -0.001553 -62.751845
5 -0.006973 -44.909301
5 -0.010058 -331.133503
5 -0.060372 -369.821761
5 0.010591 -160.637975
5 -0.015771 -160.344327
5 0.103655 90.675252
5 -0.000426 -7.379848
5 -0.027830 -485.247443
5 0.107380 208.417237
5 0.001994 5.613551
5 -0.002295 -552.461106
5 0.007847 -25.032024
5 0.002430 18.987657
5 0.023037 102.378249
5 0.011314 28.861559
5 -0.002083 -45.771395
5 -0.000816 -5.452799
5 0.060331 -84.169518
5 0.046844 107.135813
5 0.036812 221.897403
5 0.005800 44.957428
5 0.002663 39.102134
5 0.003208 25.640348
5 -0.004034 -24.524040
5 0.011532 82.475748
5 0.085230 252.529444
5 0.296955 540.674584
5 0.037093 -11.789293
5 0.002310 7.554052
5 -0.022214 -237.551341
5 0.080769 -114.045177
5 -0.001124 -8.767532
5 0.000837 -0.151706
5 -0.004459 -36.959898
5 0.000470 3.163292
5 0.014395 86.517598
5 -0.038699 -580.107598
5 0.007167 43.719966
5 -0.002081 -18.864139
5 0.000001 -3.764585
5 0.005926 -101.311495
5 -0.017351 -217.353733
5 0.001299 7.870605
5 -0.002488 -43.689873
5 0.000007 -0.011707
5 -0.000844 -401.863176
5 0.001071 7.133754
5 0.017912 -2.793029
5 0.020651 142.652703
5 0.000457 -4.596756
6 0.130407 0.130407
6 0.006427 0.006427
6 0.419239 0.419239
6 -0.021617 -0.021617
6 -0.021343 -0.021343
6 0.202413 0.202413
6 0.092843 0.092843
6 -0.142433 -0.142433
6 -0.021971 -0.021971
6 0.024415 0.024415
6 -0.005419 -0.005419
6 -0.103685 -0.103685
6 0.284871 0.284871
6 0.443344 0.443344
6 -0.142441 -0.142441
6 -0.385441 -0.385441
6 -0.023941 -0.023941
6 -0.018617 -0.018617
6 -0.140974 -0.140974
6 -0.166274 -0.166274
6 -0.043554 -0.043554
6 0.036778 0.036778
6 0.161568 0.161568
6 0.008652 0.008652
6 -0.034072 -0.034072
6 -0.321052 -0.321052
6 -0.043938 -0.043938
6 0.237812 0.237812
6 0.389882 0.389882
6 -0.010280 -0.010280
6 0.041114 0.041114
6 -0.040526 -0.040526
6 -0.050032 -0.050032
6 0.071798 0.071798
6 -0.005081 -0.005081
6 0.546402 0.546402
6 0.230535 0.230535
6 0.297757 0.297757
6 -0.036605 -0.036605
6 0.165079 0.165079
6 0.241847 0.241847
6 0.381834 0.381834
6 0.434097 0.434097
6 0.456302 0.456302
6 -0.097737 -0.097737
6 0.300118 0.300118
6 0.173067 0.173067
6 0.359144 0.359144
6 0.096607 0.096607
6 -0.172476 -0.172476
6 0.310528 0.310528
6 0.339140 0.339140
6 -0.195966 -0.195966
6 0.561659 0.561659
6 -0.043569 -0.043569
6 0.360670 0.360670
6 0.635479 0.635479
6 0.532115 0.532115
6 -0.153784 -0.153784
6 0.122007 0.122007
6 0.205891 0.205891
6 -0.061286 -0.061286
6 0.311642 0.311642
6 -0.059103 -0.059103
6 -0.279178 -0.279178
6 0.027978 0.027978
6 -0.138656 -0.138656
6 0.067390 0.067390
6 0.199791 0.199791
6 0.108494 0.108494
6 0.099267 0.099267
6 0.188534 0.188534
6 0.283859 0.283859
6 -0.241754 -0.241754
6 0.032487 0.032487
6 0.026333 0.026333
6 0.016923 0.016923
6 0.157155 0.157155
6 0.092528 0.092528
6 -0.073618 -0.073618
6 0.038311 0.038311
6 0.089727 0.089727
6 0.031468 0.031468
6 -0.009951 -0.009951
6 -0.234856 -0.234856
6 0.329522 0.329522
6 0.108637 0.108637
6 0.107603 0.107603
6 0.076660 0.076660
6 -0.025655 -0.025655
6 0.063216 0.063216
6 0.097462 0.097462
6 0.064819 0.064819
6 0.399798 0.399798
6 0.028755 0.028755
6 0.091897 0.091897
6 -0.020161 -0.020161
6 0.079409 0.079409
6 -0.085675 -0.085675
6 -0.061503 -0.061503
6 -0.043221 -0.043221
6 0.040892 0.040892
6 0.021100 0.021100
6 0.430430 0.430430
6 -0.061142 -0.061142
6 0.120210 0.120210
6 -0.278033 -0.278033
6 -0.097690 -0.097690
6 0.280196 0.280196
6 -0.018891 -0.018891
6 -0.049472 -0.049472
6 0.323429 0.323429
6 0.200600 0.200600
6 -0.092288 -0.092288
6 0.028486 0.028486
6 0.028562 0.028562
6 0.043165 0.043165
6 0.008004 0.008004
6 0.095621 0.095621
6 0.062741 0.062741
6 0.186076 0.186076
6 0.123795 0.123795
6 0.313654 0.313654
6 0.130632 0.130632
6 0.370887 0.370887
6 -0.027636 -0.027636
6 0.138269 0.138269
6 0.194961 0.194961
6 0.301024 0.301024
6 -0.125160 -0.125160
6 -0.007148 -0.007148
6 0.162185 0.162185
6 0.113486 0.113486
6 0.321108 0.321108
6 0.072807 0.072807
6 -0.054162 -0.054162
6 0.706693 0.706693
6 0.233556 0.233556
6 0.178007 0.178007
6 0.008136 0.008136
6 0.011261 0.011261
6 -0.281360 -0.281360
6 -0.015302 -0.015302
6 0.007824 0.007824
6 0.000000 0.000000
6 0.000000 0.000000
6 0.000000 0.000000
6 0.333239 0.333239
6 0.284291 0.284291
6 -0.043920 -0.043920
6 -0.009275 -0.009275
6 0.464766 0.464766
6 -0.037423 -0.037423
6 0.193558 0.193558
6 0.225041 0.225041
6 -0.025660 -0.025660
6 0.314481 0.314481
6 0.121492 0.121492
6 -0.391591 -0.391591
6 0.217202 0.217202
6 -0.030845 -0.030845
6 0.014688 0.014688
6 0.633963 0.633963
6 0.055463 0.055463
6 0.253743 0.253743
6 -0.033019 -0.033019
6 0.092564 0.092564
6 0.024825 0.024825
6 0.507549 0.507549
6 0.023178 0.023178
6 0.244193 0.244193
6 0.421410 0.421410
6 0.020816 0.020816
6 0.337618 0.337618
6 0.390113 0.390113
6 0.119698 0.119698
6 -0.008494 -0.008494
6 0.456243 0.456243
6 0.488215 0.488215
6 0.046020 0.046020
6 0.140052 0.140052
6 -0.245517 -0.245517
6 0.247347 0.247347
6 0.075826 0.075826
6 -0.006009 -0.006009
6 0.242502 0.242502
6 0.442587 0.442587
6 -0.359301 -0.359301
6 0.016872 0.016872
6 0.211515 0.211515
6 0.124205 0.124205
6 0.203022 0.203022
6 0.331027 0.331027
6 0.301924 0.301924
6 0.001293 0.001293
6 0.061269 0.061269
6 0.323265 0.323265
6 0.157839 0.157839
6 0.320951 0.320951
6 0.200815 0.200815
6 0.224052 0.224052
6 0.312172 0.312172
6 0.379136 0.379136
6 0.025229 0.025229
6 0.352479 0.352479
6 -0.018501 -0.018501
6 -0.046407 -0.046407
6 0.298855 0.298855
6 0.073327 0.073327
6 0.415582 0.415582
6 -0.011030 -0.011030
6 0.192111 0.192111
6 -0.307698 -0.307698
6 0.246775 0.246775
6 0.324731 0.324731
6 -0.108361 -0.108361
6 -0.002728 -0.002728
6 0.437938 0.437938
6 0.287895 0.287895
6 0.149958 0.149958
6 0.013214 0.013214
6 0.021303 0.021303
6 0.387770 0.387770
6 -0.083878 -0.083878
6 0.161386 0.161386
6 -0.004197 -0.004197
6 0.330844 0.330844
6 0.114082 0.114082
6 -0.108023 -0.108023
6 0.088417 0.088417
6 0.072015 100.559063
6 -0.017500 -266.076333
6 -0.017063 -363.676786
6 -0.012149 -215.205196
6 0.001292 11.222940
6 -0.002866 -35.044021
6 0.030697 62.336419
6 -0.003582 -45.388105
6 0.013453 37.805828
6 0.003309 0.007598
6 0.007359 13.770293
6 0.001984 22.774269
6 -0.001039 -26.308057
6 -0.058694 -405.121415
6 -0.006331 -60.327827
6 -0.002453 -29.710836
6 -0.009519 -191.125775
6 0.065085 137.185584
6 0.112524 -119.154633
6 -0.047628 -457.359588
6 -0.067872 -420.355117
6 -0.099130 -937.557775
6 0.050597 97.503831
6 0.002934 -213.729498
6 0.027907 20.882763
6 0.027609 19.749006
6 -0.035457 -343.116644
6 0.005688 -71.091921
6 0.005618 13.809568
6 -0.023604 -225.513242
6 0.000270 0.416423
6 0.128835 321.574524
6 -0.020876 -423.814352
6 0.004085 14.561596
6 0.001603 7.390402
6 0.000071 -2.209861
6 -0.051726 -460.772249
6 0.019364 108.610206
6 0.007127 25.956757
6 0.003870 -139.410483
6 -0.014693 -73.647142
6 0.218451 67.018592
6 0.017846 36.746155
6 0.000610 -4.059039
6 0.016575 117.961342
6 0.079005 335.633723
6 -0.000174 -300.025029
6 -0.002031 -44.130871
6 -0.038929 -220.398838
6 -0.010433 -60.615488
6 -0.011413 -90.757812
6 0.027234 69.798189
6 -0.009370 -166.277619
6 -0.056863 -416.165156
6 0.005516 33.233407
6 0.043073 314.427669
6 0.014286 40.711674
6 0.000089 -10.963508
6 -0.002104 -49.043974
6 -0.004987 -117.264761
6 0.011257 54.606639
6 -0.001002 -369.892902
6 -0.007125 -66.806871
6 -0.135223 -714.631890
6 -0.007848 -257.703805
6 0.000819 -126.071496
6 -0.020571 -157.831689
6 0.006817 -25.765477
6 -0.012557 -300.452758
6 -0.004484 -47.123990
6 -0.039948 -209.147217
6 0.085738 131.578195
6 -0.002638 -17.864086
6 -0.000386 -12.634725
6 0.147870 1146.200999
6 -0.013432 -115.744196
6 -0.049224 -583.779611
6 -0.030976 -937.228866
6 -0.000990 -15.246775
6 0.000060 -16.803532
6 0.101499 57.718226
6 0.255348 -457.347580
6 0.039104 -100.875162
6 -0.017846 -202.972042
6 0.067696 293.962221
6 -0.029012 -298.398576
6 -0.002901 -24.632679
6 -0.010382 -83.057502
6 -0.010972 -100.954700
6 -0.032408 -247.794978
6 0.064572 76.904282
6 0.200642 374.603050
6 0.000484 -2.147680
6 -0.003435 -54.104123
6 -0.003238 -129.708350
6 -0.010196 -73.737407
6 -0.056787 -781.684626
6 0.014272 49.738310
6 0.003669 -5.675305
6 0.003917 15.807109
6 0.036526 -58.941413
6 -0.000495 -17.442053
6 0.013300 31.559173
6 0.101192 650.314195
6 -0.005268 -93.554752
6 0.021330 22.727823
6 -0.200985 -1398.753975
6 -0.004225 -35.180545
6 -0.001623 -39.119103
6 -0.041360 -521.655190
6 0.030731 147.703480
6 0.433140 606.053393
6 -0.244203 -3738.855138
6 0.031998 155.974413
