7 -0.070272 -0.070272
7 0.266020 0.266020
7 -0.017284 -0.017284
7 -0.098781 -0.098781
7 0.051717 0.051717
7 0.389445 0.389445
7 -0.006563 -0.006563
7 0.414014 0.414014
7 0.182452 0.182452
7 0.329260 0.329260
7 0.103615 0.103615
7 0.361146 0.361146
7 -0.015943 -0.015943
7 0.098601 0.098601
7 0.037022 0.037022
7 -0.141201 -0.141201
7 0.579870 0.579870
7 0.119469 0.119469
7 0.080233 0.080233
7 0.125721 0.125721
7 0.518769 0.518769
7 -0.043842 -0.043842
7 0.399941 0.399941
7 -0.001371 -0.001371
7 0.104429 0.104429
7 0.125691 0.125691
7 0.042071 0.042071
7 0.002562 0.002562
7 -0.325344 -0.325344
7 0.438801 0.438801
7 -0.047552 -0.047552
7 -0.315585 -0.315585
7 0.234665 0.234665
7 0.340973 0.340973
7 0.163991 0.163991
7 0.028874 0.028874
7 0.271200 0.271200
7 -0.206128 -0.206128
7 0.313504 0.313504
7 0.500033 0.500033
7 0.106806 0.106806
7 0.050969 0.050969
7 0.211453 0.211453
7 0.304238 0.304238
7 -0.111116 -0.111116
7 0.563206 0.563206
7 -0.233379 -0.233379
7 -0.059910 -0.059910
7 -0.190274 -0.190274
7 0.601830 0.601830
7 0.355960 0.355960
7 -0.085293 -0.085293
7 -0.007756 -0.007756
7 0.084323 0.084323
7 -0.405009 -0.405009
7 0.406335 0.406335
7 0.483895 0.483895
7 0.548464 0.548464
7 -0.111410 -0.111410
7 0.534390 0.534390
7 0.193817 0.193817
7 0.181106 0.181106
7 -0.119774 -0.119774
7 0.103141 0.103141
7 0.202862 0.202862
7 0.251855 0.251855
7 0.081585 0.081585
7 -0.073035 -0.073035
7 0.009664 0.009664
7 0.195377 0.195377
7 0.018053 0.018053
7 0.171923 0.171923
7 0.218101 0.218101
7 -0.060740 -0.060740
7 -0.073033 -0.073033
7 0.056319 0.056319
7 0.145181 0.145181
7 0.255033 0.255033
7 0.057503 0.057503
7 0.071439 0.071439
7 0.177068 0.177068
7 0.253379 0.253379
7 0.029702 0.029702
7 -0.153454 -0.153454
7 -0.123131 -0.123131
7 0.272949 0.272949
7 0.385249 0.385249
7 0.073092 0.073092
7 -0.153205 -0.153205
7 -0.028869 -0.028869
7 0.064162 0.064162
7 0.346405 0.346405
7 0.331249 0.331249
7 -0.026639 -0.026639
7 0.082578 0.082578
7 0.681670 0.681670
7 0.178166 0.178166
7 -0.245756 -0.245756
7 0.177046 0.177046
7 -0.019624 -0.019624
7 0.403930 0.403930
7 0.614799 0.614799
7 -0.188468 -0.188468
7 -0.173674 -0.173674
7 -0.016933 -0.016933
7 -0.110617 -0.110617
7 -0.036683 -0.036683
7 0.255614 0.255614
7 0.270257 0.270257
7 0.308992 0.308992
7 0.301390 0.301390
7 -0.093019 -0.093019
7 0.309409 0.309409
7 -0.105866 -0.105866
7 0.062647 0.062647
7 -0.179927 -0.179927
7 0.005915 0.005915
7 0.129722 0.129722
7 0.404769 0.404769
7 0.574779 0.574779
7 0.502812 0.502812
7 0.185092 0.185092
7 -0.192222 -0.192222
7 0.002738 0.002738
7 0.241217 0.241217
7 0.329199 0.329199
7 -0.134557 -0.134557
7 0.003615 0.003615
7 -0.097262 -0.097262
7 -0.093280 -0.093280
7 0.478332 0.478332
7 -0.234936 -0.234936
7 -0.031719 -0.031719
7 0.369911 0.369911
7 0.147880 0.147880
7 0.053294 0.053294
7 0.095743 0.095743
7 0.332216 0.332216
7 0.143723 0.143723
7 0.472951 0.472951
7 0.027659 0.027659
7 0.125106 0.125106
7 0.141500 0.141500
7 0.327845 0.327845
7 0.424660 0.424660
7 -0.010570 -0.010570
7 0.211822 0.211822
7 0.017406 0.017406
7 -0.164214 -0.164214
7 0.279625 0.279625
7 -0.149774 -0.149774
7 -0.280727 -0.280727
7 0.214668 0.214668
7 0.091214 0.091214
7 0.166888 0.166888
7 0.104970 0.104970
7 0.002193 0.002193
7 -0.030113 -0.030113
7 0.013556 0.013556
7 -0.015814 -0.015814
7 0.057967 0.057967
7 -0.060931 -0.060931
7 -0.150272 -0.150272
7 -0.122743 -0.122743
7 0.010031 0.010031
7 0.030894 0.030894
7 0.230873 0.230873
7 0.278067 0.278067
7 0.315790 0.315790
7 0.282226 0.282226
7 0.255825 0.255825
7 -0.162471 -0.162471
7 -0.071654 -0.071654
7 0.085970 0.085970
7 0.368258 0.368258
7 0.190968 0.190968
7 0.237408 0.237408
7 -0.057228 -0.057228
7 0.184641 0.184641
7 0.090994 0.090994
7 0.337457 0.337457
7 -0.039636 -0.039636
7 0.164545 0.164545
7 0.067498 0.067498
7 0.115383 0.115383
7 0.191533 0.191533
7 -0.213236 -0.213236
7 0.307904 0.307904
7 -0.491209 -0.491209
7 -0.300620 -0.300620
7 0.140750 0.140750
7 0.080184 0.080184
7 -0.012047 -0.012047
7 0.099680 0.099680
7 0.385502 0.385502
7 0.242016 0.242016
7 0.291182 0.291182
7 0.121185 0.121185
7 0.003473 0.003473
7 0.050535 0.050535
7 0.044784 0.044784
7 -0.021835 -0.021835
7 -0.068866 -0.068866
7 0.093415 0.093415
7 -0.066672 -0.066672
7 -0.013619 -0.013619
7 -0.016538 -0.016538
7 -0.120722 -0.120722
7 -0.279683 -0.279683
7 0.123009 0.123009
7 0.355789 0.355789
7 0.370932 0.370932
7 -0.015321 -0.015321
7 0.499285 0.499285
7 0.013605 0.013605
7 0.497878 0.497878
7 -0.010338 -0.010338
7 0.197337 0.197337
7 0.312161 0.312161
7 -0.038987 -0.038987
7 0.507350 0.507350
7 0.085360 0.085360
7 0.081107 0.081107
7 0.112287 0.112287
7 0.261757 0.261757
7 0.145433 0.145433
7 0.052165 0.052165
7 0.249762 0.249762
7 0.523086 0.523086
7 0.115780 0.115780
7 0.189493 0.189493
7 0.715705 0.715705
7 0.290576 0.290576
7 0.247193 0.247193
7 0.168233 0.168233
7 0.287156 0.287156
7 0.211560 0.211560
7 -0.033005 -0.033005
7 0.111283 0.111283
7 0.501001 0.501001
7 -0.121565 -0.121565
7 0.706028 0.706028
7 0.413557 0.413557
7 0.045442 0.045442
7 0.216598 0.216598
7 0.105774 0.105774
7 0.086520 0.086520
7 0.020368 0.020368
7 0.271388 0.271388
7 0.158155 0.158155
7 0.382169 0.382169
7 0.075241 0.075241
7 0.072578 0.072578
7 -0.024746 -0.024746
7 0.031791 0.031791
7 -0.010656 -0.010656
7 0.443014 0.443014
7 -0.122376 -0.122376
7 -0.031545 -0.031545
7 0.371128 0.371128
7 0.154842 0.154842
7 0.502591 0.502591
7 0.017077 0.017077
7 0.176464 0.176464
7 0.138366 0.138366
7 0.085830 0.085830
7 0.354616 0.354616
7 0.515452 0.515452
7 -0.074936 -0.074936
7 0.004118 0.004118
7 0.023270 -84.169442
7 -0.035865 -148.209571
7 -0.048636 -267.026922
7 0.003060 1.294592
7 0.071456 545.014772
7 0.003461 -1375.230404
7 0.008756 15.276236
7 0.074395 116.073740
7 -0.038328 -310.319142
7 -0.044511 -307.513129
7 -0.016658 -205.583463
7 -0.003698 -40.505220
7 -0.008053 -61.504441
7 0.035996 36.889895
7 -0.087942 -523.382916
7 0.005012 13.697578
7 -0.009018 -122.917088
7 0.153774 -952.099789
7 -0.006599 -101.789221
7 0.002099 21.456364
7 0.038792 56.550893
7 -0.082331 -523.961716
7 0.217690 237.061294
7 -0.012288 -1046.552666
7 -0.118467 -718.126240
7 0.050200 44.085072
7 0.026003 -162.485828
7 -0.043651 -444.632700
7 -0.043126 -1499.380271
7 0.003475 -63.725529
7 -0.028963 -186.403043
7 -0.007506 -367.533276
7 -0.001422 -15.188726
7 0.278391 3441.586829
7 0.010454 36.168997
7 0.007716 -269.062579
7 0.038918 262.354743
7 -0.041494 -381.344479
7 0.001142 -5.292726
7 0.074554 171.188017
7 -0.000601 -16.917945
7 -0.051338 -314.353153
7 0.085072 144.374593
7 0.013715 53.431366
7 -0.002644 -100.871850
7 -0.014483 -432.030197
7 -0.041680 -344.446925
7 -0.003881 -167.188619
7 -0.028175 -344.899144
7 -0.093211 -1214.314943
7 0.103689 -169.212593
7 -0.014955 -336.443897
7 0.005869 -106.044988
7 -0.132559 -2034.424961
7 0.036750 18.475987
7 -0.011927 -90.545075
7 -0.005865 -48.515053
7 0.000659 -86.423526
7 0.050650 -5.347841
7 -0.052203 -353.477104
7 -0.042240 -356.900002
7 -0.007697 -91.724231
7 0.018929 28.128778
7 -0.024326 -171.744776
7 0.063216 219.248018
7 -0.023529 -269.877911
7 -0.060842 -1407.753939
7 0.021307 72.643978
7 0.000974 -20.344203
7 -0.022534 -343.954098
7 -0.012902 -75.812169
7 -0.076881 -415.757292
7 0.069034 257.129649
7 -0.050438 -473.737019
7 -0.017789 -143.333422
7 -0.013619 -112.620233
7 -0.009991 -83.350751
7 0.433819 375.207586
7 -0.009888 -99.032115
7 -0.030925 -171.151280
7 -0.020658 -273.083172
7 -0.015343 -76.301174
7 0.031998 78.406341
7 -0.050175 -686.449554
7 0.051428 70.357234
7 0.006623 -45.998260
7 0.272046 -545.389667
7 -0.003982 -122.379161
7 -0.016712 -145.871180
7 -0.050521 -448.840435
7 0.032215 91.347784
7 -0.010498 -108.297633
7 0.142628 -418.154131
7 0.007623 -55.394443
7 -0.058955 -1504.428730
7 -0.072971 -402.275664
7 -0.004221 -140.846324
7 0.258289 809.677572
7 -0.022252 -314.184209
7 -0.049975 -495.537612
7 -0.045638 -261.905413
7 -0.067391 -1087.808005
7 0.078796 18.202419
7 -0.043946 -422.926613
7 -0.009123 -204.992070
7 -0.151149 -773.997553
7 0.005252 -27.758105
7 -0.029412 -327.988612
7 -0.013495 -103.455310
7 -0.039946 -309.989682
7 0.186378 452.836605
7 -0.003115 -23.941453
7 0.123481 948.997274
7 0.040793 149.029409
7 -0.026595 -140.463653
7 -0.025239 -134.274098
7 0.191988 761.887768
7 0.005554 4.619471
7 0.001798 -74.603145
7 0.133483 75.411390
7 -0.060321 -849.852727
7 0.163325 604.235908
7 0.020715 34.747293
7 -0.004801 -33.012028
7 -0.015495 -136.592283
7 0.019610 37.617107
7 0.027612 136.983128
7 -0.047418 -496.420035
7 0.038599 348.858484
7 -0.079946 -928.555607
7 -0.056631 -486.562112
7 0.000717 -188.633723
7 -0.089568 -1071.021980
7 0.024723 -220.230434
7 -0.002179 -34.871129
7 -0.025194 -191.139393
7 0.001094 -236.448969
7 -0.036410 -238.415267
7 0.115745 -207.582566
7 -0.021792 -381.850035
7 0.061761 220.889724
7 -0.081141 -927.705684
7 -0.007125 -59.945751
7 -0.003600 -22.791832
7 0.089206 1023.331348
7 -0.004461 -29.000631
7 -0.060707 -821.105987
7 -0.006196 -60.112094
7 0.031819 108.438228
7 0.025211 150.961700
7 0.013793 -22.140434
7 0.417091 274.158739
7 -0.010682 -90.745576
7 -0.098979 -1460.799416
8 -0.002253 -0.002253
8 -0.156991 -0.156991
8 -0.236619 -0.236619
8 0.124475 0.124475
8 -0.013330 -0.013330
8 -0.303802 -0.303802
8 -0.347012 -0.347012
8 -0.069499 -0.069499
8 -0.077317 -0.077317
8 -0.133077 -0.133077
8 -0.177993 -0.177993
8 0.329519 0.329519
8 -0.015258 -0.015258
8 0.123565 0.123565
8 -0.123927 -0.123927
8 -0.258240 -0.258240
8 -0.114780 -0.114780
8 -0.422079 -0.422079
8 0.091623 0.091623
8 -0.048712 -0.048712
8 -0.240748 -0.240748
8 -0.290863 -0.290863
8 0.139304 0.139304
8 0.018957 0.018957
8 0.272806 0.272806
8 0.169561 0.169561
8 -0.070778 -0.070778
8 -0.012968 -0.012968
8 -0.211580 -0.211580
8 0.305109 0.305109
8 0.042043 0.042043
8 -0.419574 -0.419574
8 -0.152906 -0.152906
8 -0.093102 -0.093102
8 -0.294808 -0.294808
8 -0.052638 -0.052638
8 0.273306 0.273306
8 0.424450 0.424450
8 -0.152698 -0.152698
8 -0.062824 -0.062824
8 0.391907 0.391907
8 -0.111421 -0.111421
8 -0.068836 -0.068836
8 0.324771 0.324771
8 0.013407 0.013407
8 0.103864 0.103864
8 0.469504 0.469504
8 0.411766 0.411766
8 0.294281 0.294281
8 -0.165521 -0.165521
8 -0.021975 -0.021975
8 0.296860 0.296860
8 0.344207 0.344207
8 -0.008057 -0.008057
8 -0.014708 -0.014708
8 0.456027 0.456027
8 0.324045 0.324045
8 0.030581 0.030581
8 0.390077 0.390077
8 -0.173187 -0.173187
8 -0.070594 -0.070594
8 0.162808 0.162808
8 -0.143288 -0.143288
8 0.510609 0.510609
8 0.482152 0.482152
8 0.168348 0.168348
8 0.365275 0.365275
8 0.282202 0.282202
8 0.231874 0.231874
8 0.256625 0.256625
8 0.252293 0.252293
8 0.052823 0.052823
8 0.243275 0.243275
8 0.319580 0.319580
8 -0.299319 -0.299319
8 -0.223682 -0.223682
8 -0.156830 -0.156830
8 0.331417 0.331417
8 0.404565 0.404565
8 -0.086049 -0.086049
8 0.102983 0.102983
8 0.062382 0.062382
8 0.011311 0.011311
8 -0.042423 -0.042423
8 0.205692 0.205692
8 0.075009 0.075009
8 0.096516 0.096516
8 0.438037 0.438037
8 -0.174070 -0.174070
8 -0.223766 -0.223766
8 -0.191930 -0.191930
8 0.050586 0.050586
8 0.251704 0.251704
8 -0.152809 -0.152809
8 -0.173304 -0.173304
8 -0.160903 -0.160903
8 -0.097348 -0.097348
8 -0.059474 -0.059474
8 0.303702 0.303702
8 0.188843 0.188843
8 -0.089667 -0.089667
8 0.173931 0.173931
8 0.342780 0.342780
8 0.146663 0.146663
8 0.145329 0.145329
8 -0.196882 -0.196882
8 0.199634 0.199634
8 0.268171 0.268171
8 -0.193528 -0.193528
8 0.280541 0.280541
8 -0.015162 -0.015162
8 0.289900 0.289900
8 0.185698 0.185698
8 0.292385 0.292385
8 0.390897 0.390897
8 -0.383121 -0.383121
8 0.325710 0.325710
8 0.500829 0.500829
8 0.250030 0.250030
8 0.001335 0.001335
8 -0.138209 -0.138209
8 0.047490 0.047490
8 0.011683 0.011683
8 0.362042 0.362042
8 0.195834 0.195834
8 0.075650 0.075650
8 -0.461694 -0.461694
8 0.123426 0.123426
8 0.298008 0.298008
8 0.004482 0.004482
8 0.216640 0.216640
8 -0.215904 -0.215904
8 0.301382 0.301382
8 0.373157 0.373157
8 0.201609 0.201609
8 0.401518 0.401518
8 0.069129 0.069129
8 0.177044 0.177044
8 -0.309082 -0.309082
8 0.190581 0.190581
8 0.285956 0.285956
8 0.180810 0.180810
8 -0.026078 -0.026078
8 -0.080177 -0.080177
8 -0.310103 -0.310103
8 -0.319794 -0.319794
8 -0.125547 -0.125547
8 0.148851 0.148851
8 0.077243 0.077243
8 -0.183590 -0.183590
8 -0.022452 -0.022452
8 0.433053 0.433053
8 0.380042 0.380042
8 0.006015 0.006015
8 0.025170 0.025170
8 -0.048620 -0.048620
8 0.000841 0.000841
8 0.358280 0.358280
8 -0.035738 -0.035738
8 -0.195670 -0.195670
8 -0.006620 -0.006620
8 0.315283 0.315283
8 -0.240405 -0.240405
8 0.313588 0.313588
8 -0.046333 -0.046333
8 -0.052305 -0.052305
8 -0.355018 -0.355018
8 -0.061803 -0.061803
8 0.172314 0.172314
8 0.104248 0.104248
8 0.537618 0.537618
8 -0.175222 -0.175222
8 -0.039584 -0.039584
8 0.022611 0.022611
8 0.242612 0.242612
8 0.109962 0.109962
8 -0.057091 -0.057091
8 -0.078127 -0.078127
8 0.068636 0.068636
8 0.455622 0.455622
8 -0.012501 -0.012501
8 0.400505 0.400505
8 0.272139 0.272139
8 0.038252 0.038252
8 0.262066 0.262066
8 0.216230 0.216230
8 0.335231 0.335231
8 0.085529 0.085529
8 -0.057499 -0.057499
8 0.376307 0.376307
8 0.032551 0.032551
8 -0.023158 -0.023158
8 0.067751 0.067751
8 0.017546 0.017546
8 -0.154887 -0.154887
8 0.099489 0.099489
8 0.031772 0.031772
8 0.222206 0.222206
8 0.639756 0.639756
8 -0.242730 -0.242730
8 -0.045929 -0.045929
8 0.450988 0.450988
8 -0.071027 -0.071027
8 -0.131201 -0.131201
8 -0.208133 -0.208133
8 0.197134 0.197134
8 -0.005099 -0.005099
8 -0.086732 -0.086732
8 -0.017392 -0.017392
8 -0.138400 -0.138400
8 0.106580 0.106580
8 0.172321 0.172321
8 0.544156 0.544156
8 -0.004604 -0.004604
8 0.202319 0.202319
8 -0.033553 -0.033553
8 0.035353 0.035353
8 0.009946 0.009946
8 -0.053152 -0.053152
8 0.261397 0.261397
8 0.568137 0.568137
8 0.375885 0.375885
8 0.007499 0.007499
8 0.509351 0.509351
8 -0.031871 -0.031871
8 -0.010430 -0.010430
8 0.313591 0.313591
8 0.399160 0.399160
8 0.058907 0.058907
8 0.024059 0.024059
8 -0.046818 -0.046818
8 -0.147421 -0.147421
8 0.211848 0.211848
8 0.040715 0.040715
8 0.361378 0.361378
8 -0.066145 -0.066145
8 0.062083 0.062083
8 -0.257647 -0.257647
8 0.253052 0.253052
8 -0.100191 -0.100191
8 0.354110 0.354110
8 0.001633 0.001633
8 -0.017317 -0.017317
8 0.168119 0.168119
8 -0.116291 -0.116291
8 -0.004431 -0.004431
8 -0.110868 -0.110868
8 0.044273 0.044273
8 0.043004 0.043004
8 0.137331 0.137331
8 0.072932 0.072932
8 0.196662 0.196662
8 0.182105 0.182105
8 -0.138571 -0.138571
8 0.011938 0.011938
8 -0.021595 -0.021595
8 0.138120 0.138120
8 0.143768 0.143768
8 0.134455 0.134455
8 0.385530 0.385530
8 0.009683 0.009683
8 -0.031045 -0.031045
8 -0.112588 -0.112588
8 0.101050 0.101050
8 -0.272086 -0.272086
8 0.233846 0.233846
8 0.326613 0.326613
8 -0.053489 -0.053489
8 0.351319 0.351319
8 0.118002 0.118002
8 0.402154 0.402154
8 0.077099 0.077099
8 -0.218397 -0.218397
8 0.240202 0.240202
8 0.128457 0.128457
8 0.456135 0.456135
8 0.187079 0.187079
8 -0.068729 -0.068729
8 0.049241 0.049241
8 0.238404 0.238404
8 0.000032 0.000032
8 0.036432 0.036432
8 -0.082754 -0.082754
8 -0.027740 -0.027740
8 0.600264 0.600264
8 0.293505 0.293505
8 0.326456 0.326456
8 0.182868 0.182868
8 0.386764 0.386764
8 0.331687 0.331687
8 0.051762 0.051762
8 0.216087 0.216087
8 0.263983 0.263983
8 -0.107214 -0.107214
8 0.282234 0.282234
8 0.014349 0.014349
8 0.071286 0.071286
8 0.241845 0.241845
8 0.277986 0.277986
8 0.256899 0.256899
8 0.154195 0.154195
8 0.143584 0.143584
8 -0.062265 -0.062265
8 0.363233 0.363233
8 0.137361 0.137361
8 0.138866 0.138866
8 0.293566 0.293566
8 0.121620 0.121620
8 0.136759 0.136759
8 0.031243 0.031243
8 -0.065951 -0.065951
8 -0.091544 -0.091544
8 -0.055542 -0.055542
8 0.118743 0.118743
8 0.233252 0.233252
8 -0.299692 -0.299692
8 0.353387 0.353387
8 0.107452 0.107452
8 0.330269 0.330269
8 0.125256 0.125256
8 0.071507 0.071507
8 -0.082018 -0.082018
8 0.186249 0.186249
8 0.034133 0.034133
8 -0.086234 -0.086234
8 0.027599 0.027599
8 0.043895 0.043895
8 -0.232260 -0.232260
8 -0.022862 -0.022862
8 0.296113 0.296113
8 -0.026823 -0.026823
8 -0.048038 -0.048038
8 0.049880 0.049880
8 0.334239 0.334239
8 0.279416 0.279416
8 0.051270 0.051270
8 -0.003852 -218.167919
8 0.013659 57.082750
8 -0.015523 -153.998379
8 0.016782 -28.821659
8 0.001845 -41.347492
8 -0.026337 -449.288730
8 0.056623 -491.412769
8 -0.053176 -316.866246
8 -0.015966 -121.514618
8 0.042650 -439.657439
8 -0.030761 -391.555666
8 -0.074582 -505.218666
8 0.090915 -85.175885
8 0.074518 -250.061786
8 -0.137908 -1295.954783
8 -0.047737 -380.361013
8 -0.053799 -351.641395
8 -0.018239 -174.331164
8 -0.093759 -559.246517
8 0.040630 15.510741
8 0.000827 -49.398090
8 0.105208 18.344100
8 -0.265543 -2529.947290
8 -0.098425 -865.646167
8 0.002895 -62.345605
8 -0.052712 -435.141001
8 -0.204259 -994.871919
8 0.006344 -4.473977
8 -0.007683 -563.460781
8 -0.006116 -570.058300
8 -0.032509 -251.965773
8 -0.091521 -643.351378
8 -0.053869 -714.004872
8 0.045129 107.993546
8 -0.043233 -347.477884
8 0.043939 -177.257635
8 0.164008 -762.091823
8 0.053679 -34.543347
8 0.152570 -444.877022
8 -0.013095 -121.299004
8 0.051508 65.319842
8 -0.027113 -182.661073
8 -0.301279 -1926.754637
8 -0.016237 -936.212101
8 0.061863 -647.876815
8 -0.097041 -1109.710548
8 -0.137994 -1378.682130
8 0.018225 34.683843
8 0.018562 -122.555162
8 -0.013817 -127.801392
8 0.008471 33.379019
8 -0.035818 -396.858144
8 -0.118565 -884.494534
8 -0.052540 -843.759133
8 -0.034856 -333.418182
8 -0.095060 -860.974070
8 -0.005024 -760.417632
8 -0.108125 -838.735968
8 -0.030749 -205.349447
8 -0.016972 -273.186168
8 -0.004932 -128.091598
8 0.002544 -31.102406
8 -0.008091 -73.581016
8 -0.119491 -514.676073
8 0.086659 -258.508599
8 0.058563 -189.246588
8 0.024821 -95.411526
8 0.073251 87.049358
8 0.072760 37.676675
8 -0.018764 -250.077126
8 -0.071302 -728.250769
8 -0.011527 -597.678751
8 -0.011240 -131.061969
8 -0.220420 -1555.706411
8 -0.007625 -345.966262
8 -0.090844 -613.913256
8 0.022441 11.978101
8 -0.010534 -278.736351
8 0.000161 -1178.095890
8 -0.118932 -930.764730
8 -0.187817 -1329.859372
8 0.070385 -169.960202
8 -0.040803 -330.377941
8 0.062136 -241.814619
8 -0.030334 -403.060676
8 0.000231 -48.799231
8 0.133247 -399.721904
8 -0.080009 -457.772181
8 0.146347 143.613914
8 0.000538 -114.948115
8 0.137435 1094.924497
8 -0.034021 -238.312635
8 -0.182755 -2709.346250
8 -0.007667 -91.700355
8 0.037556 50.027981
8 -0.029460 -534.727925
8 -0.019033 -160.867634
8 0.034630 -59.284797
8 -0.062812 -516.394241
8 0.130556 -439.092111
8 -0.025213 -127.711497
8 0.373665 -47.407160
8 0.008750 -251.789544
8 -0.001481 -21.422990
8 -0.007748 -55.569230
8 -0.009407 -210.434640
8 -0.020940 -159.230844
8 -0.010155 -84.832705
8 -0.058851 -759.061626
8 0.038918 -538.655186
8 -0.062603 -886.337537
8 -0.031219 -318.740177
8 -0.000626 -150.162990
8 -0.059232 -438.633478
8 -0.001337 -112.797714
8 0.108909 -649.856458
8 -0.137800 -1608.458537
8 0.246055 -391.547737
8 0.070741 -20.810000
8 -0.061583 -326.640368
8 0.052307 143.604116
8 -0.094242 -2607.052529
8 0.427540 99.407640
8 -0.025084 -184.005457
8 0.063023 11.617206
8 -0.009311 -361.687215
8 0.072731 157.047710
8 0.222721 657.702449
8 -0.044278 -201.074828
8 -0.232864 -1122.578676
8 0.019457 16.677930
8 -0.103520 -2137.918191
8 -0.087105 -1741.628005
8 -0.006539 -75.798602
8 -0.025714 -184.189483
8 0.001979 -24.323538
8 0.077909 11.459960
8 0.052025 -145.628771
8 -0.000756 -295.025464
8 0.084471 -440.891381
8 -0.041210 -1088.318474
8 -0.032999 -238.741798
8 0.169926 -577.663093
8 -0.129569 -1844.159664
8 -0.018691 -240.592382
8 -0.055598 -649.276133
8 0.002440 -168.979456
8 -0.024515 -459.962485
8 -0.028546 -147.253861
8 -0.024891 -170.468698
8 0.182159 811.086607
8 -0.012515 -223.506993
8 -0.036999 -618.488928
8 -0.102463 -571.986266
8 -0.125784 -1065.172380
8 -0.227879 -2696.051138
8 -0.155269 -1232.150569
8 -0.151954 -1164.694256
8 -0.032466 -278.872878
8 -0.017875 -97.465720
8 -0.087905 -661.893983
8 -0.046097 -441.454669
8 0.003678 -264.034742
8 -0.154114 -694.977160
8 -0.092327 -394.233382
8 -0.005678 -144.041720
8 0.028548 100.923508
8 0.027978 -198.018633
8 -0.126435 -572.170198
8 0.172474 -184.063063
8 -0.001753 -262.515698
8 0.047802 35.204930
8 -0.089352 -946.910163
8 -0.013405 -318.712621
8 -0.034139 -287.762120
8 -0.005260 -48.072993
8 0.029513 -1748.299886
8 0.043268 122.413903
8 -0.039488 -356.113100
8 -0.036472 -194.806468
8 0.044016 75.940543
8 0.098922 371.943788
8 0.024646 -39.118622
8 -0.009043 -403.468745
8 0.074492 48.489733
8 0.018589 -1155.653934
8 0.104342 -275.708477
8 -0.038800 -713.461740
8 0.118788 314.908219
8 -0.000383 -11.811013
8 -0.137071 -728.209337
8 -0.145977 -770.048760
8 0.026963 204.814638
8 -0.065424 -582.239911
8 0.062602 -523.615169
8 0.026171 26.005275
8 -0.003974 -141.999066
8 0.015640 -28.631638
8 -0.054055 -405.153695
8 -0.093061 -432.744330
8 0.221953 -457.489155
8 -0.031795 -393.326879
8 -0.036195 -359.728884
8 0.045867 26.102877
8 0.059701 251.271182
8 -0.054622 -826.038749
8 0.028024 -298.962434
8 -0.170100 -1384.273090
8 -0.021493 -194.213503
8 0.071716 233.405179
8 -0.005353 -92.721094
8 0.014155 34.866269
8 -0.152089 -840.902716
8 -0.013970 -93.355161
8 -0.070576 -363.583503
8 -0.051217 -315.377775
8 0.381292 404.026396
8 0.018902 109.688281
8 -0.032319 -484.809527
8 -0.078290 -986.961285
8 -0.006179 -116.711773
8 -0.016780 -151.534361
8 -0.238788 -1544.668002
8 -0.007311 -155.896583
8 -0.040220 -272.399735
8 0.178357 1495.167380
8 -0.002448 -38.916741
8 -0.098568 -853.709524
8 0.003042 -81.194503
8 -0.012797 -95.302148
8 0.117080 74.491755
8 -0.004388 -119.541646
9 -0.035312 -0.035312
9 0.149573 0.149573
9 -0.135593 -0.135593
9 -0.450649 -0.450649
9 -0.410658 -0.410658
9 0.206282 0.206282
9 0.044270 0.044270
9 0.286270 0.286270
9 0.062042 0.062042
9 0.020098 0.020098
9 0.072528 0.072528
9 0.072389 0.072389
9 -0.050801 -0.050801
9 0.010066 0.010066
9 -0.124012 -0.124012
9 0.134338 0.134338
9 0.042553 0.042553
9 -0.087062 -0.087062
9 -0.014737 -0.014737
9 0.116811 0.116811
9 -0.009985 -0.009985
9 -0.425592 -0.425592
9 -0.089833 -0.089833
9 0.069190 0.069190
9 0.070660 0.070660
9 -0.012568 -0.012568
9 0.000837 0.000837
9 -0.316747 -0.316747
9 -0.223274 -0.223274
9 -0.222261 -0.222261
9 -0.093185 -0.093185
9 -0.061047 -0.061047
9 0.405873 0.405873
9 0.003801 0.003801
9 0.440125 0.440125
9 -0.023491 -0.023491
9 0.063521 0.063521
9 0.220321 0.220321
9 0.056946 0.056946
9 0.309163 0.309163
9 0.236061 0.236061
9 0.222748 0.222748
9 -0.288190 -0.288190
9 0.081519 0.081519
9 0.171252 0.171252
9 -0.381494 -0.381494
9 0.349895 0.349895
9 0.218909 0.218909
9 -0.076661 -0.076661
9 0.216069 0.216069
9 -0.107764 -0.107764
9 0.163051 0.163051
9 0.151374 0.151374
9 -0.156259 -0.156259
9 -0.085962 -0.085962
9 0.131756 0.131756
9 0.301972 0.301972
9 -0.191077 -0.191077
9 0.370642 0.370642
9 0.278169 0.278169
9 -0.152887 -0.152887
9 -0.198573 -0.198573
9 -0.139554 -0.139554
9 -0.060975 -0.060975
9 0.089491 0.089491
9 -0.097748 -0.097748
9 0.191814 0.191814
9 0.197246 0.197246
9 0.152186 0.152186
9 0.388072 0.388072
9 0.150451 0.150451
9 0.137425 0.137425
9 0.196373 0.196373
9 -0.028482 -0.028482
9 -0.353896 -0.353896
9 0.017373 0.017373
9 0.117744 0.117744
9 -0.304991 -0.304991
9 0.045781 0.045781
9 -0.121273 -0.121273
9 -0.223954 -0.223954
9 0.241353 0.241353
9 0.116439 0.116439
9 0.263985 0.263985
9 0.372944 0.372944
9 0.092423 0.092423
9 0.163594 0.163594
9 -0.535878 -0.535878
9 -0.015190 -0.015190
9 0.187862 0.187862
9 0.214592 0.214592
9 -0.000763 -0.000763
9 0.185928 0.185928
9 0.016423 0.016423
9 0.027013 0.027013
9 0.410206 0.410206
9 -0.084483 -0.084483
9 0.044805 0.044805
9 0.257415 0.257415
9 0.293793 0.293793
9 0.349910 0.349910
9 0.479040 0.479040
9 0.234721 0.234721
9 -0.060194 -0.060194
9 0.128252 0.128252
9 -0.100456 -0.100456
9 -0.092082 -0.092082
9 0.098675 0.098675
9 0.171586 0.171586
9 0.315338 0.315338
9 0.351122 0.351122
9 0.011653 0.011653
9 -0.185469 -0.185469
9 -0.121413 -0.121413
9 -0.098381 -0.098381
9 -0.079188 -0.079188
9 -0.177728 -0.177728
9 -0.128085 -0.128085
9 0.095568 0.095568
9 -0.176778 -0.176778
9 0.116760 0.116760
9 0.115838 0.115838
9 0.049553 0.049553
9 -0.089182 -0.089182
9 0.275072 0.275072
9 -0.004273 -0.004273
9 0.183242 0.183242
9 -0.055370 -0.055370
9 -0.396165 -0.396165
9 0.441321 0.441321
9 0.031667 0.031667
9 0.261924 0.261924
9 0.486836 0.486836
9 -0.010483 -0.010483
9 0.277157 0.277157
9 -0.044019 -0.044019
9 0.140405 0.140405
9 0.151634 0.151634
9 -0.318463 -0.318463
9 -0.043243 -0.043243
9 -0.104129 -0.104129
9 0.070276 0.070276
9 -0.034254 -0.034254
9 -0.204416 -0.204416
9 0.007042 0.007042
9 0.051990 0.051990
9 0.149007 0.149007
9 0.086523 0.086523
9 0.104040 0.104040
9 -0.245705 -0.245705
9 0.312028 0.312028
9 -0.098148 -0.098148
9 -0.293807 -0.293807
9 0.192251 0.192251
9 -0.081059 -0.081059
9 0.086343 0.086343
9 0.247457 0.247457
9 -0.099795 -0.099795
9 0.312160 0.312160
9 0.151388 0.151388
9 0.065771 0.065771
9 0.263214 0.263214
9 0.584480 0.584480
9 -0.202908 -0.202908
9 -0.093434 -0.093434
9 -0.443866 -0.443866
9 0.131354 0.131354
9 0.160234 0.160234
9 0.521187 0.521187
9 -0.006885 -0.006885
9 -0.218756 -0.218756
9 -0.177975 -0.177975
9 0.312235 0.312235
9 -0.015766 -0.015766
9 0.000000 0.000000
9 -0.134313 -0.134313
9 0.033283 0.033283
9 0.140930 0.140930
9 0.379798 0.379798
9 -0.154877 -0.154877
9 -0.250657 -0.250657
9 -0.215377 -0.215377
9 0.337564 0.337564
9 -0.134124 -0.134124
9 0.325473 0.325473
9 0.360147 0.360147
9 0.084553 0.084553
9 0.509474 0.509474
9 0.109942 0.109942
9 0.077526 0.077526
9 -0.201554 -0.201554
9 0.281112 0.281112
9 -0.169645 -0.169645
9 0.089358 0.089358
9 0.275068 0.275068
9 0.367834 0.367834
9 0.354004 0.354004
9 -0.203840 -0.203840
9 0.167318 0.167318
9 0.129201 0.129201
9 0.523236 0.523236
9 -0.156550 -0.156550
9 -0.179910 -0.179910
9 -0.013694 -0.013694
9 0.483479 0.483479
9 0.015466 0.015466
9 -0.126427 -0.126427
9 0.160351 0.160351
9 -0.076605 -0.076605
9 0.201476 0.201476
9 0.299471 0.299471
9 0.257334 0.257334
9 -0.141763 -0.141763
9 -0.044518 -0.044518
9 0.226730 0.226730
9 0.456642 0.456642
9 0.292027 0.292027
9 0.277804 0.277804
9 -0.148026 -0.148026
9 0.192093 0.192093
9 -0.128939 -0.128939
9 -0.093260 -0.093260
9 -0.082924 -0.082924
9 0.363158 0.363158
9 -0.174465 -0.174465
9 0.333591 0.333591
9 0.500033 0.500033
9 0.114249 0.114249
9 0.053162 0.053162
9 -0.155241 -0.155241
9 0.271383 0.271383
9 -0.425000 -0.425000
9 0.103774 0.103774
9 0.212694 0.212694
9 0.031841 0.031841
9 -0.069507 -0.069507
9 -0.205578 -0.205578
9 -0.215607 -0.215607
9 0.129413 0.129413
9 -0.295309 -0.295309
9 0.257166 0.257166
9 -0.345455 -0.345455
9 0.287730 0.287730
9 -0.034382 -0.034382
9 0.304183 0.304183
9 -0.109382 -0.109382
9 0.175043 0.175043
9 0.212673 0.212673
9 0.217320 0.217320
9 -0.001884 -0.001884
9 0.344638 0.344638
9 0.063994 0.063994
9 0.097232 0.097232
9 0.017794 0.017794
9 -0.086444 -0.086444
9 -0.124707 -0.124707
9 0.209250 0.209250
9 -0.350254 -0.350254
9 -0.011347 -0.011347
9 -0.031639 -0.031639
9 -0.059503 -0.059503
9 0.184933 0.184933
9 0.419189 0.419189
9 0.040362 0.040362
9 -0.183838 -0.183838
9 0.198882 0.198882
9 -0.229821 -0.229821
9 0.023483 0.023483
9 -0.390411 -0.390411
9 -0.009221 -0.009221
9 -0.133984 -0.133984
9 0.315852 0.315852
9 0.276319 0.276319
9 -0.480398 -0.480398
9 0.118697 0.118697
9 0.113590 0.113590
9 0.481991 0.481991
9 0.265253 0.265253
9 -0.094414 -0.094414
9 -0.044851 -0.044851
9 -0.026927 -0.026927
9 0.366955 0.366955
9 -0.466432 -0.466432
9 0.150481 0.150481
9 0.065945 0.065945
9 -0.103610 -0.103610
9 -0.012785 -0.012785
9 -0.164654 -0.164654
9 0.105813 0.105813
9 0.114664 0.114664
9 -0.246167 -0.246167
9 0.100523 0.100523
9 0.315590 0.315590
9 -0.073366 -0.073366
9 -0.389372 -0.389372
9 0.000681 0.000681
9 -0.261701 -0.261701
9 0.422914 0.422914
9 -0.385844 -0.385844
9 -0.248706 -0.248706
9 -0.115238 -0.115238
9 -0.047980 -0.047980
9 -0.051375 -0.051375
9 0.164524 0.164524
9 0.029332 0.029332
9 -0.062206 -0.062206
9 0.193439 0.193439
9 0.068225 0.068225
9 0.314847 0.314847
9 0.020197 0.020197
9 0.088534 0.088534
9 -0.211937 -0.211937
9 -0.151132 -0.151132
9 0.115964 0.115964
9 0.202123 0.202123
9 0.234811 0.234811
9 -0.088735 -0.088735
9 0.335499 0.335499
9 -0.003673 -0.003673
9 0.335976 0.335976
9 0.226957 0.226957
9 -0.012619 -0.012619
9 0.252932 0.252932
9 -0.213147 -0.213147
9 -0.056782 -0.056782
9 -0.353954 -0.353954
9 0.040343 0.040343
9 0.395443 0.395443
9 0.288906 0.288906
9 -0.126240 -0.126240
9 0.282052 0.282052
9 0.390788 0.390788
9 -0.125165 -0.125165
9 -0.167672 -0.167672
9 0.179696 0.179696
9 -0.150515 -0.150515
9 0.112827 0.112827
9 0.245996 0.245996
9 -0.076389 -0.076389
9 0.201006 0.201006
9 0.273932 0.273932
9 -0.146279 -0.146279
9 0.017013 0.017013
9 0.053527 0.053527
9 -0.122388 -0.122388
9 -0.063053 -0.063053
9 0.228731 0.228731
9 -0.036399 -0.036399
9 0.054095 0.054095
9 -0.255725 -0.255725
9 -0.021866 -0.021866
9 0.008822 0.008822
9 -0.063553 -0.063553
9 0.120234 0.120234
9 -0.033375 -0.033375
9 0.092078 0.092078
9 -0.194931 -0.194931
9 0.031849 0.031849
9 0.297240 0.297240
9 0.087269 0.087269
9 -0.231490 -0.231490
9 0.387659 0.387659
9 -0.221896 -0.221896
9 0.034420 0.034420
9 0.284769 0.284769
9 -0.124226 -0.124226
9 -0.011896 -0.011896
9 0.461827 0.461827
9 -0.101978 -0.101978
9 -0.381419 -0.381419
9 0.196098 0.196098
9 -0.197021 -0.197021
9 -0.046054 -0.046054
9 0.088304 0.088304
9 -0.248226 -0.248226
9 0.640882 0.640882
9 0.184666 0.184666
9 -0.088330 -0.088330
9 -0.012192 -0.012192
9 -0.075280 -0.075280
9 0.047332 0.047332
9 -0.173209 -0.173209
9 0.040146 0.040146
9 -0.578965 -0.578965
9 -0.184171 -0.184171
9 0.029899 0.029899
9 -0.156757 -0.156757
9 -0.004588 -0.004588
9 0.196685 0.196685
9 0.283601 0.283601
9 0.508653 0.508653
9 -0.169425 -0.169425
9 0.247956 0.247956
9 0.018168 0.018168
9 -0.001061 -0.001061
9 0.128351 0.128351
9 0.394824 0.394824
9 -0.399268 -0.399268
9 0.260365 0.260365
9 0.215177 0.215177
9 -0.183763 -0.183763
9 0.107530 0.107530
9 -0.331158 -0.331158
9 0.189843 0.189843
9 -0.308802 -0.308802
9 0.299308 0.299308
9 0.266287 0.266287
9 0.037802 0.037802
9 -0.243256 -0.243256
9 -0.351772 -0.351772
9 -0.282821 -0.282821
9 0.210590 0.210590
9 0.097946 0.097946
9 0.041736 0.041736
9 -0.051127 -0.051127
9 0.034221 0.034221
9 -0.368617 -0.368617
9 -0.078002 -0.078002
9 0.238012 0.238012
9 0.114555 0.114555
9 -0.039948 -0.039948
9 -0.040650 -0.040650
9 0.501796 0.501796
9 -0.161775 -0.161775
9 -0.017825 -0.017825
9 -0.025117 -0.025117
9 -0.265754 -0.265754
9 0.191000 0.191000
9 -0.223028 -0.223028
9 -0.032868 -0.032868
9 0.256143 0.256143
9 0.184436 0.184436
9 -0.166048 -0.166048
9 0.307287 0.307287
9 0.015875 0.015875
9 0.351338 0.351338
9 -0.008381 -0.008381
9 -0.070510 -0.070510
9 -0.004732 -0.004732
9 0.176452 0.176452
9 0.432349 0.432349
9 -0.034219 -0.034219
9 -0.002513 -0.002513
9 0.132450 0.132450
9 -0.074988 -0.074988
9 0.179199 0.179199
9 0.125553 0.125553
9 0.130209 0.130209
9 -0.305349 -0.305349
9 -0.389696 -0.389696
9 0.294549 0.294549
9 -0.361235 -0.361235
9 0.167117 0.167117
9 -0.038789 -0.038789
9 0.187249 0.187249
9 0.152294 0.152294
9 0.417875 0.417875
9 0.092366 0.092366
9 0.074509 0.074509
9 0.083674 0.083674
9 -0.151627 -0.151627
9 0.141206 0.141206
9 -0.132196 -0.132196
9 0.157640 0.157640
9 -0.036391 -0.036391
9 0.183172 0.183172
9 -0.060062 -0.060062
9 0.295942 0.295942
9 -0.362967 -0.362967
9 0.185858 0.185858
9 0.181219 0.181219
9 0.434201 0.434201
9 -0.084209 -0.084209
9 0.077786 0.077786
9 0.176711 0.176711
9 0.355798 0.355798
9 0.006313 0.006313
9 -0.119088 -0.119088
9 0.016181 0.016181
9 -0.076208 -0.076208
9 -0.134227 -0.134227
9 -0.043607 -0.043607
9 0.000000 0.000000
9 0.199570 0.199570
9 0.321175 0.321175
9 -0.310887 -0.310887
9 0.361638 0.361638
9 -0.070441 -0.070441
9 0.175290 0.175290
9 -0.271011 -0.271011
9 0.002547 0.002547
9 0.238474 0.238474
9 -0.125719 -0.125719
9 0.211881 0.211881
9 -0.215332 -0.215332
9 0.316504 0.316504
9 0.288800 0.288800
9 -0.203636 -0.203636
9 0.033746 0.033746
9 0.187806 -329.240404
9 0.021473 -1076.442727
9 -0.037545 -1927.659203
9 0.036558 -194.247842
9 -0.093711 -494.506822
9 -0.010023 -130.756314
9 -0.083001 -1747.530765
9 0.043607 -157.820451
9 -0.067640 -472.281034
9 -0.018889 -225.387562
9 0.056581 98.471150
9 0.142271 -84.770377
9 -0.080352 -638.959606
9 -0.118279 -1392.187410
9 -0.118982 -596.480238
9 -0.010188 -52.006869
9 -0.182588 -2325.269235
9 -0.216215 -1177.246251
9 -0.030447 -375.970383
9 -0.089837 -594.730934
9 0.017256 -406.128208
9 -0.015815 -261.097046
9 -0.088075 -659.850443
9 0.010410 -780.821875
9 -0.020910 -1034.220685
9 -0.155799 -1670.281778
9 -0.017324 -2088.480334
9 -0.212412 -1935.536776
9 -0.204263 -1981.989274
9 -0.047473 -442.599717
9 -0.151488 -960.054311
9 -0.050012 -341.407180
9 -0.297931 -1127.686374
9 0.166897 -491.325762
9 -0.017958 -99.094846
9 -0.130450 -1236.217001
9 -0.278316 -1940.426738
9 -0.064564 -575.459623
9 -0.266084 -2031.837705
9 -0.013444 -1063.800967
9 -0.062921 -1271.890775
9 0.062091 387.842957
9 -0.192700 -1016.524648
9 0.039636 19.500271
9 -0.107751 -508.684609
9 -0.037381 -508.700457
9 -0.044596 -440.248656
9 0.039877 177.105028
9 -0.022563 -268.116086
9 -0.105427 -663.894120
9 0.075779 310.906673
9 -0.092469 -548.004643
9 0.028693 31.965436
9 -0.014388 -287.146278
9 -0.025722 -149.143498
9 -0.124020 -850.665204
9 0.006535 -374.525414
9 0.093241 -481.739151
9 -0.017756 -1148.160741
9 -0.006170 -230.307565
9 -0.144552 -674.318511
9 -0.023059 -236.519301
9 0.113125 -33.802007
9 -0.046791 -222.051732
9 -0.052540 -283.344379
9 -0.107701 -1790.931823
9 -0.010620 -81.057379
9 -0.127089 -1214.668962
9 -0.436375 -4289.852397
9 -0.034693 -659.469459
9 0.095502 143.323325
9 -0.256130 -3107.265969
9 0.216168 -421.589714
9 -0.131677 -1063.827032
9 -0.001897 -323.238886
9 -0.030870 -460.450517
9 -0.026155 -1035.802390
9 0.319671 686.891560
9 0.011880 -13.765286
9 -0.029276 -621.432193
9 -0.003807 -623.961742
9 0.008809 -485.515629
9 0.014116 -55.123967
9 -0.057010 -632.932031
9 -0.029441 -246.205051
9 -0.231980 -1688.377722
9 -0.127628 -402.877536
9 -0.276197 -2809.760889
9 0.034744 -735.776380
9 -0.094903 -1205.904526
9 -0.012444 -1584.513323
9 -0.142979 -1443.024505
9 -0.128962 -983.665433
9 -0.088863 -1083.669287
9 -0.001874 -38.949504
9 -0.003541 -1171.889454
9 -0.015516 -204.777292
9 -0.142543 -608.169519
9 0.009513 -4.248209
9 0.003876 -125.339156
9 0.010698 -162.829059
9 0.084384 55.769657
9 -0.035974 -960.197361
9 -0.042417 -617.554258
9 -0.032945 -190.889384
9 -0.018840 -458.364317
9 0.008865 -40.215588
9 0.097289 -457.185536
9 0.252394 -257.940429
9 -0.045939 -370.249172
9 -0.139613 -1317.069503
9 -0.063135 -1091.663270
9 -0.014334 -673.102166
9 -0.031416 -420.763630
9 0.007134 -306.998341
9 0.444702 -218.636367
9 -0.030071 -240.116899
9 -0.026699 -179.922898
9 -0.077083 -644.581328
9 -0.263383 -2970.268154
9 -0.146134 -974.515587
9 -0.066672 -589.633502
9 0.019908 155.146823
9 0.015205 -646.254735
9 -0.030524 -461.460609
9 -0.083528 -577.164389
9 -0.151882 -1830.548374
9 -0.036437 -207.228796
9 0.179865 61.107691
9 0.018774 -4.022108
9 -0.032894 -209.741207
9 -0.065911 -378.886324
9 0.076206 74.861526
9 0.237785 -952.835886
9 0.046197 -528.971332
9 -0.066801 -411.703844
9 -0.004304 -446.701817
9 -0.105262 -804.490161
9 -0.016448 -1370.020458
9 -0.148603 -743.869303
9 0.414033 -969.134566
9 0.021906 -1133.755809
9 -0.090518 -1730.725550
9 -0.086514 -424.367294
9 0.038940 -612.256712
9 -0.198762 -963.054630
9 -0.009244 -77.041152
9 -0.100596 -547.996145
9 0.016964 -227.087946
9 0.016266 -90.379052
9 -0.043568 -1062.226266
9 0.486335 57.378007
9 -0.176219 -880.208626
9 -0.174698 -872.259408
9 -0.132942 -631.236157
9 0.358046 -299.425930
9 -0.075264 -346.460774
9 -0.264411 -1503.913884
9 -0.106287 -762.681904
9 0.229489 515.769612
9 -0.171840 -702.667613
9 0.021816 -189.922383
9 -0.144373 -1544.214020
9 0.143212 -26.406468
9 0.078328 -67.580561
9 -0.005507 -288.595974
9 -0.057180 -306.963208
9 -0.056208 -620.888557
9 -0.072786 -847.489110
9 -0.282754 -3417.533720
9 -0.001821 -672.127777
9 -0.025321 -304.758528
9 -0.039088 -473.804731
9 -0.014422 -254.143849
9 -0.143442 -1315.487789
9 -0.140376 -672.302186
9 0.031782 -125.600181
9 0.061001 -1115.356096
9 -0.060877 -476.457727
9 -0.094042 -428.437452
9 -0.037283 -564.027663
9 -0.032193 -310.063730
9 0.145294 -299.332250
9 0.008511 31.536565
9 0.054583 76.806973
9 -0.263866 -1101.379533
9 -0.057727 -593.188542
9 -0.034453 -235.144839
9 0.386861 -155.106980
9 -0.073172 -1299.870756
9 -0.071356 -549.351346
9 0.100470 -747.851175
9 -0.129670 -887.899766
9 0.134545 -6.501727
9 0.033926 -159.214350
9 -0.166142 -854.389792
9 0.081718 -504.336494
9 0.021253 -606.981097
9 -0.008000 -2606.811377
9 0.050321 -1162.285014
9 0.002858 -77.007785
9 -0.023867 -196.349216
9 0.032356 222.549817
9 0.017257 -81.938835
9 -0.077732 -361.891925
9 -0.333968 -2411.464472
9 0.070598 -474.375395
9 0.000263 -23.713838
9 0.028984 -1169.739420
9 -0.120944 -586.621677
9 -0.085662 -845.365309
9 -0.052884 -1316.705129
9 0.210333 666.969550
9 0.217893 839.718463
9 -0.310852 -1354.293467
9 0.072366 36.774580
9 -0.087843 -993.656506
9 -0.159320 -978.574537
9 -0.114737 -1499.434521
9 -0.073400 -704.623556
9 0.187966 360.895830
9 -0.188025 -1173.237641
9 0.011046 -807.585628
9 -0.083503 -549.702638
9 -0.295837 -2018.218392
9 -0.018342 -102.471827
9 -0.045652 -531.161855
9 -0.125200 -1133.769746
9 -0.202360 -1410.417159
9 -0.059020 -429.305979
9 -0.055552 -372.597686
9 0.007902 -203.655993
9 -0.141372 -882.966992
9 -0.000196 -184.823699
9 0.000597 -538.750017
9 -0.148485 -1585.132609
9 0.088924 660.719628
9 0.015806 127.971337
9 0.012681 15.711568
9 -0.070394 -1158.646672
9 -0.174413 -1310.477612
9 0.193857 -775.296337
9 -0.021333 -945.395667
9 -0.007224 -195.825984
9 0.000417 -233.765687
9 -0.006607 -48.640859
9 -0.074493 -672.107005
9 -0.267035 -3719.576753
9 -0.141006 -2275.415766
9 -0.041257 -407.399055
9 -0.178650 -1189.396989
9 -0.052894 -505.916436
9 0.004206 -383.136517
9 0.249887 1503.818207
9 0.002151 -1101.708927
9 -0.083549 -410.520552
9 -0.057120 -680.875818
9 -0.264637 -1044.570512
9 -0.020977 -497.488201
9 -0.133065 -1399.666702
9 -0.018558 -143.994668
9 0.023063 -209.465609
9 -0.061019 -496.697937
9 -0.051629 -675.812636
9 0.017323 -656.361393
9 -0.060980 -532.081636
9 0.018291 -49.185766
9 0.151549 184.266235
9 0.007173 -1682.846419
9 -0.057518 -600.379929
9 -0.013491 -224.542543
9 -0.279179 -1611.575022
9 -0.026920 -411.119303
9 -0.032248 -148.751900
9 -0.149166 -799.697724
9 -0.038673 -402.430723
9 -0.104513 -879.648978
9 -0.096744 -718.646369
9 -0.001875 -173.044016
9 -0.056932 -503.786184
9 0.159820 -616.685146
9 0.092200 -467.510642
9 -0.210008 -895.413639
9 -0.021886 -279.621894
9 -0.093171 -796.013919
9 -0.224795 -2147.433475
9 -0.129635 -3758.676791
9 -0.001388 -869.084926
9 -0.002803 -22.040210
9 -0.198794 -2060.809594
9 -0.044874 -336.222218
9 -0.190154 -1322.079750
9 -0.060960 -450.941212
9 -0.300861 -2279.907720
9 -0.005419 -213.443533
9 -0.007003 -81.947238
9 0.016945 -1256.118269
9 -0.161894 -869.399693
9 -0.024482 -165.628064
9 -0.247360 -1450.353699
9 -0.014377 -221.854126
9 -0.027675 -264.477661
9 0.001763 -619.431012
9 0.060500 -232.355154
9 -0.116919 -744.214715
9 -0.063810 -1275.153373
9 -0.147409 -1381.903124
9 0.314038 311.905718
9 0.294933 1861.397519
9 0.065046 -513.036154
9 -0.032783 -166.468553
9 -0.004395 -305.506170
9 -0.236232 -1239.115102
9 -0.078366 -494.248132
9 -0.068611 -1080.284134
9 -0.111354 -463.689664
9 -0.228635 -2292.990857
9 -0.063186 -884.800903
9 0.001580 -552.165617
9 -0.176723 -1531.211189
9 -0.264207 -2088.380726
9 -0.013749 -510.640894
9 0.014270 2.538662
9 -0.132432 -710.238854
9 0.116944 1254.577830
9 0.138222 145.524924
9 -0.001568 -53.262593
9 -0.013490 -224.356290
9 -0.034974 -181.217975
