16 0.117375 426.000195 0.064918 22.417620 
15 0.052598 113.954168 -0.126504 -684.815308 
14 0.277398 948.790379 0.188016 633.316204 
14 0.114061 925.813158 0.030332 42.801392 
13 0.617277 949.897810 0.383924 78.032218 
finish
14 0.012305 43.992697 -0.116624 -908.066522 
10 0.027206 101.479554 -0.045408 -444.289475 
9 0.067337 166.208566 0.017966 -110.973119 
finish
16 0.003778 14.184108 -0.060636 -399.347430 
16 0.173104 641.248777 -0.060384 -1094.961545 
15 0.007557 30.147518 -0.040877 -291.289099 
15 0.147046 508.314280 0.066574 -127.578476 
14 0.006290 18.484872 -0.029275 -234.258261 
13 0.002677 10.233370 -0.008040 -59.805442 
13 0.199617 699.629261 0.126801 67.412657 
13 0.198215 684.112196 -0.075982 -1540.790695 
12 0.281024 887.486201 0.109090 270.223868 
10 0.090574 856.670535 -0.291842 -2076.490533 
10 0.090521 665.788108 -0.265658 -2095.976858 
finish
17 0.084304 161.898047 -0.072698 -591.917112 
14 0.001175 3.266792 -0.028578 -127.024725 
14 0.463962 854.999950 0.048498 -1160.051982 
finish
15 0.014619 108.173114 -0.134446 -1268.954270 
14 0.029280 59.957737 -0.081599 -525.919336 
finish
11 0.010764 26.110490 -0.049871 -272.413804 
9 0.010716 22.706693 -0.120814 -1207.244274 
4 0.001010 4.006810 -0.012486 -105.192100 
finish
16 0.187157 1100.242589 -0.063107 -1276.501696 
15 0.086411 632.724003 -0.036461 -1304.359082 
14 0.310862 2647.055838 0.050545 -490.239700 
13 0.005241 10.646172 -0.080335 -376.375232 
12 0.010920 20.805865 -0.156421 -705.234442 
12 0.219030 1865.311697 -0.015396 -1005.207548 
11 0.041688 82.461880 -0.183636 -864.535721 
10 0.061070 307.111486 -0.100782 -916.761655 
finish
15 0.039518 70.936374 -0.208438 -962.903040 
finish
17 0.364699 734.808582 0.132864 -315.227004 
15 0.425578 787.554404 0.146731 207.484923 
12 0.081971 230.053179 0.042958 -16.399613 
10 0.006404 30.902541 -0.013001 -102.988672 
9 0.014698 91.653613 -0.011850 -86.739399 
9 0.378753 2928.593204 0.176176 1527.321134 
9 0.026773 180.645114 -0.000335 -30.184881 
8 0.079601 393.780025 -0.078572 -1055.680803 
7 0.077460 372.267356 -0.017181 -586.926363 
7 0.005703 30.809537 -0.013912 -120.349389 
6 0.008819 72.954327 -0.006079 -139.668988 
5 0.007651 77.017121 0.006653 63.101967 
finish
14 0.087706 312.690443 -0.010062 -490.187123 
14 0.120058 226.861296 0.052819 -78.482861 
12 0.161270 322.277606 -0.097780 -986.593898 
10 0.078784 174.263292 -0.140835 -964.742163 
9 0.061215 139.039598 -0.128225 -850.164578 
finish
6 0.000750 3.347989 -0.001446 -10.737554 
finish
16 0.198588 496.038256 0.095823 -188.183156 
15 0.192296 472.746589 0.112202 -66.675120 
12 0.423621 919.631300 0.239031 -303.200343 
finish
16 0.371880 1266.257166 0.049144 -800.226072 
15 0.130006 405.122629 -0.328923 -2445.012239 
12 0.105966 591.345740 -0.298377 -4574.209348 
finish
16 0.030616 60.553232 -0.035779 -252.620151 
10 0.103959 203.424548 -0.121602 -1256.736018 
10 0.136110 263.669067 -0.070796 -1071.870590 
finish
13 0.097732 407.118917 -0.075074 -879.842788 
11 0.010467 57.337469 -0.120495 -819.940275 
finish
16 0.022425 84.941943 -0.170099 -1306.377123 
15 0.117896 373.285422 -0.115097 -1186.501359 
14 0.020378 76.999964 -0.070548 -645.437735 
14 0.032243 97.708701 -0.043011 -513.634027 
12 0.166452 554.011101 0.082026 -491.661331 
finish
16 0.097565 197.636569 -0.002058 -294.427865 
15 0.089920 158.642280 -0.030614 -383.248364 
10 0.130683 247.034547 -0.039015 -544.812861 
8 0.053869 131.852612 0.040224 48.009500 
finish
15 0.135342 540.215989 -0.003376 -622.508213 
6 0.129942 667.269774 0.122219 588.995369 
finish
15 0.029711 57.910462 -0.088173 -451.129259 
13 0.435868 931.429750 0.210868 -708.084336 
finish
finish
14 0.229035 846.669466 0.035796 -674.239150 
12 0.025533 166.436484 -0.281245 -3029.486449 
11 0.020475 137.016766 -0.266142 -2869.450407 
11 0.078767 658.542594 -0.295454 -2638.662566 
10 0.074071 622.320245 -0.249754 -2192.522332 
finish
finish
16 0.186628 437.538900 0.128397 72.583044 
13 0.263783 633.409987 0.080738 -687.628370 
12 0.075299 251.730470 -0.081884 -892.270860 
12 0.264989 1897.772880 0.070526 -41.276801 
11 0.249539 1756.628843 -0.002274 -49.533429 
9 0.582755 3386.454807 0.389264 1936.224362 
4 0.004670 26.518091 0.004293 22.395096 
4 0.043050 434.428657 0.036224 347.371538 
finish
15 0.212304 395.482053 -0.029531 -959.457038 
14 0.240663 433.576567 -0.089698 -1319.910696 
13 0.207079 371.812605 -0.109745 -1299.337277 
12 0.178167 312.125622 -0.071544 -990.603760 
11 0.183680 304.972437 -0.042590 -889.878349 
11 0.322364 520.531037 0.097874 -652.083805 
finish
16 0.028520 151.378112 -0.075414 -641.479847 
finish
14 0.501426 896.826147 0.330008 -249.209772 
14 0.011303 49.521842 -0.080293 -703.889901 
13 0.003881 14.714042 -0.086911 -700.313335 
finish
16 0.030682 120.241641 -0.230393 -1832.898061 
finish
14 0.010857 25.555804 -0.046747 -227.183802 
finish
16 0.081672 197.010996 -0.003589 -207.140225 
8 0.367545 930.842389 0.211203 -145.762167 
6 0.034140 118.497516 0.018458 -16.371125 
2 0.002048 24.653743 0.002048 24.653743 
finish
15 0.154354 315.159690 -0.141493 -1114.570073 
finish
3 0.003912 34.506661 0.001522 -3.629308 
finish
16 0.092001 198.891190 -0.070982 -719.690027 
15 0.137691 426.739404 -0.093532 -1091.352683 
13 0.050029 96.570063 -0.178845 -925.507377 
11 0.029067 70.412834 -0.113730 -613.077677 
finish
15 0.134406 263.824948 -0.134360 -1220.641731 
14 0.219451 514.709980 -0.030580 -880.896987 
12 0.116927 481.496499 -0.116949 -1304.217825 
11 0.103919 626.694881 -0.075227 -768.567189 
10 0.078832 398.273167 -0.068648 -770.372805 
8 0.100479 244.279914 0.077013 82.482465 
3 0.017277 108.841359 0.003148 13.578717 
finish
14 0.433348 4192.564245 0.258728 1510.928843 
finish
15 0.062012 138.796423 -0.110014 -858.414761 
12 0.152770 1902.842131 -0.235060 -3226.509712 
11 0.480270 1283.616239 0.032690 -1680.266937 
10 0.187530 1932.581706 -0.098060 -2020.455452 
10 0.147874 643.430687 0.054372 -176.898900 
10 0.008896 24.109423 -0.006616 -69.019733 
10 0.130724 224.831358 -0.292869 -2645.840739 
10 0.009467 25.362182 -0.001666 -42.005325 
9 0.302805 566.032774 -0.119644 -1913.403037 
8 0.087881 1091.639810 -0.081870 -1793.380957 
8 0.152525 276.099203 0.013020 -615.798397 
8 0.014122 36.158144 0.004425 -24.104335 
8 0.016638 232.680743 -0.009723 -228.741631 
7 0.179449 797.463119 0.124061 299.756802 
7 0.000357 1.222445 -0.006824 -46.315590 
5 0.007831 30.301696 0.007009 22.532782 
2 0.003630 29.047112 0.003630 29.047112 
2 0.010181 83.593545 0.010181 83.593545 
finish
15 0.075925 242.759932 -0.223571 -2100.809202 
14 0.019481 189.196442 -0.064136 -732.032381 
13 0.225271 1166.888147 0.155996 578.154294 
13 0.058587 182.295850 -0.152778 -1876.121193 
11 0.092214 319.914449 -0.086846 -1456.065012 
9 0.003027 21.548631 0.001063 1.644505 
7 0.012711 39.469622 -0.014274 -121.834336 
5 0.001215 3.983331 0.001050 2.589583 
finish
16 0.033822 91.217015 -0.146927 -2039.880997 
15 0.233773 499.022973 0.084238 -275.401060 
15 0.105549 249.444606 -0.083983 -718.818161 
14 0.067129 111.110638 -0.168922 -784.311657 
13 0.015793 41.595687 -0.210364 -821.312389 
12 0.010239 18.942486 -0.164775 -657.662043 
finish
16 0.022007 45.206908 -0.109814 -585.137176 
13 0.175498 570.763562 -0.028645 -1068.792341 
10 0.073090 242.673372 -0.097231 -1490.803758 
7 0.054529 202.941724 -0.027268 -690.635847 
finish
16 0.149193 1552.989677 0.022850 -608.538383 
16 0.050870 119.205443 -0.118399 -765.923994 
15 0.167294 302.294912 0.025697 -448.333153 
13 0.069155 120.126157 -0.349166 -1479.920683 
12 0.152186 498.923393 -0.013676 -850.999767 
10 0.172261 592.550180 -0.136219 -2097.929811 
9 0.152603 354.953716 -0.109116 -2083.792372 
finish
15 0.143445 480.345882 0.035609 -195.644844 
14 0.117034 450.589892 0.006169 -211.084299 
12 0.085756 253.104286 0.022745 -212.489828 
8 0.123445 531.309031 -0.014580 -735.672548 
finish
15 0.063614 405.981864 0.012690 -234.345348 
15 0.177823 361.926061 0.056837 -417.204844 
13 0.012066 68.255758 -0.052572 -554.946988 
13 0.038726 80.943015 -0.049047 -462.270746 
finish
13 0.018937 39.667682 -0.165089 -696.627667 
12 0.052432 150.426680 -0.149040 -1531.500757 
12 0.007653 33.151553 -0.101795 -408.304636 
finish
5 0.004439 39.015453 0.003342 24.279308 
finish
16 0.035691 133.466884 -0.193884 -1256.056710 
14 0.010771 26.976503 -0.199308 -1906.774081 
12 0.001026 2.904355 -0.264014 -2674.501552 
finish
15 0.003038 12.149176 -0.334609 -1436.993079 
14 0.027258 52.129684 -0.289928 -1327.748863 
14 0.042035 100.622492 -0.024705 -284.585033 
13 0.032667 80.574683 -0.012420 -180.731376 
finish
15 0.116021 512.298230 -0.037031 -881.711722 
6 0.009111 68.880745 0.003396 1.072962 
2 0.196223 3425.945528 0.189569 3260.116307 
finish
15 0.002589 17.216585 -0.044421 -473.607235 
14 0.023713 51.105280 -0.027113 -220.181487 
10 0.021996 73.373805 -0.167743 -1112.207692 
9 0.092881 331.294709 -0.058389 -601.093819 
9 0.025268 206.104185 0.017874 100.418441 
finish
17 0.026992 52.116046 -0.084929 -499.584145 
14 0.070591 423.699197 -0.110460 -1537.300122 
11 0.022300 120.922826 -0.091569 -467.106390 
10 0.038521 91.339356 -0.036615 -317.591432 
10 0.180652 319.296530 -0.001573 -859.679916 
9 0.041956 103.882991 -0.098514 -579.543308 
9 0.015734 59.719463 -0.040630 -260.309767 
9 0.081037 163.753479 0.003598 -309.185079 
9 0.016845 60.433020 -0.047402 -302.759537 
finish
15 0.060515 209.339758 -0.159919 -1267.128121 
14 0.089906 511.457405 -0.114556 -1126.718621 
10 0.175842 793.483283 0.116736 263.215836 
10 0.090581 615.795321 -0.010906 -346.355478 
9 0.090022 562.344302 -0.006531 -282.950644 
7 0.000606 6.316198 -0.001102 -11.203107 
6 0.000065 0.699519 -0.001341 -14.260561 
2 0.003702 32.113841 0.003173 27.690976 
finish
17 0.037616 69.794062 -0.143326 -700.474610 
15 0.025426 94.704222 -0.152961 -1100.205871 
13 0.168085 309.527482 -0.027195 -561.435161 
13 0.146552 254.056230 -0.044686 -584.709872 
11 0.028104 109.453397 -0.154769 -1141.357204 
11 0.040184 69.452680 -0.133757 -643.955688 
9 0.023943 49.850695 -0.057268 -406.134381 
8 0.002269 5.145671 -0.081018 -371.167148 
finish
15 0.024563 152.290214 -0.118006 -817.141142 
13 0.034662 103.854547 -0.171517 -1210.879585 
13 0.035708 120.199084 -0.078115 -627.288852 
10 0.126096 317.713300 -0.052258 -1033.261016 
9 0.041742 101.268225 -0.077928 -543.128443 
9 0.085037 218.168749 -0.152887 -1264.155224 
finish
finish
16 0.080140 442.290516 -0.090991 -1053.259154 
15 0.115078 615.346001 -0.025592 -706.359439 
12 0.076806 483.231202 -0.028669 -619.858673 
3 0.000459 3.695385 0.000459 3.695385 
finish
14 0.006746 36.774611 -0.137014 -1338.767501 
14 0.028496 112.171352 -0.011177 -126.016977 
11 0.048005 270.467952 0.015442 -149.596640 
finish
3 0.001099 9.582614 -0.001343 -34.167575 
2 0.008461 75.241138 0.008461 75.241138 
finish
16 0.048496 99.969617 -0.060564 -344.156918 
15 0.050575 111.246956 -0.082734 -467.789158 
finish
finish
17 0.035221 158.525494 -0.071691 -586.012505 
15 0.019684 96.949191 -0.061514 -281.773718 
14 0.060781 173.556122 -0.153677 -1812.751340 
13 0.150367 393.845463 -0.194722 -2809.790255 
12 0.177946 746.827462 0.098309 80.549128 
11 0.101197 514.822491 -0.180817 -1181.955428 
10 0.026502 50.827592 -0.203392 -965.757240 
10 0.253862 1620.785433 -0.056320 -1333.488641 
10 0.067609 300.517627 -0.212552 -2397.782749 
finish
12 0.088933 211.237962 0.025462 -159.987673 
12 0.141007 239.131339 -0.226655 -1834.432668 
3 0.000233 0.929993 0.000233 0.929993 
2 0.001984 8.772793 0.001984 8.772793 
2 0.006557 60.335095 0.006557 60.335095 
finish
14 0.047535 163.697784 -0.301290 -1982.613814 
13 0.102489 392.783594 -0.190581 -1346.172016 
13 0.110569 328.777309 -0.310680 -2047.417664 
12 0.216055 387.743393 -0.213830 -1954.058672 
finish
finish
17 0.056663 177.630378 -0.100111 -725.503130 
15 0.050753 139.450441 -0.140025 -744.169967 
14 0.098531 272.699165 -0.004457 -358.457843 
14 0.012256 77.734238 -0.261175 -2538.358916 
14 0.115619 217.058500 -0.257578 -1388.463621 
14 0.033621 68.632709 -0.176865 -962.847689 
12 0.104641 355.227023 -0.191316 -1510.181655 
9 0.035011 218.959548 -0.269496 -3547.629734 
finish
12 0.165556 419.857136 -0.192426 -2048.483857 
12 0.209369 518.361264 -0.156451 -2015.173086 
11 0.042643 107.524553 -0.273165 -4273.745042 
10 0.055909 861.832920 -0.180079 -2408.045326 
8 0.003135 9.571582 -0.022143 -155.007576 
7 0.002288 10.506278 -0.001326 -17.719397 
6 0.050084 341.319457 0.039289 207.983690 
3 0.038061 330.598044 0.035305 307.933835 
finish
15 0.123052 542.943287 0.000078 -734.979487 
15 0.142859 470.973715 -0.141325 -1545.490013 
15 0.114077 244.020051 -0.101643 -1232.216413 
14 0.068211 237.304770 -0.319392 -2365.579271 
14 0.340725 601.194789 0.062325 -1213.992559 
13 0.205926 695.877964 -0.201245 -2452.405706 
finish
15 0.028774 99.262071 -0.163778 -1018.600850 
13 0.036913 153.075345 -0.030672 -385.809202 
finish
16 0.129401 300.801740 -0.030199 -513.134993 
14 0.098119 167.238989 -0.159130 -1265.457053 
13 0.030404 55.880143 -0.203119 -1259.168261 
12 0.298038 737.808373 0.012716 -1831.131607 
11 0.043677 88.304039 -0.137448 -922.414727 
11 0.285017 1034.255933 0.035749 -1168.178266 
10 0.316112 622.897725 0.023707 -2341.938244 
9 0.005272 18.616592 -0.046366 -336.722175 
9 0.130218 354.740252 0.020477 -799.924935 
9 0.005855 12.124870 -0.100562 -544.234922 
9 0.005327 17.300881 -0.042557 -307.590943 
8 0.113924 387.142220 0.083283 301.567906 
8 0.002350 6.130894 -0.073404 -429.537402 
3 0.000802 2.582554 -0.000837 -12.101006 
finish
16 0.649546 1913.877074 0.224710 -1901.416075 
15 0.398540 2387.165991 -0.072878 -2451.573261 
14 0.573824 5140.616940 0.149297 -2605.471260 
finish
15 0.023287 115.681604 -0.352441 -3767.167346 
finish
13 0.050502 221.312736 0.019699 -49.839311 
12 0.051371 204.133651 0.031749 49.926117 
6 0.028882 145.799985 -0.001010 -7.952482 
5 0.036449 188.993554 0.022606 105.059106 
2 0.078125 544.511880 0.074653 520.210424 
finish
finish
13 0.037435 138.935042 -0.018926 -333.017962 
7 0.040307 92.560874 -0.028455 -195.349774 
3 0.000083 0.412545 -0.000368 -3.281046 
finish
16 0.006468 19.925525 -0.113292 -643.928975 
15 0.007493 26.969732 -0.152793 -680.527002 
12 0.025433 62.207387 -0.052789 -323.926009 
12 0.020348 68.504145 -0.046566 -252.553276 
finish
11 0.146268 266.329916 -0.064323 -1112.006648 
8 0.006277 50.255706 -0.011370 -94.561604 
6 0.000672 2.500563 -0.006828 -40.418926 
4 0.001482 17.223149 0.000812 6.452765 
finish
14 0.244403 914.749382 0.017769 -912.577930 
13 0.223698 696.640170 0.017127 -964.040025 
11 0.648034 6336.260476 0.225394 -159.146888 
11 0.210436 775.511857 -0.030228 -1214.387743 
9 0.195651 585.923503 0.005803 -999.661376 
9 0.014364 49.137055 -0.067372 -328.231419 
8 0.179730 505.851632 0.009701 -928.874327 
6 0.003894 15.099259 0.002982 8.853328 
5 0.153481 868.665846 0.126711 580.008992 
5 0.021030 314.568448 0.015219 157.742630 
finish
14 0.006686 33.330884 -0.118323 -1246.809257 
finish
16 0.104882 815.703732 -0.100226 -1426.138579 
14 0.331791 757.706652 0.056066 -1583.073486 
finish
13 0.155675 358.536255 0.029058 -435.456153 
12 0.038111 200.396152 -0.169984 -1028.606365 
11 0.071209 446.965544 -0.338798 -2255.092858 
8 0.002943 17.539774 -0.004967 -79.312373 
5 0.024583 322.496280 0.004648 -35.113157 
finish
12 0.026514 94.518610 -0.206443 -2149.829910 
11 0.029059 105.099251 -0.180428 -1844.482383 
10 0.014499 55.636827 -0.138717 -1394.444793 
7 0.125746 473.909098 0.054666 -73.176083 
3 0.001049 8.666163 0.001049 8.666163 
finish
13 0.117479 311.307161 0.070193 18.127307 
13 0.001268 5.444498 -0.042969 -184.576097 
12 0.148575 377.871542 -0.000785 -22.000020 
9 0.026707 60.072017 -0.105469 -490.742825 
finish
13 0.061992 370.201605 -0.083367 -840.816255 
12 0.163408 586.786618 -0.008817 -1057.963859 
3 0.006395 54.361901 0.005662 43.645345 
finish
16 0.085017 258.313000 -0.033065 -843.387865 
4 0.001751 21.432546 -0.004001 -49.208378 
finish
14 0.078613 159.380161 -0.078993 -676.793154 
13 0.107106 276.429208 -0.159647 -2162.736431 
13 0.191178 824.369206 -0.063442 -1495.481261 
12 0.058947 160.413166 -0.148020 -1717.057634 
12 0.019257 48.456746 -0.008337 -92.990320 
11 0.011689 29.658641 -0.318962 -2510.236385 
10 0.009349 24.034635 -0.283731 -2307.447406 
9 0.001117 4.745921 -0.269249 -2092.871615 
8 0.044523 160.649267 -0.037454 -556.842108 
7 0.001069 4.747483 -0.007821 -87.521495 
7 0.008020 28.764523 0.001126 -41.234457 
6 0.000491 1.957444 -0.000869 -13.169279 
6 0.033071 236.603996 0.019524 76.686094 
6 0.042832 109.646695 0.020658 -93.063804 
5 0.055971 234.140989 0.022494 142.718344 
3 0.051648 445.491291 0.050091 431.798040 
3 0.109508 886.798030 0.058453 458.127120 
finish
16 0.092232 205.481382 -0.085388 -645.317965 
15 0.068143 526.602296 -0.078951 -1117.868459 
13 0.032465 199.270162 -0.047482 -483.288467 
13 0.195755 375.822942 0.086058 -395.023669 
12 0.094856 168.751327 -0.139384 -770.137962 
11 0.025288 51.950048 -0.197039 -858.572891 
10 0.103662 192.137374 -0.049137 -472.265799 
finish
16 0.039077 71.566370 -0.147529 -804.042480 
15 0.062742 111.827387 -0.088063 -578.872449 
14 0.100605 868.380729 -0.030871 -426.819446 
14 0.054308 99.730547 -0.115888 -694.444928 
13 0.142628 319.075134 -0.060274 -787.877123 
13 0.437080 973.643022 0.272919 147.355728 
12 0.037512 79.179388 -0.052207 -364.600396 
finish
14 0.010772 21.745356 -0.254461 -1193.573115 
14 0.078953 207.225995 -0.042131 -839.520732 
11 0.304356 751.492598 0.098273 -714.424458 
10 0.128876 260.594184 -0.087723 -802.792562 
10 0.119247 238.402333 -0.092783 -783.720841 
8 0.287147 684.724301 0.153834 175.861681 
8 0.070204 157.365366 -0.206583 -1090.273004 
8 0.067770 155.646959 -0.225017 -1123.345913 
6 0.012316 32.702130 -0.017740 -170.710261 
finish
17 0.283978 1189.999945 0.123623 -197.716705 
15 0.005260 33.270044 -0.108422 -739.443383 
13 0.003124 11.710413 -0.237802 -1628.786004 
12 0.165418 304.758151 0.023590 -418.121762 
12 0.106364 360.855041 -0.192505 -1650.975227 
finish
14 0.006746 25.223318 -0.070883 -510.085941 
finish
16 0.066187 120.938602 -0.056992 -342.457741 
9 0.118345 482.870924 -0.062887 -2292.755883 
9 0.108380 459.520894 -0.076457 -2364.340807 
9 0.044160 109.499381 -0.034100 -385.869130 
8 0.017317 50.276427 -0.023054 -234.165724 
7 0.050605 108.454961 0.022930 -81.275811 
6 0.008977 105.151255 -0.031891 13.277601 
finish
15 0.021881 138.355981 -0.106297 -940.121769 
13 0.005297 38.210348 -0.068654 -566.568574 
finish
finish
16 0.016008 37.364946 -0.085043 -518.144941 
15 0.028273 56.176774 -0.158497 -792.611265 
13 0.064074 223.168934 -0.101773 -654.896656 
13 0.032827 80.470309 -0.152355 -935.155605 
12 0.026346 50.826252 -0.125840 -772.378154 
11 0.023289 46.001794 -0.112270 -709.952744 
9 0.055575 119.905326 -0.064647 -551.345477 
9 0.005527 12.546397 -0.040978 -220.066593 
8 0.005097 12.475569 -0.010261 -64.168593 
5 0.007971 30.926068 0.005402 8.342119 
finish
16 0.027395 100.349582 -0.066213 -498.399104 
15 0.034410 135.398845 -0.058632 -449.844352 
11 0.059972 221.592841 -0.068938 -934.135755 
finish
14 0.020116 130.943655 -0.097023 -804.728049 
12 0.128678 398.010545 -0.015953 -750.981778 
9 0.367331 1238.401773 0.128121 -602.373339 
9 0.009436 33.257503 -0.192055 -1336.577374 
finish
12 0.014162 69.715884 -0.216106 -883.205233 
10 0.067710 315.380792 -0.207451 -1162.993902 
8 0.056638 282.314376 -0.174091 -1022.116852 
7 0.015615 56.892204 -0.010360 -139.110625 
3 0.001078 7.543986 0.001078 7.543986 
3 0.081754 661.266065 0.077359 591.118031 
3 0.102880 802.914459 0.010282 56.197110 
finish
16 0.081871 136.562826 -0.200372 -1070.295485 
9 0.021677 45.498747 -0.106194 -620.105738 
8 0.037610 76.379574 0.016016 -53.075612 
finish
16 0.015654 63.624553 -0.065773 -486.260960 
15 0.034219 159.241846 -0.046634 -387.684892 
12 0.031146 125.957525 -0.024687 -249.998468 
7 0.098149 202.348935 0.034044 -213.701596 
6 0.014602 48.451490 0.008749 28.340463 
finish
16 0.175309 1141.748085 0.113260 500.361536 
12 0.669751 3754.165064 0.298020 1321.971185 
finish
15 0.057648 147.633073 -0.020014 -294.515676 
14 0.053325 174.619471 -0.008830 -185.845900 
12 0.011538 49.588558 -0.014315 -144.932538 
11 0.087373 185.133130 0.028251 -151.823166 
10 0.379340 657.774963 0.257554 -136.479899 
finish
15 0.025906 75.448607 -0.096839 -1055.961762 
14 0.015869 47.098937 -0.068705 -755.810623 
11 0.010531 24.192603 0.000013 -34.336618 
4 0.031768 360.809654 0.030712 341.972063 
finish
15 0.048603 361.732341 -0.014828 -301.384272 
12 0.021818 264.082415 -0.161086 -2299.603041 
10 0.008368 94.655854 -0.283199 -3686.083470 
10 0.051965 113.633617 -0.011785 -213.653667 
9 0.065376 676.368330 -0.176890 -2651.205042 
9 0.012760 179.825130 -0.231690 -3141.787256 
8 0.003379 44.661475 -0.025499 -285.570179 
finish
16 0.022415 42.199268 -0.086106 -418.877213 
15 0.149307 604.838660 0.082087 -9.480523 
14 0.062566 365.814471 -0.007409 -481.898824 
14 0.011483 23.829610 -0.214452 -835.532931 
12 0.179857 1197.824320 0.115584 341.002155 
finish
16 0.046668 134.549121 -0.185846 -1566.113754 
16 0.003834 16.251703 -0.102227 -614.019244 
14 0.056878 120.772307 -0.159060 -1567.183145 
14 0.033200 232.914702 -0.029688 -354.992466 
14 0.008112 28.340445 -0.087739 -608.334689 
13 0.035208 251.259710 -0.020568 -282.895558 
12 0.015923 33.498816 -0.130055 -1096.013161 
9 0.041477 279.342630 -0.014103 -354.802537 
9 0.374869 1215.476778 0.282120 246.577843 
7 0.014464 152.912964 -0.043958 -513.760439 
6 0.030119 539.375490 -0.005963 -269.874210 
3 0.006710 47.488610 0.006023 40.310634 
finish
17 0.144687 317.307672 -0.078967 -1124.267845 
16 0.135482 338.242122 -0.078386 -1040.793176 
15 0.148654 372.144449 -0.055471 -936.074642 
14 0.073641 137.843381 -0.050736 -523.937095 
finish
15 0.017559 36.726284 -0.051627 -296.036049 
4 0.000412 3.349290 -0.000271 -3.886362 
finish
finish
finish
11 0.171445 643.483940 0.119203 72.801006 
3 0.000379 4.648059 0.000379 4.648059 
3 0.002430 30.955743 0.002386 30.421515 
finish
12 0.062091 287.790526 -0.115671 -1020.783626 
12 0.098103 308.796377 -0.038096 -721.302418 
11 0.002433 6.030141 -0.154726 -1239.057118 
finish
16 0.161620 392.553304 0.068933 -231.654927 
15 0.024902 89.175308 -0.045782 -448.318111 
15 0.246000 560.211392 0.126015 267.552997 
finish
15 0.440690 1321.114031 0.120245 -2392.312259 
14 0.323674 811.016557 0.065198 -2440.086736 
9 0.346632 1523.816183 0.188014 -695.010955 
6 0.026225 113.056113 0.022268 67.068054 
4 0.002618 11.834899 0.002534 11.240108 
finish
17 0.097573 631.376614 -0.077363 -1776.739480 
16 0.086489 566.254724 -0.079311 -1742.827967 
15 0.060045 109.139702 -0.236592 -1228.115818 
12 0.021827 61.104754 -0.341620 -1578.040677 
12 0.007363 54.487008 -0.071478 -942.525458 
finish
finish
15 0.470727 784.640746 -0.010811 -2078.752015 
15 0.572201 987.701264 0.081557 -1910.787003 
finish
9 0.209657 1239.553425 0.159907 646.989558 
7 0.003537 18.329957 -0.017048 -164.180777 
finish
15 0.080330 158.501398 -0.008057 -198.724626 
15 0.111232 226.706630 0.014810 -406.481326 
15 0.181982 762.083677 -0.108643 -1373.471838 
13 0.001398 4.058463 -0.128187 -576.565834 
13 0.009622 42.635621 -0.120459 -539.104508 
12 0.003269 16.926416 -0.209124 -840.086244 
12 0.046063 102.199493 -0.041908 -264.708769 
9 0.001186 9.175060 -0.001544 -7.189938 
8 0.075475 246.944651 0.003758 -406.854927 
7 0.015076 48.972624 -0.014284 -219.850245 
6 0.026854 99.152499 0.013098 -41.788077 
5 0.086032 248.090910 -0.000017 -411.242817 
3 0.005840 29.538711 0.001841 -2.964105 
finish
14 0.032861 154.644984 -0.058132 -677.233482 
finish
15 0.180871 1631.464816 -0.113170 -3355.948854 
15 0.318040 822.731248 0.004939 -1531.206188 
14 0.003095 11.356405 -0.177928 -1140.764982 
12 0.220571 2089.495981 -0.049736 -1824.727431 
finish
14 0.149722 487.782306 0.022142 -419.680027 
11 0.054006 192.796934 -0.012720 -289.126673 
10 0.051009 179.683002 0.021487 -108.244523 
finish
16 0.291578 640.651503 0.066318 -843.496831 
12 0.665538 1199.681765 0.298588 -1059.048971 
11 0.073679 281.780630 0.048442 40.678223 
finish
17 0.023641 49.068925 -0.128404 -660.993484 
14 0.026966 59.449346 -0.112621 -792.674467 
13 0.123262 222.559455 -0.000483 -528.877073 
12 0.021638 45.300107 -0.152380 -890.401865 
11 0.592417 1095.056396 0.243670 -1079.040241 
finish
17 0.314262 538.474661 0.184555 -34.335437 
16 0.041569 87.368888 -0.073806 -429.287953 
15 0.103900 221.348263 0.007463 -271.458212 
14 0.137542 368.416818 0.029913 -345.011251 
12 0.076007 195.590558 -0.189740 -818.021797 
12 0.125394 334.019415 0.052185 -163.452143 
11 0.174697 391.755733 -0.082356 -865.951879 
11 0.317118 1195.715933 0.209046 349.914195 
9 0.244646 1088.523649 -0.007895 183.466814 
8 0.059243 136.283347 0.032040 1.065937 
finish
15 0.046632 266.551286 -0.042861 -664.824137 
14 0.047646 187.196366 -0.040070 -427.902481 
14 0.033196 191.888771 -0.171704 -1969.075418 
13 0.068733 411.602126 -0.087404 -1258.861864 
12 0.203623 835.120483 0.062079 -383.693669 
12 0.138199 728.639759 -0.008766 -757.925211 
8 0.006722 54.512129 -0.096851 -1012.231668 
8 0.040196 309.867896 -0.002581 -21.853186 
6 0.023222 185.569796 0.008207 54.602096 
finish
15 0.006342 15.491449 -0.102202 -445.646133 
14 0.018278 36.995685 -0.057136 -291.767892 
13 0.037103 143.479951 -0.052724 -485.842469 
13 0.020994 43.329577 -0.026777 -170.173419 
finish
17 0.403850 1517.491613 0.088810 -410.918376 
15 0.053849 196.386316 -0.263346 -1757.687743 
finish
16 0.237364 584.864319 0.055705 -648.570787 
13 0.238210 527.587950 0.070448 -760.489728 
12 0.137180 257.481625 -0.079927 -1659.857333 
11 0.015481 150.499066 -0.156150 -1391.071821 
11 0.215649 504.479035 0.082770 -509.787666 
11 0.193209 479.687338 0.068828 -479.507708 
11 0.037458 75.749488 -0.138826 -1499.685760 
9 0.202938 520.725644 0.087995 -385.102006 
8 0.055004 446.890826 -0.157261 -1578.054863 
7 0.092104 250.846149 0.031787 -276.567073 
4 0.015447 60.682262 -0.103832 -1023.748271 
finish
16 0.071886 239.667808 -0.043854 -1166.593204 
15 0.137148 675.866252 0.049381 -386.290852 
14 0.179690 486.290795 0.070254 -114.460474 
13 0.011290 37.454223 -0.073665 -442.325547 
13 0.037297 103.448357 -0.044129 -356.657626 
12 0.143551 735.332436 -0.035699 -1452.770444 
11 0.135690 701.409048 -0.023593 -1285.746943 
8 0.050024 317.752244 0.037260 157.033803 
8 0.437543 2762.709317 0.114759 -1299.278283 
7 0.014398 107.238358 0.008364 61.844681 
5 0.020922 146.972085 0.019679 137.046013 
finish
12 0.390262 681.740090 0.160526 -675.709999 
11 0.382357 674.501344 0.200429 -430.668653 
6 0.109311 316.707431 -0.006496 -515.393523 
finish
15 0.114496 396.767262 -0.022360 -714.235963 
12 0.269947 1892.532362 0.024361 -816.953079 
11 0.302534 1280.240479 -0.084905 -2465.909063 
finish
15 0.016376 139.823514 -0.283727 -1782.667295 
14 0.132364 431.853949 -0.085954 -933.189016 
12 0.020027 79.314084 -0.144696 -1118.589231 
11 0.083458 311.346757 -0.125280 -1171.301563 
10 0.036707 136.977599 -0.117858 -972.774447 
10 0.576679 2787.744416 0.145664 -3638.498844 
9 0.194521 1011.021440 -0.176162 -4546.814177 
9 0.153072 820.700159 -0.019586 -1746.113926 
8 0.041285 196.906823 -0.010043 -195.572345 
8 0.071157 645.433292 -0.065366 -1416.112388 
7 0.002201 21.840093 -0.026212 -365.995087 
5 0.000696 1.756145 -0.002147 -19.623926 
5 0.004654 37.220291 -0.000690 -46.784992 
finish
15 0.340505 1113.741387 0.127646 -234.100277 
15 0.051563 155.500262 -0.155658 -859.632162 
15 0.040213 108.727954 -0.173660 -936.020842 
finish
finish
14 0.042847 100.055023 -0.193497 -1157.714034 
10 0.089139 189.955512 -0.075005 -561.103335 
4 0.000285 1.720676 0.000285 1.720676 
finish
16 0.047669 89.468671 -0.022776 -233.076381 
14 0.025549 45.797452 -0.063928 -371.023102 
12 0.056983 213.524699 0.030409 -116.160290 
11 0.051744 198.801074 0.032489 -55.749796 
10 0.205085 382.346923 0.124033 -135.261914 
10 0.098592 306.590833 0.052699 123.772820 
10 0.358205 4327.076750 -0.068577 21.956124 
10 0.364353 4402.736082 -0.067775 96.608699 
9 0.007618 32.718402 -0.071966 -561.236961 
9 0.206081 2520.057853 0.065824 -104.197524 
8 0.004526 12.472999 -0.027797 -235.352628 
7 0.011678 53.048956 -0.001129 -59.470761 
6 0.002292 11.842365 -0.001034 -18.157802 
5 0.134678 1496.771992 0.099934 624.909641 
5 0.025877 64.817891 0.016320 33.833784 
finish
16 0.198443 673.851158 -0.057216 -1940.168526 
12 0.005011 30.583931 -0.101311 -952.622717 
11 0.305283 821.868210 0.100219 -1384.406518 
10 0.010590 69.077878 -0.134736 -1298.161316 
10 0.007755 20.406686 -0.059217 -295.825061 
10 0.006300 15.688096 -0.062163 -304.044675 
9 0.009708 64.023415 -0.164557 -1530.940490 
7 0.063287 238.877024 0.037383 -23.765147 
4 0.002865 18.752926 0.002386 12.371894 
finish
17 0.103300 406.647239 -0.078109 -970.071743 
15 0.013790 36.809425 -0.214506 -2303.085038 
15 0.091396 367.423479 -0.011508 -332.904045 
14 0.271305 676.458957 -0.143472 -3632.960082 
13 0.062683 200.131704 -0.360090 -4480.574846 
finish
5 0.000137 1.060756 -0.000015 -1.005272 
finish
15 0.012760 60.186238 -0.053100 -409.421972 
15 0.178011 327.553682 -0.040404 -764.932900 
13 0.232646 422.938876 0.087206 -317.032496 
12 0.082185 158.740591 -0.050428 -508.242995 
12 0.220470 398.842822 0.116591 -122.834722 
9 0.083998 158.146738 0.034408 -156.766465 
9 0.010775 52.237228 0.004780 2.681937 
9 0.176965 2605.590352 0.065280 494.844078 
7 0.126791 1843.242251 0.016209 161.191335 
3 0.018324 111.373681 0.017709 107.700344 
finish
15 0.119166 705.534517 -0.000298 -833.385580 
9 0.030103 57.187113 -0.161292 -1226.588857 
9 0.031033 58.924039 -0.161204 -1227.961592 
finish
15 0.191848 645.158928 0.119484 105.484828 
15 0.016969 38.064839 -0.113406 -559.271724 
13 0.310326 543.590584 0.057847 -857.124426 
12 0.127043 608.814982 -0.101797 -1357.428001 
11 0.187657 504.194201 -0.008876 -1225.604050 
11 0.142821 291.404836 -0.059044 -858.247181 
9 0.146344 411.749458 -0.089289 -1129.511756 
9 0.180139 320.772762 -0.062337 -2270.388047 
finish
15 0.124113 473.555378 0.022470 -268.084247 
13 0.294292 2235.047407 -0.119246 -1639.444390 
13 0.041958 129.184934 -0.084318 -646.800966 
12 0.045369 177.846812 -0.100914 -611.025346 
11 0.118048 697.156462 -0.012293 -589.296877 
11 0.158629 1024.759552 0.057677 -191.326459 
9 0.367119 1266.797207 0.252573 289.152272 
5 0.008227 40.086629 0.006773 19.406756 
4 0.064170 460.628316 0.061523 438.784873 
finish
16 0.032103 103.548000 -0.067773 -703.048657 
13 0.018658 71.165142 -0.004435 -88.133107 
9 0.007091 39.417208 0.004471 4.970547 
8 0.027967 160.399679 0.026939 155.791860 
8 0.301757 3004.020325 0.272939 2257.909725 
finish
13 0.249112 430.854030 -0.233416 -1599.394123 
finish
15 0.058634 270.172744 -0.093442 -936.712597 
14 0.223652 641.568208 0.101545 -349.852181 
4 0.007053 48.560767 0.005998 39.048659 
finish
15 0.167800 815.537419 -0.015128 -1270.732261 
15 0.211881 777.027712 0.096950 -151.375702 
14 0.007811 28.481395 -0.247879 -1632.614737 
12 0.018202 82.224405 -0.220202 -2983.452370 
12 0.430807 2080.429122 0.196046 -934.743373 
finish
15 0.103360 204.361144 -0.111282 -751.407914 
14 0.100433 179.554508 -0.114853 -780.239186 
14 0.034969 268.527173 -0.107049 -904.307578 
14 0.176005 320.367955 -0.064266 -736.615311 
13 0.008252 104.085193 -0.149572 -1024.601307 
11 0.010586 126.399118 -0.141303 -960.917503 
10 0.040114 193.719626 -0.097826 -811.926107 
8 0.096963 1242.123720 -0.006278 -283.429947 
finish
13 0.021414 125.947372 -0.181483 -1874.366731 
12 0.217709 400.781569 0.137705 -4.693564 
12 0.016167 96.398078 -0.157293 -1627.053350 
7 0.338990 625.255131 0.278720 491.564183 
6 0.090668 843.312194 0.079209 635.904384 
6 0.000040 0.202773 -0.006117 -73.036301 
finish
15 0.183483 310.463742 -0.013811 -720.492479 
14 0.176800 316.106432 0.031845 -451.228539 
14 0.146650 249.611600 0.001630 -523.375286 
12 0.141112 262.734017 0.034734 -307.908493 
finish
16 0.112860 401.609963 0.044707 -146.947712 
16 0.200921 367.395206 -0.102485 -1271.389092 
14 0.008225 35.915244 -0.098057 -678.446221 
13 0.010276 41.607744 -0.077757 -554.289694 
13 0.074911 286.091290 0.044349 52.975963 
12 0.014634 58.148149 -0.099010 -674.163446 
9 0.107987 226.742017 -0.020818 -597.707051 
finish
17 0.242646 435.775003 0.100221 -218.017731 
15 0.041373 83.668137 -0.070165 -442.401610 
15 0.066040 133.142276 -0.069197 -432.482269 
13 0.012148 31.141765 -0.175138 -732.575320 
12 0.030953 60.936298 -0.159655 -692.457185 
finish
16 0.160390 551.696571 -0.048859 -1209.899508 
15 0.382164 688.679800 -0.040465 -1671.390056 
13 0.192735 662.228847 0.014867 -1063.127928 
finish
16 0.075021 244.429868 -0.089415 -1137.610507 
15 0.189265 564.884032 0.080812 -222.512750 
14 0.064739 183.379024 -0.059901 -777.566923 
13 0.302421 709.338691 0.183188 364.234359 
13 0.022761 65.919801 -0.062645 -538.370325 
finish
16 0.017106 45.105507 -0.066235 -520.727679 
15 0.076474 222.443048 -0.053492 -596.156850 
14 0.184568 487.892427 -0.012540 -727.013758 
13 0.195577 712.414774 0.013325 -583.819871 
12 0.147288 459.320159 -0.051665 -1145.229863 
11 0.257128 651.828562 0.066936 -897.379861 
8 0.201568 551.874642 0.065356 -575.621064 
8 0.009723 32.518848 -0.023748 -209.785907 
6 0.034807 127.987940 0.025880 53.205085 
5 0.006958 64.523550 0.005885 46.267676 
5 0.053796 379.430401 0.024728 91.187723 
5 0.008330 26.305770 0.007224 22.466663 
4 0.003273 31.005729 0.003191 29.737472 
3 0.000734 8.766120 0.000734 8.766120 
3 0.199580 1663.836252 0.146342 1067.576842 
finish
17 0.022460 74.393425 -0.068342 -299.390344 
15 0.009072 16.447121 -0.048598 -263.029476 
11 0.025624 89.980957 -0.064467 -513.973366 
10 0.003840 28.773407 -0.109433 -574.033808 
9 0.032073 137.054083 0.018442 31.429732 
7 0.061988 285.600299 -0.040472 -260.657411 
5 0.002493 17.091338 0.002428 16.432009 
finish
17 0.102607 274.388100 0.001054 -328.525704 
14 0.067295 126.185615 -0.006576 -243.140154 
12 0.143635 564.394064 0.012703 -467.998062 
11 0.132068 523.635693 0.026806 -308.075959 
10 0.299447 548.452080 0.039013 -1074.244907 
9 0.217538 365.811668 -0.015630 -1079.622640 
9 0.041531 98.217377 0.016455 -111.472648 
8 0.007273 23.176119 -0.005192 -48.548505 
6 0.003322 15.097014 -0.011660 -107.796063 
6 0.008910 57.214114 -0.001795 -39.601280 
5 0.026787 65.689042 -0.042801 -355.437187 
4 0.037003 102.763363 0.028952 33.847950 
3 0.000118 1.449203 -0.000272 -3.740117 
2 0.002117 9.953353 0.002117 9.953353 
finish
13 0.041921 87.984662 -0.092758 -503.339541 
13 0.054498 221.257593 -0.023062 -503.985611 
12 0.097255 490.183777 0.042238 -130.487531 
3 0.056760 630.543572 0.051213 540.848415 
finish
16 0.110502 455.272538 -0.074662 -1689.543384 
8 0.007343 18.423974 -0.070309 -377.876679 
7 0.008075 22.088075 -0.041980 -274.890986 
finish
14 0.055668 468.395941 -0.049032 -605.647152 
10 0.036149 255.503178 -0.025598 -433.773606 
9 0.031210 232.580146 -0.030421 -461.419238 
8 0.026057 204.339388 -0.024551 -382.999145 
finish
12 0.145955 903.610712 0.005436 -507.198071 
11 0.190235 1049.796027 -0.014341 -2222.502614 
10 0.339111 1797.947003 0.169428 -914.515728 
7 0.003666 12.807043 -0.063831 -529.481484 
6 0.110008 1037.692442 -0.015048 -1247.446394 
finish
15 0.007777 19.276381 -0.157869 -846.840306 
15 0.034041 63.580074 -0.131793 -786.907298 
12 0.050362 238.427711 -0.116762 -1212.627407 
11 0.156098 671.567169 0.023103 -476.576267 
10 0.081755 502.874258 -0.142272 -2193.385277 
9 0.096704 621.820075 -0.088644 -1625.450675 
8 0.024761 105.024801 -0.066840 -772.123045 
8 0.084189 603.159163 0.063093 322.254375 
7 0.165380 477.505819 0.127859 346.430294 
7 0.023678 120.432174 -0.049197 -553.996178 
6 0.004971 42.968911 -0.002532 -22.111607 
4 0.000204 2.668716 0.000113 0.812797 
finish
13 0.051636 132.489161 0.010334 -113.641278 
12 0.128060 402.002768 -0.031898 -1224.600371 
8 0.169583 935.737678 0.044312 -801.399573 
finish
17 0.111315 512.789148 -0.113491 -1088.687418 
16 0.038686 160.508092 -0.178287 -1390.279717 
15 0.068773 235.413947 -0.268319 -2119.832079 
13 0.227462 486.577992 0.070923 -481.614859 
11 0.013560 45.921411 -0.305713 -2231.658585 
10 0.029769 112.549370 -0.268478 -2042.427067 
9 0.205405 1552.162420 0.140386 822.339997 
finish
finish
15 0.198086 1036.944408 0.071090 -679.722564 
13 0.120788 227.268550 0.017351 -500.561125 
12 0.007638 59.391796 0.003410 10.788938 
10 0.055228 212.610928 -0.063966 -587.971144 
8 0.045315 152.204726 -0.039780 -458.632710 
4 0.002599 25.832152 0.002547 25.254701 
finish
15 0.016589 47.531934 -0.090683 -962.197162 
14 0.014298 42.315316 -0.071614 -812.138022 
14 0.026016 47.962803 -0.128462 -579.956398 
13 0.012063 22.575679 -0.108975 -481.688251 
7 0.000876 5.986772 -0.019535 -246.037440 
6 0.124237 777.964398 0.098011 465.013834 
5 0.000354 3.531286 -0.002991 -43.392335 
5 0.001035 9.989631 0.000925 8.148006 
4 0.000571 5.484375 0.000190 0.834718 
finish
17 0.057912 146.360322 -0.178663 -1149.270675 
17 0.093417 225.607109 -0.134964 -1018.029623 
16 0.091296 172.872748 -0.120656 -720.678137 
13 0.073029 1272.560378 -0.011003 -245.789134 
12 0.068435 216.531678 -0.019260 -292.302882 
8 0.024648 87.387889 -0.034691 -280.082174 
finish
15 0.093138 181.970274 -0.094808 -879.534021 
13 0.137219 279.952213 -0.080913 -1180.148117 
12 0.270294 520.684954 -0.030521 -1838.998089 
9 0.013787 52.305488 -0.119440 -630.576815 
9 0.079445 162.168039 -0.168688 -1780.541804 
8 0.003249 12.395330 -0.025138 -152.605176 
7 0.037970 103.353980 -0.059756 -443.384906 
7 0.193651 368.223199 0.058053 -698.919439 
finish
16 0.586792 1399.867612 0.088095 -1663.186573 
15 0.029221 128.593155 -0.354846 -1417.140587 
14 0.562153 1343.386534 -0.120730 -2703.776744 
14 0.021023 93.428464 -0.352092 -1422.190250 
finish
16 0.052029 107.920014 -0.026125 -228.513605 
13 0.085399 234.206665 -0.100411 -802.967851 
12 0.073030 257.350581 -0.109500 -754.190862 
11 0.039483 88.458866 -0.066326 -529.327906 
5 0.000287 1.587791 0.000272 1.438800 
finish
13 0.295582 1229.790586 0.143865 0.861111 
12 0.226148 882.888385 0.090234 -330.660500 
finish
14 0.069984 387.400528 0.037095 18.300503 
14 0.011614 40.764669 -0.172859 -1052.347666 
14 0.061373 229.571152 -0.139775 -917.339819 
12 0.068649 357.667151 0.010648 16.071503 
9 0.013675 50.157493 -0.258599 -1074.080741 
9 0.042386 220.051905 0.015723 -31.620014 
8 0.006928 30.839037 -0.057301 -341.125392 
7 0.010491 43.388031 -0.039980 -329.665984 
7 0.016339 38.496104 -0.108115 -703.917088 
5 0.007741 25.473521 -0.065936 -413.482327 
finish
15 0.071286 245.601961 -0.085118 -1984.201449 
15 0.051364 100.220163 -0.154061 -786.974104 
14 0.035770 76.733181 -0.036134 -255.310916 
14 0.073885 139.731259 -0.045053 -341.683562 
12 0.068283 829.754780 -0.109652 -1099.557624 
11 0.008550 29.417858 -0.145314 -848.553516 
11 0.071889 626.237953 -0.083763 -1130.694453 
11 0.204817 393.802488 -0.107147 -1703.113691 
10 0.175244 452.569533 0.045982 -1056.586718 
10 0.201626 372.982860 -0.232313 -2319.322913 
9 0.128815 1620.493142 -0.026151 -161.154753 
9 0.127508 241.233938 -0.065201 -899.882856 
6 0.090567 207.792315 0.061129 -30.527379 
6 0.018649 256.068756 0.009608 100.805089 
4 0.021706 282.062827 0.013272 141.933060 
finish
finish
17 0.022145 42.352413 -0.066881 -325.563002 
11 0.007295 28.220605 -0.016598 -123.088607 
5 0.038902 196.792418 0.030887 119.433500 
4 0.025594 150.640155 0.019463 103.231871 
finish
finish
15 0.157315 339.641941 0.003851 -487.115182 
11 0.101183 239.769414 -0.094383 -946.787760 
finish
15 0.182492 585.885611 0.082315 -243.524610 
14 0.019286 118.629720 -0.313727 -3357.778888 
13 0.022652 119.180084 -0.249458 -2742.837127 
12 0.022060 78.429125 -0.060524 -471.009994 
11 0.297483 1117.212178 0.100796 -798.819605 
finish
15 0.011095 36.700537 -0.135677 -896.516994 
14 0.046300 90.932011 -0.060506 -474.857947 
13 0.669032 1189.087089 0.421581 -380.699746 
13 0.416911 1016.027681 0.169602 -539.524581 
11 0.643684 1454.819437 0.430714 84.614189 
9 0.314286 1159.840858 0.136849 -935.987365 
finish
17 0.249505 460.642126 0.150124 -22.624603 
16 0.136671 330.558348 -0.136241 -1289.138079 
16 0.126893 219.317683 -0.146848 -1426.728063 
15 0.476100 785.113696 0.209179 273.036398 
12 0.118579 233.108615 -0.164812 -1507.981634 
8 0.003218 13.905152 -0.028814 -224.416617 
5 0.000962 5.933141 0.000758 3.966457 
finish
14 0.138109 655.947675 -0.083006 -1791.740823 
13 0.132569 443.554015 -0.291262 -2452.543213 
13 0.111601 553.655840 -0.005630 -178.406559 
finish
15 0.031301 113.310473 -0.104952 -862.773716 
15 0.077209 273.162621 -0.134971 -1270.101156 
14 0.076444 487.420579 -0.248957 -1957.251116 
13 0.028998 153.686120 -0.060745 -882.595934 
11 0.083790 319.624313 -0.091483 -973.708622 
finish
15 0.140479 1050.542597 -0.115027 -2088.051486 
13 0.241400 1145.860836 -0.185057 -4119.737692 
finish
13 0.427971 704.839145 0.217867 -685.802751 
12 0.011768 24.812935 -0.116607 -515.617366 
11 0.018486 39.621032 -0.057632 -299.381566 
9 0.013689 30.734997 -0.055783 -310.602404 
6 0.042823 122.080437 0.005286 -101.189648 
5 0.006163 26.459340 -0.004988 -47.878960 
5 0.006328 24.135886 -0.005010 -50.803635 
4 0.003659 12.449762 0.000752 -10.790560 
finish
12 0.011320 70.024258 -0.244940 -1699.987779 
11 0.009203 58.090991 -0.233384 -1603.640636 
finish
15 0.007517 21.834698 -0.099137 -676.537861 
14 0.002671 13.575623 -0.068959 -298.926134 
12 0.002954 25.386655 -0.072633 -385.439430 
12 0.019387 55.003702 -0.038171 -286.368108 
finish
16 0.097164 188.644438 -0.127331 -713.983076 
13 0.132000 319.263723 -0.138205 -1522.138735 
12 0.093940 509.378668 -0.054777 -551.460224 
finish
15 0.041731 169.434192 -0.058431 -582.293416 
14 0.082159 447.588372 -0.057477 -757.961062 
11 0.013698 53.731573 -0.072883 -669.906154 
9 0.009223 40.183789 -0.057497 -535.823409 
9 0.005424 40.204216 -0.002095 -23.249067 
8 0.001439 7.962927 -0.013762 -105.121497 
8 0.002910 20.968793 -0.002070 -22.827400 
6 0.010108 85.340008 0.006512 46.043625 
finish
14 0.027206 96.188129 -0.147491 -1349.629247 
13 0.107609 700.258072 -0.024321 -644.427055 
12 0.178700 1179.835434 -0.150685 -2164.754007 
12 0.163517 1094.373659 -0.170780 -2293.001704 
11 0.103130 606.019859 -0.161537 -2056.458487 
10 0.006200 30.129211 -0.026101 -197.544285 
finish
7 0.008171 71.911187 -0.058203 -461.185808 
6 0.012256 103.450408 0.004856 -0.738369 
6 0.013628 141.673014 -0.024055 -190.000448 
4 0.015182 121.698517 0.014717 117.766593 
finish
13 0.117914 310.903852 -0.117403 -1229.118734 
12 0.140703 308.660256 -0.123246 -1292.614463 
12 0.424058 3521.214407 0.218004 960.619619 
12 0.049369 343.289393 -0.218163 -2388.567517 
12 0.201524 369.449234 -0.073918 -1311.969990 
finish
15 0.211769 735.211273 0.047180 -699.321916 
15 0.098597 222.788134 -0.062517 -700.611359 
12 0.614310 1446.449770 0.383983 -267.141752 
10 0.527900 1314.574524 0.374047 159.658639 
10 0.055087 210.193602 -0.208770 -1514.717072 
9 0.012427 74.467316 -0.042933 -496.158412 
finish
14 0.100177 446.897544 0.009287 -313.711954 
8 0.027084 177.488459 -0.205614 -2274.881815 
finish
14 0.007694 21.452096 -0.108266 -949.095489 
13 0.223100 482.447748 -0.140438 -1837.383119 
12 0.207633 455.067173 -0.141153 -1785.062736 
11 0.187672 427.059734 -0.124531 -1590.755546 
10 0.374459 837.707890 0.130696 -737.164310 
9 0.006911 13.009425 -0.047505 -245.736635 
9 0.303758 687.796372 0.108085 -560.311065 
8 0.035433 87.662967 -0.011089 -293.474356 
finish
13 0.009274 17.344841 -0.066795 -469.091972 
11 0.007737 15.309174 -0.051962 -372.197854 
10 0.118119 253.822095 0.020594 -442.986006 
7 0.032788 79.100993 -0.032254 -373.382290 
3 0.025807 115.853827 0.023975 96.869566 
finish
finish
16 0.006238 32.111803 -0.079272 -501.254843 
15 0.234919 685.007068 0.114188 -226.342417 
15 0.034847 204.164891 -0.506327 -3822.640979 
14 0.005795 16.748662 -0.030840 -261.120526 
12 0.078293 146.236506 -0.100582 -545.716083 
finish
16 0.006082 22.105064 -0.122336 -781.198436 
14 0.012744 43.667910 -0.097606 -663.698133 
13 0.016598 53.909179 -0.180896 -1293.931422 
10 0.043045 165.877418 -0.317772 -2338.774934 
finish
16 0.100576 507.584813 -0.029561 -795.331413 
15 0.014914 204.191576 -0.120118 -1152.005270 
14 0.048562 215.835641 -0.207351 -2365.390997 
14 0.293994 830.873062 0.167351 -152.599492 
12 0.214834 792.737811 0.137805 205.390787 
7 0.148269 465.477640 0.134822 404.482919 
finish
12 0.002812 9.280950 -0.445634 -3596.484654 
finish
15 0.023720 40.766763 -0.160451 -946.021497 
5 0.002326 14.748399 -0.006811 -45.183270 
4 0.000542 3.927741 -0.003791 -30.616731 
finish
16 0.102130 340.359787 -0.088635 -1071.687730 
15 0.299241 1084.060698 0.065781 -815.838179 
15 0.059709 198.575689 -0.087964 -910.958802 
11 0.158556 690.691750 0.028323 -451.632906 
8 0.102744 379.551210 0.059969 14.306301 
7 0.018914 80.553244 0.015400 64.382566 
6 0.085146 375.255036 0.071437 301.132095 
finish
