12 0.403200 1713.600000 0.316800 2088.000000
12 0.326400 4120.320000 0.633600 1392.000000
12 0.802083 -229.166667 0.572917 1375.000000
12 0.159933 724.698042 0.329863 979.591837
12 0.286587 549.290997 0.119411 405.997693
12 0.435850 -585.114323 0.477644 1826.989619
12 0.295680 5495.424000 0.760320 2175.360000
12 0.184923 1654.310704 0.549771 489.795918
12 0.534722 794.444444 0.381944 1191.666667
12 0.219908 87.963349 0.439817 3430.570596
12 0.253440 -0.000000 0.380160 5068.800000
12 0.811995 4059.976932 1.217993 10555.940023
12 1.267200 -1224.960000 0.633600 4899.840000
12 0.312500 3300.000000 0.687500 7700.000000
12 0.248264 -2413.888889 0.095486 3941.666667
12 0.443520 -5892.480000 0.190080 10074.240000
12 0.114583 -6519.791667 1.718750 25082.291667
12 1.203125 -2348.958333 0.687500 3723.958333
12 0.608997 4648.673587 0.811995 1847.289504
12 0.323131 2854.320904 1.436136 879.633486
12 0.253440 5544.000000 0.380160 158.400000
12 0.633600 2479.488000 0.422400 950.400000
12 0.280967 1607.835155 0.674321 1898.636271
12 1.348958 -2604.166667 0.401042 6500.000000
12 0.332180 3036.678201 0.608997 1835.294118
12 0.635417 -117.708333 0.114583 1000.000000
12 0.083333 2204.166667 0.916667 500.000000
12 0.193359 300.781250 0.322266 343.750000
12 0.870658 -1780.360224 0.448793 5343.773428
12 1.083333 2766.666667 0.916667 2000.000000
12 0.337920 2213.376000 0.506880 1689.600000
12 1.224960 1875.456000 0.887040 3801.600000
12 0.633600 6006.528000 0.633600 2787.840000
12 0.520599 -359.034076 0.359034 1759.266972
12 0.049755 -4903.815275 0.268675 6623.334916
12 0.250906 -7399.941120 0.034214 7577.856000
12 0.343750 -366.666667 0.458333 4950.000000
12 0.219908 3562.515618 0.659725 1715.285298
12 0.229167 -4938.541667 1.145833 16225.000000
12 0.356790 -53.855111 0.302935 659.725115
12 0.101499 2760.784314 0.608997 2111.188005
12 0.572917 592.013889 0.572917 1145.833333
12 0.343750 1787.500000 0.572917 1191.666667
12 0.315104 -1947.916667 0.143229 3666.666667
12 0.076389 152.777778 0.381944 5500.000000
12 0.365234 275.000000 0.322266 1787.500000
12 0.390450 -315.052402 0.269276 1715.285298
12 0.231128 1306.659640 0.538551 3001.749271
12 0.502884 585.005767 0.202999 470.588235
12 0.181761 577.596070 0.807827 2572.927947
12 0.131352 654.372753 0.477644 3166.782007
12 0.403200 1449.600000 0.316800 2352.000000
12 0.701823 -240.625000 0.501302 6256.250000
12 0.559767 2788.338192 1.154519 1714.285714
12 0.323131 7970.556486 1.436136 3518.533944
12 0.944606 2288.046647 0.769679 1714.285714
12 0.475200 -95.040000 0.475200 2851.200000
12 0.355248 2161.937716 1.065744 608.996540
12 0.258362 4451.211073 1.623991 1882.352941
12 0.149849 -2740.367359 0.168580 3184.295633
12 0.784673 2828.821324 0.439817 2448.979592
12 0.212055 3692.441075 0.942464 494.793836
12 0.233165 -6654.320640 0.273715 9884.160000
12 0.358233 -8434.448289 0.268675 10153.967931
12 1.052419 2148.594548 0.706848 1759.266972
12 0.054977 5442.732195 0.769679 2034.152436
12 0.380160 4257.792000 0.570240 2090.880000
12 0.250763 1232.322410 0.358233 2111.188005
13 0.106509 1456.508876 0.585799 1384.615385
13 0.249657 1736.899863 0.392318 1283.950617
13 0.266272 415.384615 0.195266 600.000000
13 0.519731 -603.558642 0.368841 3554.289783
13 0.165025 907.636364 0.247537 1072.661157
13 0.335310 1949.829725 0.553262 2310.288359
13 0.440095 1697.508682 0.726156 999.644001
13 0.079636 11355.285235 1.475366 1332.858669
13 0.142012 2861.538462 0.781065 1200.000000
13 0.577587 99.014876 0.660099 2475.371901
13 0.158323 160.063246 0.487149 1106.524178
13 0.314703 2780.491278 0.666429 2550.943396
13 0.079256 1049.352233 0.348727 641.975309
13 0.582533 7772.656607 0.915409 962.962963
13 0.270369 -4832.840237 0.168980 5711.538462
13 0.198339 -6066.049053 0.078292 6473.166439
13 0.252959 1384.615385 0.439349 900.000000
13 0.692308 3392.307692 1.384615 692.307692
13 1.310700 -1423.045267 0.374486 3370.370370
13 0.701183 4082.840237 0.683432 1384.615385
13 0.380430 2070.964792 0.261545 962.962963
13 0.075445 -2460.339744 0.368841 6886.436454
13 0.879744 3927.937814 1.046182 2139.917695
13 0.772189 -118.491124 0.439349 1817.307692
13 0.130773 -1216.186557 0.915409 6277.091907
13 0.060024 -54.282318 0.078292 359.620358
13 0.243100 4719.493273 0.645472 444.286223
13 0.071006 -475.739645 0.390533 3600.000000
13 0.347737 213.991770 0.294239 1669.135802
13 0.146450 -4979.289941 0.439349 5857.988166
13 0.674556 1988.165680 1.171598 7384.615385
13 0.192308 2650.000000 0.807692 500.000000
13 0.665680 1862.130178 0.488166 461.538462
13 0.188612 3351.007879 0.922103 1443.930224
13 0.665752 -602.347203 1.046182 5135.802469
13 0.169751 74.816123 0.829893 6564.328943
13 0.133076 836.599340 0.311210 1155.144179
13 0.320988 3017.283951 0.641975 1925.925926
13 0.300826 7163.107438 2.062810 1418.181818
13 0.047554 6085.688157 0.915409 962.962963
13 0.670621 -365.488289 1.106524 8885.724457
13 0.249657 1883.127572 0.392318 2824.691358
13 0.359467 3115.384615 1.025148 692.307692
13 0.641281 1863.487308 0.691578 1732.716269
13 0.166438 1792.775492 0.261545 1241.152263
13 0.337278 2886.390533 0.585799 1800.000000
13 0.223471 4613.818182 0.721983 945.454545
13 0.252491 -7856.321662 0.058719 8271.268228
13 0.559417 -8772.671849 0.127140 10298.353909
13 0.666429 3021.146315 0.666429 2310.288359
13 0.079882 2380.473373 0.439349 519.230769
13 0.084875 2238.825339 0.414947 499.822001
13 0.489917 2202.049587 0.928264 1418.181818
13 0.213992 5649.382716 1.711934 14893.827160
13 0.216595 -4010.102479 0.278479 5792.370248
13 0.399408 -7732.544379 0.292899 10661.538462
13 0.169751 2236.939218 0.829893 999.644001
13 0.326612 3107.107438 0.618843 1843.636364
13 0.292349 764.507614 0.207473 833.036668
13 1.043210 1540.740741 0.641975 962.962963
13 0.187243 4060.493827 0.534979 2359.259259
13 1.029586 161.538462 0.585799 1615.384615
13 0.641975 -2343.209877 0.106996 2557.201646
13 0.123769 -9901.487603 0.371306 12871.933884
13 0.519731 274.116217 0.368841 2621.288715
13 0.491389 5463.923182 1.220546 1283.950617
13 0.670621 2632.186301 1.106524 6220.007120
13 0.760860 2829.446731 0.523091 962.962963
13 0.623140 3952.000000 1.031405 472.727273
13 0.495074 -577.586777 0.330050 3217.983471
13 0.255038 -9305.898122 0.240036 9785.970248
13 0.333215 666.429334 0.499822 333.214667
13 0.206281 3341.752066 0.618843 1608.991736
13 0.653846 2153.846154 0.346154 2000.000000
13 0.041256 -0.000000 0.165025 1650.247934
13 0.288793 3671.801653 1.155174 618.842975
13 0.082512 1179.927273 0.330050 536.330579
13 0.464132 1330.512397 0.618843 464.132231
13 0.337278 1867.455621 0.585799 3600.000000
14 0.449286 4210.531749 1.276080 1097.960356
14 0.649227 -584.304400 0.973841 12270.392390
14 0.330207 2028.413601 0.566069 2330.317021
14 1.459184 5415.561224 1.094388 3250.000000
14 1.037793 -7453.240673 0.754759 8962.757772
14 0.620499 3278.301016 1.344414 1964.912281
14 0.744380 -518.939132 0.510432 2509.623671
14 0.165816 -142.602041 0.298469 928.571429
14 0.672207 -2240.689443 0.448138 5825.792552
14 1.014884 -298.495223 0.716389 1731.272295
14 0.149822 7825.683710 1.298454 2172.413793
14 0.559630 3551.785714 1.007334 522.321429
14 0.070759 1853.875686 0.377379 1165.158510
14 1.061764 1364.205688 0.836541 1898.305085
14 0.463448 -7317.185514 0.291310 8453.295751
14 0.268646 1074.582804 0.626840 6447.496822
14 0.292435 3707.720848 1.276080 2927.894283
14 0.245171 -991.877733 0.351767 2029.591837
14 0.389172 4237.261668 2.075586 4593.413358
14 0.290179 -2321.428571 0.522321 6500.000000
14 0.459931 -5144.151237 0.212276 7125.392428
14 0.266350 1196.908442 0.216409 1400.000000
14 1.037793 -1452.910207 0.754759 5377.654663
14 0.537291 -3950.436672 0.716389 6744.351962
14 0.165103 889.199916 0.283034 582.579255
14 0.070759 160.386192 0.377379 2330.317021
14 0.247655 -226.427565 0.424552 1344.413666
14 0.265306 3243.367347 0.895408 696.428571
14 0.761163 1495.461069 0.537291 1298.454221
14 0.471724 5972.027020 1.320827 896.275777
14 0.389913 4359.230496 1.701440 2718.758977
14 0.246259 3537.168396 0.402969 1298.454221
14 0.310249 787.688520 0.672207 982.456140
14 0.729592 11328.571429 1.591837 928.571429
14 0.530612 1326.530612 0.397959 1857.142857
14 0.253721 -259.690844 0.179097 1298.454221
14 0.266350 714.149822 0.216409 1882.758621
14 0.218172 -2495.420453 0.566069 8156.109572
14 0.265306 4351.020408 1.591837 1857.142857
14 1.426965 2563.820447 1.037793 2464.758387
14 0.649227 -1190.249703 0.649227 8980.975030
14 0.174107 1671.428571 0.522321 4596.428571
14 0.570691 2960.859679 0.893256 4287.273772
14 0.283034 8491.033678 1.509517 3585.103109
14 0.418271 5437.517955 0.627406 2091.353059
14 0.227679 1904.464286 0.522321 1125.000000
14 0.155965 3567.352066 0.680576 1673.082448
14 0.130592 564.155972 0.302226 2337.217598
14 0.330207 1799.627416 0.566069 2644.013543
14 0.401786 835.714286 0.348214 1300.000000
14 0.542936 5380.240074 1.176362 736.842105
14 0.803571 1201.785714 0.696429 3000.000000
14 0.535245 -399.838348 0.510432 6525.021546
14 0.497449 3263.265306 0.895408 1392.857143
14 0.326109 2452.200079 0.510432 1631.255386
14 0.660414 6924.909689 1.132138 1792.551554
14 0.077983 1351.226756 0.340288 418.270612
14 0.530612 -344.897959 0.397959 2414.285714
14 0.122291 -99.959587 0.191412 1631.255386
14 0.163055 678.803578 0.255216 648.319448
14 0.580357 6732.142857 1.044643 1625.000000
14 0.056017 5545.706371 0.784241 2072.637735
14 0.054102 4274.078478 0.757432 3083.828775
14 0.660414 4396.468549 1.132138 4660.634041
15 0.062222 259.777778 0.404444 933.333333
15 0.080889 -7255.733333 0.323556 8938.222222
15 0.037008 5947.685543 0.618559 1475.026015
15 0.780437 7780.957336 1.638918 4838.709677
15 0.925926 -4444.444444 0.740741 13333.333333
15 0.777158 -1554.315119 0.577317 2708.949207
15 0.486389 1761.572287 0.824746 4588.969823
15 0.163333 633.888889 0.303333 933.333333
15 1.010979 2713.679494 0.638513 4948.474371
15 0.470312 7889.140842 1.222810 2539.682540
15 0.212793 2558.328671 0.577317 790.110185
15 0.028196 7911.919707 1.282938 1966.701353
15 0.234131 765.608741 0.491675 725.806452
15 0.147812 1031.997984 0.698749 1693.121693
15 0.628863 5806.100511 0.846547 4352.459016
15 0.295624 -920.131015 1.397497 6370.370370
15 1.325232 6714.276124 0.641469 983.350676
15 0.325666 445.570334 0.577317 1805.966138
15 0.400000 1945.000000 0.350000 750.000000
15 1.141956 3863.616528 0.824746 5703.433923
15 0.855556 7155.555556 1.011111 933.333333
15 0.925556 -693.000000 0.707778 3453.333333
15 0.234131 3795.265349 0.491675 2104.838710
15 0.324259 3359.605250 0.549830 874.089490
15 0.299464 -6268.773471 0.399285 7825.984715
15 1.085563 11884.797422 1.099661 1311.134235
15 0.478710 1133.282943 0.262031 962.962963
15 0.528889 3372.444444 0.404444 1400.000000
15 0.221718 5549.676661 1.048123 4232.804233
15 1.031746 -44.973545 0.634921 2500.000000
15 0.648518 11444.933033 1.099661 1311.134235
15 0.432988 -2309.268177 0.288659 2886.585221
15 1.505637 -2274.388415 1.464045 14093.222474
15 0.326667 1432.666667 0.606667 933.333333
15 0.458893 7123.204145 1.347073 1805.966138
15 0.423280 -2428.571429 0.687831 5111.111111
15 0.433359 5126.732174 1.048123 952.380952
15 0.325666 3542.358171 0.577317 902.983069
15 0.317460 2063.492063 0.634921 1238.095238
15 0.518105 1091.166221 0.384878 1930.126310
15 0.925556 342.222222 0.707778 6533.333333
15 0.322499 1624.590577 0.524061 1100.529101
15 0.162130 861.401094 0.274915 568.158169
15 0.126751 1491.402364 0.324741 586.938995
15 1.260000 5275.666667 0.606667 700.000000
15 0.571667 4648.000000 1.061667 933.333333
15 0.024955 -2645.262691 0.499106 5240.614764
15 0.655567 3802.289282 1.311134 3802.289282
15 0.843771 2606.808499 0.962195 8939.532384
15 0.777158 293.099422 0.577317 2708.949207
15 1.015856 -225.745767 1.015856 4627.788229
15 0.432559 -9709.278656 0.266190 10481.229529
15 0.388579 620.615822 0.288659 880.408492
15 1.015072 -3519.267564 0.733107 7331.425598
15 0.449196 -7366.807040 0.598927 10481.229529
15 0.528889 889.777778 0.404444 1213.333333
15 0.236605 -4444.394819 0.340712 5773.170442
15 1.243452 -619.135522 0.336768 2370.330556
15 0.105737 7591.890168 0.549830 655.567118
16 0.110114 1859.699590 0.685152 6362.130178
16 0.392173 -7182.363304 0.546241 9866.745577
16 0.560982 13912.346607 1.495951 13014.775858
16 0.497934 746.900383 0.357491 1112.051682
16 0.644531 3861.328125 1.230469 937.500000
16 0.302959 810.414201 0.681657 984.615385
16 0.133567 7354.203189 0.747976 1322.314050
16 0.322266 1461.914062 0.615234 937.500000
16 0.321602 1381.491124 0.587274 908.875740
16 0.193109 524.904992 0.983100 4587.213188
16 0.233742 14385.174055 1.308957 1322.314050
16 0.308540 5121.763085 0.661157 2812.121212
16 0.703125 7171.875000 1.406250 3656.250000
16 1.034720 -9125.112426 0.783031 12178.934911
16 1.230478 1971.561220 0.587274 2726.627219
16 0.851041 -9254.609309 0.936412 16954.000326
16 0.153809 -7198.242188 0.666504 10664.062500
16 0.319188 380.472332 0.536236 1710.848741
16 0.439453 3714.843750 1.435547 12937.500000
16 1.034720 1708.686391 0.783031 2363.076923
16 0.447447 7483.543013 1.370305 3635.502959
16 0.322266 2862.304688 0.615234 1875.000000
16 0.597597 -7640.698500 0.832367 14299.631271
16 0.601052 1602.804909 0.280491 1763.085399
16 0.320561 697.220135 0.560982 2556.473829
16 1.054688 -234.375000 0.820312 1875.000000
16 0.322266 3046.875000 0.615234 1875.000000
16 0.175781 1458.984375 1.230469 2109.375000
16 0.402832 2827.148438 0.769043 1171.875000
16 0.248967 -1035.446514 0.178745 2822.900423
16 1.034720 356.558944 0.783031 5907.692308
16 0.418935 1383.680838 0.703810 5453.330363
16 0.587306 -23.619927 0.268118 1668.077523
16 0.050272 -572.384236 1.072472 7650.701715
16 0.615239 -1195.521165 0.293637 3544.615385
16 0.641122 10538.442274 1.121963 3878.787879
16 0.058436 -9686.284331 0.315552 12715.585608
16 0.280886 -3427.442870 1.429963 6287.369125
16 0.720567 6.224170 0.402177 2085.096904
17 0.121714 1483.415066 0.335333 662.717916
17 0.238754 -2723.875433 0.467128 8329.411765
17 0.875433 11474.048443 1.712803 2352.941176
17 0.629758 67.820069 0.311419 2776.470588
17 0.525952 -664.359862 0.415225 5647.058824
17 0.472318 -2865.051903 0.233564 8470.588235
17 0.581244 1354.746445 0.447111 4010.586011
17 0.635050 5994.504376 1.025850 1660.899654
