15 0.428750 6090.000000 0.796250 2100.000000
16 0.483398 993.164062 0.922852 1406.250000
15 0.253750 -621.250000 0.796250 2100.000000
10 0.033750 -8640.000000 0.472500 9517.500000
9 0.203704 3.703704 0.129630 333.333333
8 0.000000 -44193.608793 0.307755 47004.437207
8 0.861328 -9400.781250 0.123047 9720.703125
7 0.528061 -97.576531 0.114796 321.428571
15 0.549830 -195594.206304 0.824746 197985.968917
14 0.761163 -768.252081 0.537291 2326.397146
13 0.380430 1569.272977 0.261545 2353.909465
14 0.967034 2967.144547 1.273655 896.275777
13 0.565836 2165.580983 0.933630 666.429334
12 0.464640 -3826.944000 1.013760 6800.640000
3 0.229333 -2528.000000 0.064000 3040.000000
2 0.060000 420.000000 0.180000 156.000000
13 0.495074 -884.945455 0.123769 1206.743802
14 0.070759 160.386192 0.377379 2330.317021
13 0.641975 -2503.703704 0.320988 6355.555556
15 1.458333 619.500000 2.275000 9800.000000
11 0.181818 5184.090909 1.818182 2475.000000
7 0.253768 -4863.750797 0.126884 5413.581283
6 0.024387 -814746.430930 0.048773 815234.161459
5 0.146655 -7657.226782 0.030875 7965.973535
17 0.341950 -1325406.065540 1.025850 1328073.274985
11 0.570370 619.259259 1.140741 1857.777778
13 0.053254 6269.822485 1.562130 1384.615385
12 0.126720 5356.032000 1.351680 1267.200000
14 0.596939 -188623.469388 1.193878 201696.428571
14 0.778345 -7705.613063 0.566069 12234.164358
16 0.565990 -2428.249437 0.315552 3438.016529
9 0.074792 1244.044321 0.398892 710.526316
9 0.946676 -3155.588020 0.525931 4207.450694
3 0.555556 455.555556 0.444444 3016.666667
16 1.054688 3410.156250 0.820312 937.500000
11 0.057053 -1293.200601 0.152141 1561.983471
4 0.030762 -403687.109375 0.013184 403792.578125
12 0.046886 -3653.717760 0.079834 4181.760000
8 0.360490 -2131.591837 0.188082 4388.571429
5 0.032876 3050.875318 0.118353 1209.829868
9 0.256392 2185.244704 0.473338 1459.459459
13 0.247537 -191.841322 0.371306 1918.413223
4 0.162430 -31643.283891 0.026519 32067.590028
4 0.010517 -523923.182442 0.037037 524466.392318
16 0.884406 2753.893491 1.615002 681.656805
15 0.211473 888.187708 1.099661 1311.134235
12 0.767435 408.401261 1.211740 6377.342774
11 0.456296 1733.925926 0.684444 1629.629630
10 0.280730 -172.060322 0.108670 389.399676
6 0.078125 -492304.687500 0.078125 492421.875000
16 0.320435 -21420883.178711 0.346069 21429188.842773
12 0.052800 -37128.960000 0.285120 40550.400000
10 0.106313 -43890.731250 0.106313 44121.075000
9 0.196158 -99.784810 0.119401 410.226443
8 0.389648 -15454.687500 0.041016 15561.328125
5 0.243000 -33021.000000 0.027000 33345.000000
4 0.021973 -2035.546875 0.013184 2193.750000
14 0.241241 -5306250.977476 0.302226 5308668.788784
10 0.828000 -45414.800000 0.252000 46070.000000
5 0.330418 91.350826 0.077745 530.612245
3 0.202094 -551.661356 0.010924 639.053254
7 0.024599 -2281.568878 0.061498 2755.102041
3 0.540737 -43.695949 0.098316 1420.118343
13 0.219408 -27193.085500 0.151898 28813.328926
13 0.232918 -18761.065238 0.078292 19543.983288
9 0.149294 -413.654984 0.229404 1514.792899
16 0.058436 -11331.830704 0.315552 12341.597796
15 0.295624 1048.122953 1.397497 4402.116402
16 0.126079 2602.022190 0.301633 2224.103364
14 0.321747 449.640908 0.627406 2467.796610
10 0.243750 -183.750000 0.506250 1500.000000
4 0.115469 -34749.788599 0.094474 35203.265782
16 0.410156 -136684.570312 1.230469 143206.054688
14 0.328345 259.690844 0.537291 1298.454221
13 0.249657 174.759945 0.392318 962.962963
11 0.087810 -41.322314 0.139463 227.272727
8 0.098597 -1250.855664 0.237992 3083.395943
6 0.425347 -60907.118056 0.060764 61375.000000
14 0.553508 3344.768133 1.136147 1086.206897
12 0.250651 -43083.333333 0.322266 45661.458333
14 1.193878 -3707.653061 0.895408 6035.714286
11 0.104572 640.878225 0.597555 912.765957
14 0.119172 -39247.941110 0.163862 40558.837537
7 0.200893 -15945.153061 0.258291 20594.387755
10 0.654750 -126932.287500 0.425250 130270.500000
3 0.459184 -334.110787 0.183673 2485.714286
15 0.066547 -1061420.868877 0.399285 1061939.939291
13 0.686557 2079.286694 1.078875 3530.864198
8 0.512111 -250.519031 0.193772 1529.411765
7 0.624257 -769.916766 0.099881 1568.965517
7 0.219932 -1680.789500 0.042295 2019.146722
4 0.370370 -1022.222222 0.074074 2355.555556
12 0.326400 832.320000 0.633600 720.000000
13 0.106996 1412.345679 0.855967 1925.925926
11 0.124764 1330.812854 0.831758 1913.043478
4 0.022099 -35300.502605 0.008840 35371.220295
5 0.162000 -9529.800000 0.018000 9600.000000
3 0.072157 -168.148688 0.019679 244.897959
4 0.049383 -68271.604938 0.049383 69160.493827
14 0.122897 -2176717.029489 0.245793 2178683.374130
5 0.072327 6.575162 0.078902 151.228733
16 0.234375 2390.625000 1.640625 1875.000000
14 0.832110 -2408.157601 0.893256 7053.088193
13 0.701355 -5658.287603 0.742612 9519.867769
13 0.354859 -8582.515931 0.084490 9072.559172
5 0.085066 862.003781 0.567108 2086.956522
4 0.024691 -1967.901235 0.024691 2158.024691
3 0.058667 -256.000000 0.021333 426.666667
3 0.187500 -11083.333333 0.062500 13333.333333
17 0.051839 -46191.970123 0.544309 51030.273143
13 0.586793 2010.604727 0.968209 866.358135
14 0.315051 -2653.061224 0.149235 4642.857143
5 0.174927 -153338.516359 0.233236 155169.420149
4 0.381030 -1047.832282 0.117240 1968.166090
12 0.210725 -131146.897188 0.168580 131804.360580
12 0.126720 1511.136000 0.665280 712.800000
11 1.497164 158.034026 0.415879 2773.913043
4 0.043945 -6609.375000 0.026367 6925.781250
15 0.104500 -278396.429471 0.294785 279339.740129
10 0.469339 -125.513800 0.032105 250.721841
3 0.053333 -4384.000000 0.320000 8224.000000
16 0.624847 -633077.026367 0.499878 634076.782227
6 0.208333 125.000000 0.208333 416.666667
12 1.121981 4425.094986 1.077102 4837.984173
11 0.593317 3619.236585 0.800979 2788.592123
12 0.429688 -86308.105469 0.107422 86517.578125
12 0.639733 1767.263640 1.319450 5093.877551
11 0.651852 1694.814815 1.303704 5084.444444
10 0.957763 -541.344438 0.749554 4439.024390
9 0.065741 923.009496 0.420745 1264.864865
6 0.149760 -251.520000 0.138240 1910.400000
15 0.240551 -34584.337552 0.309280 36068.879863
14 0.062181 -13908.673469 0.335778 15520.408163
12 0.049755 -24168.803854 0.268675 25458.443585
8 0.546875 -885.937500 0.328125 3412.500000
7 0.466667 -14852.000000 0.217778 16528.888889
5 0.095280 -339580.493136 0.101427 340797.623113
4 0.013717 -137015.363512 0.074074 137904.252401
13 0.866380 -1386.208264 0.577587 2887.933884
10 0.007835 305.567244 0.313402 321.237359
3 0.163860 -149.112426 0.049158 276.923077
13 0.337278 4352.662722 0.585799 2676.923077
12 0.253440 2090.880000 0.380160 2471.040000
14 0.850720 -53503.047537 0.340288 53843.335492
13 0.309421 103.140496 0.412562 309.421488
12 0.270833 -108.333333 0.229167 1300.000000
14 0.164172 531.321497 0.268646 865.636147
4 0.020994 -25137.192010 0.083977 26480.828109
11 0.755424 -368854.338843 0.732180 373540.289256
7 0.309976 -227737.996638 0.309976 231457.706343
6 0.345600 694.656000 0.230400 144.000000
6 0.299520 1100.160000 0.276480 2217.600000
14 0.270511 75.743163 0.486920 1514.863258
16 0.000000 -56230.175534 0.441986 57953.919359
14 0.380581 -250.735988 0.268646 1298.454221
4 0.656250 -5559.375000 0.328125 8892.187500
13 1.050552 351.726593 0.666429 981.132075
16 0.122681 498.046875 0.346069 609.375000
4 0.101148 -2353.994804 0.055172 3126.399349
11 0.010397 1776.843100 1.663516 4710.869565
3 0.277333 -406.400000 0.042667 741.333333
15 0.212333 -837527.600000 0.637000 840840.000000
14 0.022387 843.995244 0.626840 973.840666
4 0.070114 -216.606602 0.008046 231.548952
16 0.406151 -94177.375793 0.843544 96370.590210
11 1.487603 -131108.987603 0.557851 132280.475207
7 0.352041 -358.163265 0.076531 557.142857
5 0.279865 -697.220135 0.050714 859.504132
5 0.194363 -50456.754130 0.116618 51856.171040
3 0.021848 -2106.144743 0.032772 2499.408284
2 0.218750 262.500000 0.281250 3112.500000
9 0.097222 -3966.666667 0.291667 5366.666667
3 0.008889 -2076.444444 0.048000 2460.444444
7 0.163721 -54017.639014 0.174636 55676.680877
13 0.495074 -330.049587 0.330050 4290.644628
13 1.069959 -16905.349794 1.283951 25379.423868
11 0.103970 706.994329 0.623819 1455.576560
11 0.325926 -564.938272 0.651852 2824.691358
6 0.075628 -60172.683029 0.113441 60369.314800
15 0.598927 -838212.336081 0.598927 841326.758569
15 0.255534 -91605.843083 0.255534 93573.453140
13 0.588477 1551.440329 0.855967 1444.444444
5 0.305745 -418894.386455 0.315608 425285.444234
4 0.419753 -3555.555556 0.172840 6962.962963
13 0.208778 -70733.075715 0.156584 71343.751794
10 0.056250 -6930.000000 0.303750 9360.000000
8 0.523583 -59035.278404 0.373988 62027.180900
7 0.366805 -6667.924064 0.232482 10387.633769
9 0.009950 -41790.219730 0.268651 43939.431031
2 0.080000 -1408.000000 0.240000 3328.000000
14 0.298495 7754.905900 1.432777 2596.908442
11 0.091539 -37104.627270 0.274616 40400.016438
11 0.209194 -15244.059917 0.313791 19009.555785
7 0.160714 -1157.142857 0.482143 5014.285714
8 0.654479 -52106.586526 0.168295 54574.906086
8 0.501527 -756.849176 0.273560 1550.173010
15 0.829764 -119922.734526 0.917108 122307.214244
10 0.281250 -5816.250000 0.450000 9348.750000
7 0.218522 -323.413111 0.349636 3068.054110
7 0.888597 -2829.734716 0.309976 3635.671819
13 0.748971 -128.395062 0.213992 962.962963
11 0.386364 -556.818182 0.113636 1000.000000
14 1.201822 -45469.744444 0.499618 46768.750456
9 0.966399 423.374726 0.736304 3405.405405
13 0.332876 1332.693187 0.523091 1701.234568
5 0.022298 -38906.893557 0.096055 39245.828881
4 0.006896 -9042.880234 0.032184 9156.442092
11 0.086914 -260.740741 0.130370 434.567901
7 1.178571 -6225.000000 0.321429 6642.857143
6 1.085571 760.923987 0.245790 1131.656805
6 0.729167 -2500.000000 0.625000 3437.500000
16 0.160280 156.273479 0.280491 573.002755
16 0.120601 129.514793 0.220228 443.076923
15 0.486389 2816.823873 0.824746 1966.701353
13 0.760860 1108.001829 0.523091 1925.925926
11 0.154513 -15322.096022 0.154513 16125.563786
9 0.272916 -243.918425 0.358202 1640.905771
5 0.641507 -19550.459011 0.226414 20003.287581
11 0.054321 -82368.000000 0.293333 83306.666667
16 1.353358 -3919.631072 0.357491 6672.310091
5 0.097500 372.000000 0.202500 600.000000
5 0.184105 -85.477110 0.118353 393.194707
4 0.209943 -200.145794 0.055985 345.706371
12 0.674321 -9126606.362471 0.337161 9129303.648184
11 0.807336 1239.609720 0.686553 2330.466274
16 0.000000 -130838.103044 0.662978 135943.036678
12 1.099542 0.000000 0.659725 2572.927947
13 0.332876 1545.496113 0.523091 2482.304527
12 0.506880 152.064000 0.337920 2449.920000
3 0.006560 -31098.104956 0.098397 31873.469388
9 0.411357 1034.626039 0.299169 710.526316
8 0.276817 243.598616 0.193772 705.882353
5 1.750000 -34695.000000 0.450000 37035.000000
6 0.231610 -1734.235496 0.014180 1843.422849
12 0.608997 -852.595156 0.608997 1766.089965
12 0.792000 -5105.760000 0.475200 5818.560000
15 0.116396 -478194.979865 0.309280 480669.217051
13 0.242052 -13296.732202 0.311210 14292.603962
15 0.092276 1122.928972 0.340712 1125.768236
14 0.303571 1462.500000 0.696429 3900.000000
13 0.538462 -346.153846 0.461538 3900.000000
12 0.163200 567.360000 0.316800 1872.000000
12 0.219908 747.688463 0.879633 1539.358601
14 1.344414 5131.178824 0.896276 1770.144660
6 0.099840 -8182.272000 0.207360 9841.152000
3 0.500000 350.000000 0.500000 650.000000
16 0.160280 881.542700 0.280491 1278.236915
15 0.253768 143.801819 0.183277 1267.429761
4 0.139918 -511.111111 0.082305 1992.592593
15 0.312319 -755832.151474 0.255534 756496.539286
15 0.326667 -2460.888889 0.606667 5413.333333
12 0.156250 -450.000000 0.343750 3200.000000
16 0.592856 -71727.659768 0.248617 74048.084147
16 0.792819 -1665505.734729 0.264273 1667972.283660
15 0.766601 -1157444.279188 0.255534 1159829.261076
16 1.389098 -8582.686368 0.373988 9685.950413
16 1.369317 -9111.227112 0.983100 10585.876587
11 0.325926 717.037037 0.651852 977.777778
10 0.450000 -292.500000 0.675000 2047.500000
13 0.242052 -16155.252994 0.311210 17151.124754
16 0.104046 -1252234.785747 1.144504 1257104.130336
16 0.321602 -2480.531634 0.587274 3635.502959
8 0.039184 -41998.628571 0.211592 44537.730612
5 0.116618 -1109.167477 0.155491 2975.056689
12 0.158400 5163.840000 1.108800 1869.120000
13 0.320988 -663.374486 0.641975 1925.925926
17 0.067474 6614.532872 1.167820 4129.411765
10 0.583090 -32478.134111 0.583090 34903.790087
4 0.146118 -2429.077148 0.029663 2478.515625
10 0.000000 3102.040816 0.816327 1224.489796
15 0.048110 -29323.053471 0.962195 33903.102022
14 0.412759 2471.834249 0.707586 896.275777
13 0.320641 -353.333289 0.345789 1999.288003
9 0.532544 3131.360947 0.852071 1384.615385
11 0.543210 -325.925926 0.434568 977.777778
11 0.253961 2046.627433 0.448167 1404.255319
9 0.272189 534.911243 0.189349 923.076923
8 0.227265 -3050.579592 0.047020 3382.857143
5 0.291545 225.461613 0.116618 707.482993
4 0.228516 -309.375000 0.052734 731.250000
4 0.197531 -785.185185 0.246914 2311.111111
12 0.427083 989.583333 0.572917 500.000000
10 0.638183 1592.212006 0.292050 744.186047
9 0.271605 -439.506173 0.172840 888.888889
15 0.106419 -79822.048443 0.851350 86377.446750
10 0.028688 -17109.393750 0.106313 17928.000000
2 0.222222 859.259259 0.222222 918.518519
3 0.172053 -2064.633591 0.147474 3834.319527
14 0.635586 -91748.598205 0.873931 96293.039154
13 0.414947 -181967.901019 0.311210 185702.420119
11 0.123967 2219.008264 0.557851 681.818182
16 0.374908 -251384.307861 0.874786 252521.530151
11 0.746944 4501.584427 1.045722 1444.092349
15 0.295624 -2813.807004 1.397497 4910.052910
13 0.660099 2557.884298 0.371306 412.561983
4 0.518519 318.518519 0.148148 866.666667
2 0.375000 -325.000000 0.125000 650.000000
12 0.506880 7729.920000 0.760320 3674.880000
5 0.207118 -163.721542 0.133147 589.792060
13 1.199008 1704.396694 0.928264 709.090909
10 0.226395 -514.369804 0.163005 1557.598702
9 0.415112 -157.305416 0.152936 1136.094675
8 0.308540 1357.575758 0.308540 617.079890
6 0.082305 806.584362 0.164609 246.913580
5 0.037807 257.088847 0.075614 226.843100
4 0.033241 159.556787 0.066482 265.927978
14 0.156851 -125.481184 0.470554 1631.255386
11 0.069531 -681844.727572 0.162239 682477.458436
9 0.131088 -681.656805 0.152936 1476.923077
3 0.393264 -489.940828 0.032772 617.751479
5 0.189000 -49680.000000 0.081000 50814.000000
4 0.164795 -39276.562500 0.046143 39698.437500
11 0.139430 1607.424174 0.796741 3651.063830
15 0.791194 -1540787.733333 0.341250 1541879.733333
13 0.419514 -948902.940239 0.311210 949898.811999
11 0.054170 -1979136.094757 0.257457 1982225.583599
11 0.077498 -2261444.016461 0.293333 2264964.016461
11 0.260741 130.370370 0.391111 651.851852
10 0.443483 800.432666 0.486750 465.116279
10 0.248110 -629.938625 0.501444 1499.107674
4 0.230937 -39.189386 0.167955 1382.825485
3 0.027778 -20501.388889 0.166667 21834.722222
13 0.177429 -5642055.826127 0.329512 5643110.263996
11 0.231770 -17911.901235 0.139062 18635.022222
15 0.567567 -322985.287828 0.567567 324631.231991
8 0.497073 -115212.128280 0.161213 118113.959184
6 0.172840 4464.197531 0.493827 6400.000000
6 0.159763 5277.514793 0.532544 6438.461538
5 0.185950 4568.181818 0.495868 6340.909091
4 0.333333 288.888889 0.333333 7044.444444
4 0.446977 208.100957 0.175860 249.134948
16 0.483398 -6038.085938 0.922852 8437.500000
12 0.302935 4941.206470 1.346378 659.725115
6 0.416667 -500.000000 0.052083 1333.333333
17 0.512925 -1382440.056992 1.367800 1385996.336251
5 0.045000 -13104.000000 0.135000 15264.000000
3 0.544000 59.733333 0.042667 106.666667
8 0.433137 307.754936 0.341950 2325.259516
6 1.020710 -1353.550296 0.221893 3062.130178
6 0.312500 -583.333333 0.104167 1416.666667
6 0.041667 1229.166667 0.208333 375.000000
14 1.260204 3170.408163 0.596939 928.571429
16 0.253278 -13842114.903683 0.301633 13849354.092014
15 0.244250 2295.945476 0.432988 677.237302
14 0.372190 393.103482 0.255216 1359.379489
13 0.191316 -10339549.966977 0.196159 10344257.785907
10 1.231410 -9080.309340 0.481856 10333.135039
14 0.224936 -167887.663593 0.285496 174739.563441
13 0.779597 -17915.632368 0.553262 20792.595230
5 0.291545 -6394.557823 0.291545 8726.919339
3 0.221211 -4370.141102 0.098316 5943.195266
16 0.550964 -4760.330579 0.330579 7933.884298
15 0.326667 -653.333333 0.606667 1866.666667
15 0.408333 2240.000000 0.525000 2800.000000
11 0.321580 -18281.402469 0.069531 18642.962963
13 0.132027 -4748.520710 0.329512 7384.615385
7 0.458075 -3664.602895 0.241092 5593.341260
9 0.094114 -13958.460838 0.047057 14050.222331
4 0.141435 -17708.888053 0.026519 18027.117656
14 0.321747 641.884516 0.627406 1993.220339
13 1.031405 -5837.752066 0.206281 6704.132231
15 0.407603 -179247.549461 0.524061 181972.669138
7 0.144655 -5.166263 0.154988 1198.573127
5 0.024657 -19133.722364 0.133147 20198.898660
5 0.414642 -2560.414642 0.310982 3773.242630
4 0.429880 -2540.199471 0.234480 3454.671280
9 0.077449 -311623.480160 0.232347 312076.557137
4 0.216797 -9018.750000 0.158203 9525.000000
16 0.352478 -12122963.409424 0.230713 12124809.112549
10 0.087464 -59755.102041 0.262391 62903.790087
10 0.101250 -44064.000000 0.303750 46494.000000
6 0.137174 -3753.086420 0.109739 5728.395062
10 0.027000 -3317267.850000 0.303750 3319697.850000
16 1.755981 -44335.998535 0.499878 46918.701172
12 0.190080 -68652.736000 0.760320 77776.576000
5 0.245000 508.500000 0.105000 300.000000
15 0.748659 -1961066.767448 0.149732 1962264.622251
12 0.253440 304.128000 0.380160 1900.800000
11 0.379716 -455.658749 0.244103 1871.455577
10 0.765306 566.326531 0.153061 612.244898
2 0.247934 -456.198347 0.297521 2836.363636
12 0.053222 -387980.871680 0.190080 389501.511680
8 0.030762 -2260817.871094 0.276855 2263032.714844
15 0.925556 -1486.333333 0.707778 4246.666667
12 0.000000 -130521.313280 0.205286 132902.635520
5 0.087478 -9062.231767 0.030875 9432.727870
9 0.194444 -41585.185185 0.064815 43011.111111
7 0.196793 -37302.113703 0.032799 38089.285714
6 0.261120 -179.712000 0.122880 499.200000
4 0.167955 -95885.231083 0.083977 96892.958157
4 0.218750 1250.000000 0.281250 1000.000000
4 0.632812 -183271.875000 0.140625 184959.375000
3 0.291667 -3000.000000 0.083333 4000.000000
13 0.310162 3363.162879 1.244840 3110.003560
16 0.070123 -30734.785875 0.911595 37754.069622
13 0.928264 -23872.793388 0.309421 25079.537190
15 1.065816 771.236359 0.288659 902.983069
4 0.304688 75.000000 0.070312 487.500000
12 0.124679 -3022843.883574 0.268675 3026067.982902
5 0.342000 -9619.200000 0.108000 9900.000000
9 0.116021 -38818.376163 0.104419 40384.662487
3 0.437318 -7067.055394 0.052478 7836.734694
12 0.244800 771.360000 0.475200 480.000000
11 0.501767 -8755.157393 0.122051 9731.568998
10 0.600324 -1855.056787 0.097350 3023.255814
6 0.056721 -839802.667974 0.113441 840676.166801
5 0.097182 -3317.136378 0.174927 4716.553288
8 0.327239 170.164454 0.392687 1871.808999
5 0.391222 -340.593408 0.138078 1058.601134
9 0.313715 -17522.000864 0.094114 18651.373085
13 0.345789 -24876.683437 0.345789 25326.208884
11 0.199185 -876.414667 0.398370 1394.296062
10 0.100000 1040.000000 0.900000 1300.000000
16 1.353358 -11827.837866 0.357491 13686.789931
7 0.213539 89.548567 0.086104 599.286564
13 0.230769 -830.769231 1.384615 3230.769231
4 0.218750 -700.000000 0.281250 1600.000000
14 0.362427 -6111.160714 0.234512 6685.714286
5 0.027444 -616611.826001 0.082332 617270.485740
5 0.060000 -81.000000 0.540000 4320.000000
4 0.141435 -14052.783511 0.026519 14264.936580
4 0.351562 -56.250000 0.210938 1743.750000
14 0.942881 3274.562638 1.148472 209.135306
2 0.250000 -4250.000000 0.125000 5250.000000
14 0.232687 590.766390 0.504155 736.842105
9 0.259259 -3100809.259259 0.194444 3102364.814815
15 0.133227 636.529049 0.769756 902.983069
10 0.666270 1530.041642 1.284949 975.609756
6 0.015360 381.696000 0.368640 1056.000000
16 0.320561 2286.668336 0.560982 1322.314050
15 0.147812 1346.434870 0.698749 1693.121693
14 0.530612 1293.367347 0.397959 1392.857143
10 0.035381 -7525.032314 0.106142 7868.226317
8 0.588318 -56700.878906 0.519104 60853.710938
7 0.005639 78.950018 0.169179 174.817898
15 0.266454 1632.400950 1.539512 2370.330556
9 0.314815 577.777778 0.129630 977.777778
12 0.253440 215.424000 0.380160 1267.200000
10 0.204082 520.408163 0.408163 1071.428571
15 0.165540 -46198.471935 0.567567 47844.416099
15 0.388579 868.196016 0.288659 1354.474604
13 0.332876 1184.087791 0.523091 855.967078
14 0.663265 2951.530612 1.193878 928.571429
15 0.651332 -3477.224966 1.154634 9481.322225
11 0.253569 -8814.049587 0.304282 11157.024793
5 0.265000 -120.000000 0.135000 300.000000
14 0.330207 -141.517228 0.566069 896.275777
10 1.070791 -1798.929209 0.642475 5139.797739
4 0.190515 -1689.721148 0.058620 1918.339100
2 0.330579 -1153.719008 0.033058 1418.181818
15 0.331081 -3798.028957 1.135134 8225.051190
12 0.126720 -91360.512000 0.760320 95770.368000
13 1.046182 -153235.832952 0.523091 159512.924859
4 0.197531 -22549.794239 0.197531 25512.757202
13 0.309980 -8769.846512 0.387475 10461.819845
5 0.283554 -172.022684 0.151229 565.217391
5 0.427600 -373.177843 0.116618 1306.122449
8 0.458135 -2199.048335 0.261791 2879.706152
7 0.326667 -457.333333 0.326667 1306.666667
4 0.123457 -9822.222222 0.024691 10118.518519
16 1.179199 -425.537109 0.461426 1640.625000
16 0.296084 -1231807.692672 0.330341 1232864.785071
5 0.355059 -40275.499301 0.177529 41695.734363
14 0.328345 -1904.399524 0.537291 5020.689655
8 0.344816 410.644898 0.752327 2523.428571
15 0.116396 -865027.870509 0.309280 866512.412820
14 0.058487 919.309180 0.255216 407.813847
7 0.213192 -28833.728134 0.073797 29424.107143
6 0.117188 -801632.812500 0.039062 802257.812500
7 0.380652 -3730.388372 0.190326 4047.598268
7 0.380652 -218194.219731 0.126884 220478.130979
12 0.175136 -2558.581541 0.636859 6252.364475
11 1.545455 -3163.636364 0.454545 5800.000000
10 0.053071 -1720048.824720 0.106142 1721181.011121
8 0.061523 -5241.796875 0.184570 6718.359375
12 0.211200 -7489.152000 0.295680 7873.536000
5 0.108000 -399.600000 0.027000 540.000000
12 0.319867 -99.958351 0.659725 979.591837
12 0.143229 -36251.302083 0.429688 38249.348958
14 0.223448 -23486.894327 0.436965 26982.618134
6 0.859625 -5212.620027 0.292638 8724.279835
10 0.048591 -1150938.775510 0.262391 1154087.463557
13 0.056327 -251364.019117 0.394288 252389.167046
11 0.126784 -2966.754320 0.152141 3626.033058
10 0.128250 -2895.750000 0.141750 3510.000000
9 0.129630 -2808.641975 0.129630 3370.370370
9 0.145217 -1443363.515301 0.087130 1444292.903971
15 0.697667 -5824.000000 0.364000 7886.666667
14 0.317218 -566680.579179 0.697879 567587.821474
15 0.485333 -43030.866667 0.728000 44923.666667
12 0.324403 -18363.248640 0.182477 19768.320000
5 0.850662 -4083.175803 0.453686 10434.782609
3 0.133333 640.000000 0.266667 3200.000000
12 0.074969 1409.412745 0.659725 734.693878
17 1.196825 -9619015.672706 1.709750 9625683.696317
8 0.051292 258.172196 0.239365 435.986159
7 0.528889 -619.111111 0.124444 980.000000
16 0.278778 -5297396.514893 0.346069 5302933.624268
10 0.340725 1835.045971 1.752299 2720.930233
9 0.496914 -26133.333333 0.194444 28000.000000
8 0.076498 -43437.834392 0.076498 43603.578991
9 0.099723 1126.869806 0.897507 5783.933518
15 0.794994 -763022.508203 0.340712 765645.988279
15 0.163333 -849.333333 0.303333 2426.666667
13 0.133076 179.391041 0.311210 2310.288359
11 0.318182 3250.000000 0.681818 2000.000000
14 0.141785 -3932.674566 0.940260 10863.733650
14 0.433397 -4228.122013 0.742965 10256.755925
13 0.278479 4034.856198 0.649785 1237.685950
12 0.083333 1083.333333 0.916667 1300.000000
10 1.557599 -5188.750676 0.973499 8226.068145
15 0.465241 17259.037964 1.282938 2534.859521
14 0.464286 5332.653061 1.392857 16157.142857
13 0.374486 -406.584362 0.106996 962.962963
11 0.687104 -14299.005507 0.976412 28945.179584
8 0.438836 -2719.641767 0.239365 5619.377163
7 0.401786 -1968.367347 0.401786 6835.714286
10 0.125361 -173616.517462 0.501444 180636.729009
6 0.299520 126.720000 0.276480 3744.000000
10 0.009718 -384878.522838 0.262391 385718.172983
6 0.046080 -46409.216000 0.138240 48621.056000
12 0.751953 -476100.585937 0.322266 476422.851562
13 0.134615 5475.000000 1.615385 2925.000000
8 1.812335 1119.316100 0.512925 2984.083045
11 0.020342 -56225.117120 0.467864 60716.610504
3 0.319527 -1263.905325 0.142012 2400.000000
16 0.591431 -9043.945312 0.346069 11812.500000
4 0.197842 102.096479 0.175860 323.875433
15 0.499106 -4241124.356621 0.598927 4242382.104164
13 0.187528 -16062.913298 0.060009 16783.021488
4 0.155171 -16083.945355 0.020689 16249.460615
13 0.999644 -721.965112 0.777501 3121.110716
10 0.111197 -3932.831422 0.106142 4346.787075
4 0.006322 -88.734570 0.003448 97.699980
4 0.172840 -2962.962963 0.049383 3555.555556
16 0.995867 -7966.937422 0.714982 13686.789931
6 0.054870 235.939643 0.109739 641.975309
13 0.892764 2190.414906 1.106524 866.358135
12 0.594401 229.166667 0.322266 1833.333333
12 0.086400 7228.800000 0.633600 4176.000000
16 0.893727 -39208.519665 1.072472 41353.464356
15 0.634921 619.047619 0.634921 1031.746032
9 0.230453 -216914.300412 0.806584 222399.074074
7 0.270686 -249.256487 0.253768 909.053070
16 0.552482 -3509969.719737 0.662978 3515174.100130
13 1.320198 -16766.519008 0.330050 19307.900826
14 1.186519 -169891.541269 0.604453 171160.892206
13 0.277397 3249.504649 1.220546 1283.950617
11 0.456296 1564.444444 0.684444 977.777778
10 0.650310 18.804138 0.313402 1284.949435
5 0.225394 -47462.434260 0.135237 48513.899324
17 1.051903 -373.702422 0.830450 2823.529412
12 0.515625 1847.656250 0.859375 687.500000
11 0.233720 -503752.459228 0.233720 504360.131738
10 0.106142 -340618.642618 0.212285 341170.583488
10 0.450000 513.000000 0.675000 1350.000000
7 0.193146 -688.556947 0.112786 1590.842872
14 0.316290 3452.556480 0.649227 724.137931
8 0.261475 -99606.445312 0.230713 102375.000000
5 0.078902 -33569.655626 0.236706 36410.125750
10 0.204082 -202108.843537 0.408163 207006.802721
9 1.018519 -648.148148 0.648148 2333.333333
15 0.466901 -6516.426702 0.302855 7697.560589
8 0.130737 -276.599121 0.115356 426.562500
3 0.010667 -994.133333 0.032000 1077.333333
16 0.156606 -59275.477469 1.409457 65931.244424
15 0.283783 -138204.482627 0.851350 144972.718541
16 0.724304 -760830.180792 0.528546 762204.400910
4 0.059668 -4581.548638 0.003315 4585.857997
12 0.406250 590.625000 0.343750 750.000000
15 1.769444 -221173.166667 1.061667 224221.666667
8 0.684408 -1171.330612 0.047020 1462.857143
17 0.915937 -3189.904335 1.367800 9550.173010
15 0.700000 2030.000000 0.700000 700.000000
16 0.736643 -1199641.331927 0.515650 1204562.104896
14 0.888023 -7645.208906 0.626840 12659.928656
14 0.596939 -1189.795918 0.596939 5965.306122
9 0.196043 -3897428.923769 0.268651 3899578.135069
16 0.798974 -6888.175519 0.883971 11219.634360
11 0.379716 -227.829375 0.244103 935.727788
11 0.672132 -72080.184362 0.370831 75269.333333
9 0.324078 -424.943104 0.101957 639.053254
14 0.475826 -1100852.055130 0.570992 1103821.211731
11 0.608395 -730.074074 0.152099 1520.987654
9 0.190650 -38.130022 0.052593 243.243243
12 0.493566 -382.115476 0.318430 1623.990773
15 0.349374 -4471.991266 0.698749 6288.737717
15 0.870076 -24959.939531 0.611405 31248.677249
12 0.049459 -933120.632265 0.346211 934920.931703
12 0.309064 -4638.769491 0.168580 4967.501187
10 0.099614 58.862742 0.289786 506.219578
16 1.180399 -155700.475833 0.315552 156710.242925
3 0.037333 -19703.111111 0.048000 20279.111111
6 0.300410 -12464.269458 0.081930 13939.007738
5 0.233236 -1140.265630 0.174927 2539.682540
16 0.981718 -27254.695718 0.560982 35669.421488
12 0.887040 -6082.560000 1.013760 30412.800000
3 0.277778 -34683.333333 0.222222 36427.777778
13 0.582533 4801.737540 0.915409 2246.913580
16 0.454128 4547.291093 1.308957 5531.680441
10 0.183455 -24976.175975 0.192628 26112.679735
9 0.294237 -542.419995 0.179101 1640.905771
8 0.378663 -1088.304533 0.084147 1604.407713
14 0.175884 -28059.224672 0.351767 28745.171283
5 0.069039 -177.529383 0.157804 907.372401
15 0.183277 -212354.200933 1.099661 225550.132590
16 0.181682 -355762.584523 0.315552 357277.235162
8 0.109375 -656.250000 0.328125 1312.500000
14 0.824766 -755086.681036 0.570992 755828.970186
6 0.012193 -382.868465 0.024387 431.641518
4 0.043945 -5953.125000 0.002930 6000.000000
17 0.128231 -38045.288011 0.961734 40795.847751
16 0.314026 -122591.857910 0.916443 124974.609375
11 0.220371 -685.522314 0.091539 1216.446125
10 0.094752 -161.078717 0.058309 443.877551
7 0.523515 -994.677929 0.275534 3116.290131
3 0.181487 50.510204 0.032799 183.673469
15 0.427437 574.541481 0.757729 507.927976
13 0.198043 468.386655 0.968209 499.822001
12 0.250763 746.319289 0.358233 1116.493656
6 0.045725 -43.590916 0.036580 106.995885
12 0.594401 -7132.812500 0.322266 11000.000000
16 0.699811 -1054587.467462 0.773475 1056211.764527
11 0.180817 -1048.738391 0.650941 4824.196597
9 0.356903 -2070.039364 0.440881 4627.146814
13 0.216595 4455.669421 0.866380 2475.371901
7 0.776812 -5561.323890 0.140982 7591.467222
7 0.182000 -17682.000000 0.028000 18018.000000
5 0.279444 -1604.339607 0.098627 3024.574669
3 0.010667 -15275.377778 0.064000 15958.044444
11 0.178213 -1289597.921677 0.274616 1291794.847789
10 0.366760 -149.420806 0.217339 584.099513
11 0.017383 -350378.153086 0.243358 352325.017284
12 0.692736 -18594.048000 0.152064 18898.176000
12 0.131890 -468075.255330 0.164863 468404.980501
13 0.251483 951.862276 0.414947 666.429334
14 0.164172 813.399483 0.268646 1255.172414
16 0.208092 -610020.669322 0.832367 614432.212282
11 0.249527 804.725898 0.467864 2797.826087
3 0.157434 -1731.778426 0.026239 2204.081633
13 0.536982 1696.153846 1.025148 3634.615385
4 0.138428 -1825.195312 0.019775 2062.500000
8 0.237122 -1868.896484 0.173035 3945.312500
7 0.284257 -11829.446064 0.098397 13010.204082
6 0.156250 -2125.000000 0.156250 3375.000000
14 0.330207 235.862047 0.566069 896.275777
16 0.562804 1785.940828 1.027729 886.153846
3 0.459184 -2745.918367 0.183673 4950.000000
6 0.289906 -19056.475614 0.037814 19510.241238
6 0.104167 62.500000 0.104167 208.333333
16 1.062500 437.500000 0.937500 2000.000000
15 1.481481 -804.232804 0.423280 1904.761905
15 0.169167 710.500000 0.530833 700.000000
13 0.389798 -30.177932 0.276631 666.429334
14 0.232143 2994.642857 1.392857 2437.500000
13 0.346154 -346.153846 0.692308 1038.461538
13 0.660099 4323.649587 0.990149 3300.495868
14 0.216409 2272.294887 1.082045 1947.681332
15 0.786092 -79406.567565 0.786092 81450.407323
10 0.748299 -1108.843537 0.204082 1904.761905
14 0.898961 -5152695.809038 0.820791 5154829.865161
8 0.220993 -1737867.586458 0.050998 1738275.573162
7 0.128266 -446785.088246 0.042755 447127.130518
7 0.360787 -18131.195335 0.098397 18826.530612
5 0.306000 -12488.400000 0.054000 12870.000000
4 0.186557 -7596.159122 0.010974 7683.950617
4 0.099723 2273.684211 0.299169 3111.357341
2 0.120000 -24.000000 0.120000 2184.000000
11 0.528305 -92416.211634 0.272674 94683.297535
11 0.705776 -101645.863187 0.148584 102881.236131
7 0.413265 -238.775510 0.229592 835.714286
4 0.006630 -79549.444832 0.019889 79708.559634
12 0.824656 3958.350687 0.824656 329.862557
12 0.501527 -680.643192 0.716467 2435.986159
15 1.132444 -3675185.777778 1.132444 3678130.133333
14 1.019586 -3238246.637377 1.019586 3239572.099320
9 0.679012 -3224.691358 0.432099 5955.555556
8 0.752290 -2685.446774 0.410340 3875.432526
14 1.094388 2273.341837 0.820791 1218.750000
7 0.397570 -2960.625692 0.126884 5244.536941
7 0.056000 -1008592.800000 0.130667 1008859.733333
6 0.420668 -3621.399177 0.073160 4938.271605
15 0.202222 -10313.333333 0.808889 11931.111111
14 0.310249 1639.150508 0.672207 982.456140
13 0.536846 751.584194 0.444286 981.132075
16 0.022666 13202.984010 1.473285 5227.815344
12 0.246783 -227.677138 0.159215 1055.594002
9 0.313154 503.231680 0.254893 1107.692308
9 0.129630 -10602.469136 0.129630 11639.506173
8 0.261791 172.034394 0.149595 411.386593
8 0.207642 -10233.007812 0.038452 10540.625000
11 0.334511 -329.086874 0.081368 540.642722
10 0.079238 -50.259726 0.018112 97.349919
2 0.080000 792.000000 0.240000 2088.000000
11 0.238796 -10003.973685 0.127358 10984.630558
15 0.110859 944.318468 0.524061 1269.841270
15 0.692222 3213.777778 0.707778 466.666667
15 0.324259 1308.314592 0.549830 5069.719043
15 1.282938 -44623.325837 0.549830 45173.156322
11 0.748582 -361.814745 0.207940 2773.913043
12 0.059679 -16748.263889 0.322266 19326.388889
17 1.318950 -103982.088337 0.341950 105965.397924
14 0.992507 -3490.787276 0.680576 4851.939098
13 0.087182 -8981.908246 0.108977 9406.919677
12 0.057024 -124400.136960 0.102643 124800.445440
6 0.143770 -13352.140800 0.132710 14413.824000
13 0.264057 -1041.557796 1.290945 2332.502670
11 0.501767 -5605.325881 0.122051 7069.943289
13 0.371306 -742.611570 0.247537 1237.685950
16 0.888221 1954.086318 0.654479 3085.399449
15 0.888188 -1179.315901 0.641469 6118.626431
16 1.172962 -54894.611024 0.883971 58342.098673
11 1.012575 -4115.394099 0.650941 6654.064272
9 0.267678 212.567430 0.330660 2333.518006
5 0.185950 -568.181818 0.041322 886.363636
4 0.087891 -91.406250 0.052734 365.625000
15 1.015072 -496.257259 0.733107 2622.268470
14 0.022387 -129.845422 0.626840 1947.681332
13 0.330050 -1798.770248 1.320198 11964.297521
11 0.681818 170.454545 0.852273 681.818182
2 0.370370 -562.962963 0.074074 1155.555556
7 0.054665 -3709.548105 0.098397 3880.102041
5 0.098354 -466012.977256 0.012294 466160.508162
13 0.433190 680.727273 0.185653 804.495868
11 0.243864 -1103616.720847 0.171638 1104165.963308
11 0.318182 1122.727273 0.681818 650.000000
11 0.340909 454.545455 0.681818 227.272727
10 0.187885 -1128511.175899 0.174927 1129070.942663
14 0.287302 -2363.709049 0.470130 5983.709869
13 0.507240 -3027.587258 0.348727 5050.205761
9 0.238801 -23498.043551 0.238801 24739.810080
3 0.073737 -110212.653619 0.098316 111392.444242
8 1.093750 -568.750000 0.656250 2275.000000
10 0.843750 -354.375000 0.168750 1012.500000
4 0.345679 -1708.641975 0.098765 2696.296296
4 0.381030 -795.766334 0.117240 1968.166090
3 0.360492 -1027.401001 0.065544 1682.840237
4 0.153635 -5440.877915 0.043896 5728.395062
16 0.499878 -77097.290039 1.166382 78413.635254
15 0.070946 -11915.358720 0.478885 12921.016414
9 0.257180 -31428.721388 0.330660 35264.382563
6 0.398313 -9729.512778 0.113804 10194.482548
4 0.029297 -6771.875000 0.158203 8037.500000
16 0.092080 -199246.560268 0.386737 202224.438221
15 0.054590 -9942609.917336 0.294785 9944968.193980
13 0.165025 -1270.690909 0.660099 6353.454545
9 0.138889 197.222222 0.194444 1300.000000
7 0.008459 449.169212 0.253768 1022.684703
16 0.441986 -2607509.459736 1.178628 2612106.109935
15 0.425675 -1775140.102932 1.135134 1779567.125166
5 0.473328 -93927.873779 0.338092 97984.973704
10 0.502975 109.248242 0.194700 465.116279
12 0.314155 -3138.845209 0.942464 5589.252777
4 0.187500 431.250000 0.281250 468.750000
7 0.237245 168.367347 0.191327 428.571429
5 0.100000 -282.000000 0.150000 750.000000
3 0.068275 51.342740 0.073737 184.615385
2 0.375000 975.000000 0.375000 975.000000
7 0.051663 199.106154 0.154988 1660.748698
15 0.529101 2793.650794 1.587302 3809.523810
10 0.349854 -8912.536443 0.262391 12061.224490
17 0.983106 -2401660.289029 0.897619 2402827.193161
16 0.847139 -2045806.767904 0.773475 2046812.285135
3 0.072157 -47576.676385 0.059038 48285.131195
10 0.550000 -845.000000 0.450000 2600.000000
8 0.427437 -1649.053531 0.153877 2833.910035
3 0.019679 -766.180758 0.059038 955.102041
3 0.031250 -1216.666667 0.093750 1516.666667
15 0.777158 448.530934 0.577317 677.237302
14 0.331633 689.795918 0.596939 2414.285714
4 0.033241 -1941.274238 0.099723 3137.950139
10 0.263250 -960.862500 0.141750 1194.750000
11 0.247934 -278.925620 0.092975 1022.727273
10 0.086030 -216.886563 0.108670 564.629529
9 0.512783 433.893353 0.946676 1459.459459
8 0.028049 869.521663 0.897571 925.619835
4 0.043678 -158668.445062 0.006896 158751.202692
3 0.117333 -730.666667 0.042667 1242.666667
15 0.246719 12860.394079 1.282938 2534.859521
12 0.489600 6054.720000 0.950400 2784.000000
8 0.016999 -124156.227944 0.050998 124564.214648
9 0.559354 -42229.312850 0.077449 42848.905297
7 0.131195 -7983312.682216 0.393586 7988035.714285
6 0.100837 -34593.746718 0.226883 37316.340464
5 0.378000 -52566.000000 0.162000 54510.000000
14 0.512974 -5562191.949169 0.302226 5564126.198216
13 0.226334 3088.208387 1.106524 2665.717337
12 0.604748 1825.239484 1.154519 4178.259059
12 0.770833 -808.333333 0.229167 2000.000000
16 0.320561 -1947.407964 0.560982 5201.101928
12 0.343750 401.041667 0.572917 1833.333333
14 0.574603 6066.169175 0.940260 3484.185493
10 0.506250 4927.500000 1.012500 1350.000000
13 0.166607 -216.589534 0.166607 433.179067
6 0.429813 -3145.861911 0.146319 4609.053498
2 1.037037 -296.296296 0.296296 2666.666667
11 0.814815 1075.555556 0.651852 1466.666667
13 0.326612 379.900826 0.618843 1229.090909
11 0.169307 168.311453 0.298778 608.510638
5 0.207118 -96.161749 0.133147 442.344045
16 0.541857 -11230.471507 0.580106 14305.033809
14 0.331633 470.918367 0.596939 1857.142857
7 0.560000 1474.666667 0.373333 933.333333
5 0.200000 1110.000000 0.300000 825.000000
16 0.875052 -92232.088130 0.554911 93841.330217
14 0.064635 1010.895660 0.672207 736.842105
11 0.054321 1488.395062 0.434568 488.888889
15 0.429996 4407.102816 1.099661 1311.134235
15 0.395055 1027.143241 1.185165 2054.286482
11 0.651852 -8050.370370 0.869136 10310.123457
6 0.368685 79.881657 0.163860 346.153846
13 0.335310 -1396.567636 0.553262 3554.289783
12 0.464640 2264.064000 1.013760 1689.600000
10 0.266392 -1693.939438 0.376083 4176.085663
11 0.615950 -110314.698030 0.642731 113656.896834
8 0.130896 -706.836965 0.074798 1604.407713
7 0.130879 307.220468 0.068884 519.381688
12 1.167243 -6206.689735 0.456747 9723.644752
9 0.710059 1320.710059 0.426036 1959.763314
8 0.274286 -672.000000 0.411429 3840.000000
5 0.275000 -6500.000000 0.225000 9200.000000
15 0.458893 5198.813998 1.347073 1805.966138
13 0.577587 808.621488 0.866380 1443.966942
11 0.876415 1653.236759 0.995926 936.170213
10 0.292050 934.559221 0.730124 2190.373175
15 0.227141 -5075513.355671 0.454282 5077875.623445
14 1.029809 -491.024642 0.268646 3159.571938
14 0.436345 -22138.011696 0.318414 23156.935737
13 0.106346 -580470.237847 0.311210 581466.109607
15 0.127765 -14173.995502 0.309280 17143.080125
14 0.671614 77.235639 0.302226 2824.137931
6 0.781250 -9822.916667 0.625000 14729.166667
13 0.588018 1828.402367 0.219675 807.692308
10 0.540833 -1081.665765 0.389400 1860.465116
10 0.553936 -205230.320700 0.262391 208379.008746
13 1.364198 -192.592593 0.320988 1444.444444
11 0.092708 -11748.543210 0.278123 13542.439506
14 0.189249 -1040786.140415 0.191412 1042317.436214
13 0.239645 4544.378698 0.683432 923.076923
12 0.324403 -4530.493440 0.182477 5068.800000
9 0.087016 -51281.558613 0.104419 51485.175835
3 0.483386 -4394.720073 0.049158 4984.615385
11 0.318395 -82037.571335 0.169811 83345.113832
11 0.263430 268.078512 0.418388 1363.636364
7 0.311070 -33517.513949 0.196465 34312.107684
5 0.025729 -92728.685218 0.005146 92748.753757
15 0.163333 -289.333333 0.303333 1866.666667
12 0.133681 1002.604167 0.668403 1604.166667
11 1.310019 -946.124764 0.363894 1673.913043
9 0.065741 450.986121 0.420745 243.243243
6 0.113804 -221.104506 0.032515 253.619875
13 0.587901 -5322.049587 0.649785 13862.082645
14 0.966472 -47745.153061 0.625364 51466.071429
12 0.493566 660.741344 0.318430 1217.993080
3 0.096210 -209.912536 0.026239 1469.387755
15 0.432988 -30698.833823 1.010305 31709.138650
11 0.093573 499.054820 0.623819 717.391304
11 0.081481 537.777778 0.651852 733.333333
10 0.249851 103.509816 0.481856 731.707317
8 0.009350 -46.748477 0.196344 411.386593
7 0.442784 -16326.302843 0.332088 18042.091837
12 0.080783 -1184.812451 0.359034 3518.533944
14 0.310249 1546.075716 0.672207 3831.578947
12 0.537600 -364.800000 0.422400 3744.000000
12 0.229167 -229.166667 0.343750 2979.166667
13 0.948893 -1419.213223 0.495074 4455.669421
13 0.307692 800.000000 0.692308 1000.000000
12 0.704525 2304.633964 0.716467 1420.991926
13 0.145303 -39543.971955 0.435909 41244.017680
7 0.360787 -3844.023324 0.098397 3971.938776
15 0.292265 725.623583 0.131015 846.560847
11 0.325926 869.135802 0.651852 1955.555556
17 0.318339 20.761246 0.622837 1411.764706
16 0.641122 -7693.463561 1.121963 21157.024793
14 0.298495 -3581.942679 1.432777 20775.267539
11 0.218336 4577.788280 1.455577 12889.130435
11 0.601216 1508.013479 0.854360 3618.147448
15 0.437045 -1409.469303 1.529657 7375.130073
11 0.677230 2788.592123 1.195111 1872.340426
9 0.129630 894.444444 0.648148 1166.666667
5 0.003859 -75.214139 0.006003 98.627435
11 0.169204 -16779.892784 0.116860 18182.213960
16 0.578534 -762.057351 0.330341 4726.153846
10 0.155491 -938.775510 0.544218 4204.081633
13 0.276631 -171355.338971 1.106524 174232.301833
12 0.101499 1542.791234 0.304498 405.997693
6 0.066355 -24323.886080 0.033178 24388.582400
4 0.014655 -7303.533243 0.002586 7314.740006
9 0.029850 -1802.949480 0.268651 2662.634000
10 0.321237 963.712076 0.642475 321.237359
9 0.210373 420.745069 0.631118 841.490139
11 0.323300 -4230472.201352 0.209194 4232982.531931
8 0.186994 755.455380 0.224393 411.386593
3 0.208333 -7502.777778 0.041667 8002.777778
15 0.507536 -408.848310 0.366554 2534.859521
15 0.305861 -784189.466667 0.341250 786919.466667
14 0.656689 1211.890606 1.074583 5020.689655
9 0.345679 -12470.370370 0.172840 12833.333333
15 0.266190 -9239435.962039 0.798570 9243668.382344
17 0.161277 -357582.848567 1.290214 360937.405328
5 0.576560 -1216.446125 0.075614 1413.043478
11 0.412840 -338997.728395 0.195556 342126.617284
10 0.379009 -262.390671 0.233236 612.244898
16 0.320561 -2121.045162 0.560982 5112.947658
10 0.292500 -134937.000000 0.337500 141012.000000
14 0.795918 238.775510 0.596939 2089.285714
9 0.592593 2025.925926 0.907407 333.333333
7 0.139489 3206.699742 0.309976 1752.913199
5 0.162735 1513.437988 0.177529 1327.032136
3 0.277333 -97.066667 0.042667 208.000000
15 0.488499 3148.598341 0.865976 1354.474604
14 0.449872 -3225.237706 0.570992 4338.671432
7 0.420000 -933.333333 0.140000 2613.333333
16 0.105332 908.728800 0.536236 834.038761
11 0.099056 -9427.324802 0.226414 10740.527657
15 0.326667 2804.666667 0.606667 1866.666667
15 0.033274 -88551.608298 1.098034 91406.495579
5 0.653644 -3788.880541 0.338092 7710.743802
4 0.609053 -4953.909465 0.131687 6481.481481
3 0.122449 -2791.836735 0.244898 5730.612245
12 0.095040 -15003.648000 0.285120 16828.416000
10 0.607500 1599.750000 0.405000 506.250000
14 0.244582 547.650928 0.382824 1443.033611
11 0.525510 -15151.844967 0.171638 16044.363966
11 0.184691 -286.814815 0.195556 1303.703704
9 0.315559 410.226443 0.473338 2051.132213
5 0.560000 -176.000000 0.240000 800.000000
12 0.369600 316.800000 0.475200 8236.800000
9 0.349030 2546.675900 0.598338 355.263158
12 0.224625 -545406.488099 0.302935 546375.880104
15 0.709459 -5055880.173813 0.425675 5059157.872967
13 0.203424 -24678.270589 0.581212 25840.695016
15 1.092612 -3441.727367 0.655567 4425.078044
12 0.636678 179.930796 0.304498 611.764706
3 0.208333 -316.666667 0.041667 650.000000
15 0.096220 -211666.157079 1.539512 219671.620092
12 0.682165 -5105.464560 1.077102 13722.282382
13 0.237769 -2805.669867 1.046182 3851.851852
13 0.833637 -47039.644970 0.337961 47918.343195
6 0.403200 -1511.040000 0.076800 1910.400000
14 0.009310 -410557.079826 0.318414 413104.389929
10 0.265781 -2708863.762500 0.212625 2711415.262500
9 0.194444 -430675.000000 0.194444 433008.333333
7 0.024599 -185703.717201 0.147595 187474.854227
17 0.317946 -119.229610 0.596148 914.093678
10 0.255102 591.836735 0.459184 2071.428571
16 0.160801 172.686391 0.293637 590.769231
13 0.322896 -9147398.973734 0.581212 9154141.035411
10 0.826045 -821.185617 0.194363 1326.530612
15 1.283978 -142767.699412 0.832851 147098.523665
13 0.536846 228.622286 0.444286 637.735849
13 1.027412 751.584194 0.444286 981.132075
11 0.491606 -491.605906 0.305135 796.740607
11 0.935728 405.482042 0.623819 1403.591682
10 0.918367 397.959184 0.612245 1377.551020
14 0.209135 -25357.655846 1.673082 29707.670210
11 0.338615 1394.296062 0.597555 936.170213
16 1.307373 -15739.746094 0.333252 16406.250000
14 0.265306 4351.020408 1.591837 1857.142857
15 0.437045 -4370.447451 0.655567 12237.252862
15 2.370331 -116936.307444 0.507928 123031.443160
14 1.848569 -29577.100646 0.504155 35626.962142
11 0.521481 130.370370 0.347654 434.567901
9 0.064815 -341702.777778 0.194444 343200.000000
8 0.327239 -1348.226062 0.392687 2879.706152
8 0.005127 -6357.421875 0.076904 6972.656250
11 0.226021 -1310.922988 0.813676 6030.245747
5 0.131480 -60.480841 0.157776 376.033058
17 0.119230 1756.649590 0.794864 2376.643562
13 0.064776 -389819.185253 0.329512 393773.327264
9 0.148148 -3662.962963 0.518519 7733.333333
3 0.958580 2343.195266 0.426036 2769.230769
12 0.255812 -934.386183 0.403913 3034.735527
12 0.501527 -2521.962141 0.716467 4384.775087
7 0.224000 -9676.800000 0.149333 10826.666667
5 0.061749 -746402.264143 0.082332 747060.923882
4 0.023573 -232958.058947 0.035359 233240.929704
3 0.042667 -2561.422222 0.042667 3073.422222
14 0.336103 -1310.803324 0.672207 3058.541090
14 0.580357 2357.908163 1.044643 3133.928571
11 0.348574 -1742.870077 0.697148 2440.018108
8 0.274286 -1097.142857 0.548571 1645.714286
3 0.072917 -75.000000 0.093750 1200.000000
12 0.126720 196.416000 0.506880 3706.560000
13 0.092826 5272.542149 0.990149 618.842975
16 0.589314 -1047990.073538 0.589314 1048874.044730
6 1.128960 -1328.640000 0.215040 1728.000000
15 0.404444 -111141.333333 0.606667 115994.666667
14 0.407600 -1920418.052231 0.611401 1921212.872960
15 0.669593 -3924.809479 0.340712 5253.585102
11 0.139989 -1000049.938100 0.171638 1002109.597328
11 0.269751 -1415506.248191 0.183077 1417703.174303
7 0.260817 -25252.727334 0.190326 26166.291833
6 0.581760 -5882.880000 0.138240 6988.800000
6 0.243302 -37585.305600 0.033178 37939.200000
11 0.382420 -5220.029630 0.139062 5762.370370
6 0.409650 -4915.794265 0.122895 6390.532544
9 0.688211 -26610.832954 0.229404 29363.677742
16 0.100175 865.514651 0.560982 1322.314050
11 0.243864 -5805872.279356 0.171638 5808618.491660
16 0.296875 1242.187500 0.703125 1500.000000
6 0.146319 -998.628258 0.073160 1141.289438
11 0.155955 8671.077505 1.247637 935.727788
15 0.423280 783.068783 1.269841 1693.121693
14 0.418271 773.800632 1.254812 1673.082448
12 0.405998 751.095732 1.217993 1623.990773
12 0.316800 2502.720000 0.316800 2439.360000
12 0.219908 835.651812 0.879633 879.633486
10 0.573750 -283.500000 0.270000 1687.500000
9 0.343782 -543.752734 0.055110 1535.734072
7 0.355275 -2329.871438 0.169179 5882.622268
14 0.224069 179.255155 0.672207 5198.399508
12 0.802768 1802.076125 0.608997 5505.882353
12 1.604167 -36139.583333 0.687500 44389.583333
10 0.204082 204.081633 0.714286 1224.489796
10 0.249851 2246.876859 0.481856 1463.414634
9 0.479290 1338.461538 1.136095 1615.384615
9 0.414171 970.343316 0.315559 1459.459459
8 0.042074 -179.514150 0.112196 617.079890
6 0.121933 -2295.991465 0.060966 2356.957781
7 0.180819 -87364.959613 0.232482 88108.901554
4 0.193101 -19142.859880 0.041379 19639.405658
3 0.161129 -3384.524351 0.122895 4345.562130
16 0.320561 -1015.109775 0.560982 1763.085399
12 0.740349 1313.521949 0.477644 1217.993080
11 0.452833 -5626.813720 0.233720 6865.530759
4 0.111601 -10603.454547 0.035359 11080.798950
6 0.256059 107.910380 0.073160 477.366255
9 0.548476 892.520776 0.398892 1421.052632
4 0.052734 -20475.000000 0.158203 23006.250000
6 0.806400 -1697.280000 0.153600 2496.000000
3 0.500000 -16608.333333 0.500000 22608.333333
11 0.325926 3063.703704 0.651852 1955.555556
11 0.535967 -24517.741564 0.115885 24944.197531
10 0.039749 -1031.628648 0.085612 1404.042309
15 0.728000 -719414.333333 0.728000 722253.533333
13 0.128698 871.153846 1.025148 461.538462
6 1.728000 240.000000 0.432000 1920.000000
17 0.363322 -441401.384083 1.089965 448813.148789
3 0.314869 -20.991254 0.052478 275.510204
16 0.480841 -2512.396694 0.841473 8991.735537
13 0.444286 222.143111 0.666429 1110.715557
8 0.112196 366.508056 0.299190 411.386593
6 0.023347 -292.454400 0.007373 307.200000
12 0.253440 -2787.840000 0.380160 7349.760000
9 0.555556 733.333333 0.444444 1000.000000
15 0.155080 5303.396999 1.374576 3026.534860
6 0.104167 -68630.208333 0.312500 74958.333333
8 0.045593 471.890902 0.341950 1511.418685
6 0.146319 -4226.794696 0.182899 4987.654321
4 0.292969 -243.750000 0.175781 975.000000
11 0.935728 -1777.882798 0.623819 2713.610586
11 0.228148 -23032.098765 0.293333 25378.765432
12 0.322398 -29794.332883 0.395670 30823.075419
10 0.233236 -8233.236152 0.233236 9364.431487
9 0.341145 -2140.114110 0.079600 2776.917458
11 0.439519 -37592.411721 0.304282 41243.801653
8 0.100758 -3656.844315 0.040303 3916.800000
13 0.013319 -64032.871005 1.065556 67491.083676
13 0.186516 -3426.871847 0.368841 6930.865077
15 0.066614 -66.613505 0.384878 451.491535
8 0.164062 218.750000 0.164062 1421.875000
6 0.603550 -369.230769 0.088757 600.000000
5 0.633070 -13298.162803 0.066639 14097.829608
14 0.580357 -7776.785714 1.044643 13208.928571
17 0.238144 -10956.442092 0.384694 12456.747405
12 0.507497 -1766.089965 0.405998 5014.071511
11 0.659091 1427.272727 0.340909 1300.000000
7 0.484979 106.018596 0.126884 909.053070
13 0.124260 161.538462 0.683432 1615.384615
11 0.454545 477.272727 0.795455 1590.909091
16 1.733943 -189576.971822 0.883971 193024.459471
13 0.550730 3013.741545 1.166251 3433.962264
12 0.724698 1684.298209 0.989588 3428.571429
3 0.409650 -321.165225 0.016386 426.035503
13 0.222143 288.786045 0.666429 1443.930224
13 0.081575 -21663492.036662 0.278479 21666833.788728
13 0.445816 92.729767 0.196159 417.283951
6 0.322560 -430.080000 0.061440 921.600000
12 0.585674 60.587000 0.403913 989.587672
10 0.194363 2340.136054 0.621963 2448.979592
10 0.660438 -42872.751800 0.342449 43763.120094
4 0.008230 -6413.168724 0.074074 6650.205761
15 0.080889 -215172.666667 0.283111 216276.800000
12 0.107422 -8099.609375 0.322266 8937.500000
11 0.190177 -8109.128475 0.228212 8702.479339
9 0.085464 188.020453 0.157779 632.432432
7 0.065439 -125.367994 0.034442 259.690844
9 0.178425 -302029.555454 0.356850 306923.501745
8 0.094041 -189837.061224 0.282122 194351.020408
7 0.186096 -135.342889 0.338357 4195.629553
12 0.233165 -65846.753280 0.273715 68542.848000
10 0.062680 -12622.712961 0.188041 14127.044007
9 0.157457 573.144773 0.440881 3769.529086
14 0.409862 -1305807.731848 0.318414 1306826.655890
13 0.427984 4044.444444 1.711934 4344.032922
13 0.245532 -1455468.456080 0.311210 1456464.327840
10 0.048591 -20509.232264 0.262391 21768.707483
17 0.318339 -902.422145 0.622837 2729.411765
9 0.780726 -224000.408223 0.247995 225984.370900
9 0.151235 -1075107.407407 0.194444 1075729.629630
14 0.132653 1724.489796 0.795918 2414.285714
12 0.780899 161.565334 0.538551 2638.900458
11 0.086914 2181.530864 0.782222 869.135802
16 1.426236 -1345.136095 0.391516 2363.076923
12 0.802083 -3277.083333 1.031250 5958.333333
9 0.222222 -2588.888889 0.777778 4611.111111
2 1.140496 -641.322314 0.132231 1090.909091
12 0.084290 -418987.272662 0.168580 419535.158822
3 0.704082 -9918.367347 0.153061 12857.142857
6 0.353894 -1216060.533760 0.044237 1216502.901760
5 0.055532 -4831.597945 0.022213 5098.153547
9 0.073915 296.795846 0.557203 841.490139
3 0.106509 1725.443787 0.213018 830.769231
14 0.131153 1814.160162 0.287118 1631.255386
6 0.199066 -323772.748800 0.066355 323945.272320
5 0.050714 -3002.253944 0.152141 4219.383922
6 0.270999 -1482.931270 0.056721 1704.142012
5 0.059235 -11057.614883 0.044426 11230.876024
7 1.050000 -1715.000000 0.350000 3080.000000
6 0.521262 -676.726109 0.219479 1810.699588
6 0.600819 -623.350023 0.109240 1464.497041
4 0.223939 -9.797347 0.041989 345.706371
3 0.199111 -163.555556 0.014222 277.333333
8 0.050379 -2156.669388 0.161213 2523.428571
6 0.095585 273.099681 0.081930 710.059172
5 0.075614 -120.982987 0.226843 1209.829868
10 0.152251 -880925.170068 0.262391 881764.820214
15 0.124155 -31958.453571 0.425675 34831.761270
8 0.250763 -3009.159373 0.136780 4650.519031
5 0.015000 -324.000000 0.015000 354.000000
15 0.295624 4187.788696 1.397497 7830.687831
11 0.515328 2652.584861 0.732309 935.727788
15 0.425675 -6617715.001608 0.425675 6618608.919559
3 0.078717 -96302.623907 0.078717 97955.685131
15 0.810648 5473.985432 1.374576 491.675338
15 0.424667 -73976.933333 0.637000 77289.333333
14 0.575620 -73611.078717 0.469023 76050.000000
5 0.045000 -18480.000000 0.090000 19920.000000
13 0.029340 729.719164 0.414947 888.572446
14 0.149248 156.709992 0.716389 8439.952438
13 1.029586 -331.952663 0.585799 7361.538462
8 0.606041 -1960.228571 0.125388 2925.714286
4 0.274348 -21772.839506 0.054870 21986.831276
15 0.108247 -73465.999357 0.541235 75436.093770
13 0.249657 1892.638317 0.392318 1690.534979
12 0.191859 -1110.761672 0.302935 2968.763015
9 0.161352 -313.238404 0.077449 413.922176
10 0.405000 -175.500000 0.270000 877.500000
4 0.175781 -91.406250 0.105469 365.625000
15 0.518105 -3916.874100 0.384878 5417.898414
13 0.058679 2510.636297 0.829893 1777.144891
5 0.050714 -10909.278738 0.152141 11502.629602
15 0.935232 6532.115023 1.523784 1967.213115
11 0.318182 472.727273 0.681818 1300.000000
7 0.011279 -29.324293 0.338357 909.053070
16 0.120053 -6165.915633 0.416183 7185.564714
11 0.086914 -1781.728395 0.347654 3346.172840
4 0.065844 -151455.692730 0.008230 151554.458162
15 0.230574 -20247.951048 0.319256 21993.219429
10 0.481856 1906.008328 0.481856 1948.839976
10 0.967500 -5830.650000 0.472500 7182.000000
15 0.212838 -865200.633229 0.638513 867690.833235
16 0.714982 -15711.719859 1.251218 17338.302916
5 0.037022 -834.467120 0.066639 1036.605118
13 0.150890 1988.390416 0.737683 888.572446
17 0.120958 -2692961.482493 1.330533 2695791.889759
14 0.165103 153.310330 0.283034 582.579255
10 0.544218 -51424.684159 0.233236 52031.098154
5 0.217198 -29641.554539 0.098354 31706.987228
4 0.082305 -18681.481481 0.016461 19076.543210
16 0.841473 -45183.616784 1.215460 57868.603389
16 1.096244 -418994.123623 0.939638 419933.761311
17 0.622068 -26646.566364 0.967661 31678.401505
15 0.796571 -174121.659782 0.454282 177755.917896
15 0.343778 -107005.888889 0.364000 109917.888889
14 0.403289 -105810.240525 0.293140 108155.357143
16 0.713118 -672.568047 0.195758 1181.538462
11 0.556247 -1374555.693827 0.556247 1375668.187654
10 0.032105 -175353.294918 0.032105 175520.238973
17 0.873194 -21217.993080 1.410543 29065.743945
4 0.098765 -77285.596708 0.074074 78618.930041
15 0.326667 812.000000 0.606667 2706.666667
12 0.007961 1682.900242 0.398037 1055.594002
5 0.097500 -1692.000000 0.202500 2340.000000
10 0.652921 646.131078 0.417870 1092.207020
8 0.373702 -1089.273356 0.096886 1835.294118
8 0.430664 -328.125000 0.061523 3281.250000
12 0.429880 354.650926 0.179117 791.695502
8 0.053738 -82429.210496 0.214950 82708.646064
15 0.486389 2103.454063 0.824746 2185.223725
8 0.376145 1346.142886 0.205170 561.937716
6 0.503988 -55440.329218 0.227608 57781.435757
