16 0.720567 6.224170 0.402177 2085.096904
14 0.351767 -54457.261297 0.469023 55536.014942
10 1.147500 -2214.000000 0.202500 3510.000000
13 0.337278 1867.455621 0.585799 3600.000000
12 0.250763 1232.322410 0.358233 2111.188005
8 0.201143 950.857143 0.438857 2560.000000
4 0.049383 -15541.563786 0.148148 17000.823045
12 1.025812 -11096.717476 0.230808 12296.917101
4 0.103447 -1784.116569 0.013793 1875.839609
17 0.293100 -14543.252595 1.367800 22681.660900
12 0.380160 4257.792000 0.570240 2090.880000
11 0.304282 -1157908.151766 0.228212 1161103.117956
16 0.296084 -16842234.115612 0.330341 16847519.577605
10 0.281827 -44314.868805 0.262391 48513.119534
17 0.635050 5994.504376 1.025850 1660.899654
10 0.048591 -29434.402332 0.262391 31953.352770
16 0.280886 -3427.442870 1.429963 6287.369125
14 0.660414 4396.468549 1.132138 4660.634041
3 0.769679 -3264.139942 0.209913 8302.040816
13 0.464132 1330.512397 0.618843 464.132231
16 0.058436 -9686.284331 0.315552 12715.585608
13 0.082512 1179.927273 0.330050 536.330579
16 0.208092 -496998.555366 1.040458 506112.969596
9 0.494100 -28745.459426 0.219600 30502.260658
16 0.641122 10538.442274 1.121963 3878.787879
16 0.626425 -114761.082931 0.939638 121996.293127
11 0.108642 4150.123457 0.869136 2542.222222
14 0.054102 4274.078478 0.757432 3083.828775
14 0.056017 5545.706371 0.784241 2072.637735
12 0.054977 5442.732195 0.769679 2034.152436
9 0.222222 577.777778 0.444444 1733.333333
3 0.362667 -9744.000000 0.064000 10512.000000
3 0.185708 -3932.635412 0.098316 5112.426036
15 0.105737 7591.890168 0.549830 655.567118
7 0.056000 -1500.800000 0.037333 1848.000000
5 0.098354 -4364.455980 0.036883 5138.993238
4 0.087791 -37876.543210 0.010974 38106.995885
10 0.333591 -7510.654174 0.318427 9345.592212
14 0.580357 6732.142857 1.044643 1625.000000
12 1.052419 2148.594548 0.706848 1759.266972
16 0.416183 -4750254.321732 0.832367 4758453.132707
14 0.163055 678.803578 0.255216 648.319448
9 0.116174 -518769.157826 0.116174 519698.546496
6 0.060826 -357470.131200 0.055296 357912.499200
5 0.427500 -9558.000000 0.202500 11988.000000
15 1.243452 -619.135522 0.336768 2370.330556
10 0.084224 -298979.591837 0.019436 299092.322643
16 0.320435 -2225083.557129 0.346069 2228405.822754
10 0.584100 1869.118442 0.778799 1168.199027
5 0.018082 1204.569738 0.133147 393.194707
8 1.009767 -740.495868 0.224393 2468.319559
6 0.015360 430.080000 0.368640 768.000000
4 0.066482 252.631579 0.066482 172.853186
13 0.288793 3671.801653 1.155174 618.842975
8 0.483638 -1171.479883 0.362729 2219.363265
7 0.124837 -798.141028 0.065488 989.694874
10 0.151433 4369.929692 0.778799 1860.465116
16 0.615239 -1195.521165 0.293637 3544.615385
14 0.122291 -99.959587 0.191412 1631.255386
10 0.308275 1117.901568 0.389400 906.976744
15 0.328093 -19487.447241 1.211419 25786.827972
5 0.013319 -37128.065023 0.101427 38345.195000
9 0.105186 -431.263696 0.105186 841.490139
4 0.571545 -1424.465703 0.175860 3886.505190
7 0.578622 1997.621879 0.619952 1598.097503
4 0.086420 -5214.814815 0.111111 6281.481481
16 0.050272 -572.384236 1.072472 7650.701715
8 0.005768 -542.175293 0.086517 922.851562
7 0.209093 -8481.778426 0.049198 8609.693878
12 0.358233 -8434.448289 0.268675 10153.967931
5 0.006479 -1238.743116 0.174927 2358.276644
15 0.236605 -4444.394819 0.340712 5773.170442
13 0.041256 -0.000000 0.165025 1650.247934
13 0.653846 2153.846154 0.346154 2000.000000
16 1.201294 -191443.227669 0.294657 193800.484181
4 0.124136 -555275.990469 0.013793 555441.505729
16 0.587306 -23.619927 0.268118 1668.077523
13 0.380368 -91219.723665 0.311210 93709.403064
13 0.206281 3341.752066 0.618843 1608.991736
13 0.333215 666.429334 0.499822 333.214667
8 0.446694 -3040.653061 0.376163 12068.571429
9 0.029005 -740396.015991 0.110220 742379.978668
8 0.274286 1188.571429 0.411429 594.285714
7 0.316864 661.970560 0.482185 2616.884661
6 0.416667 -1666.666667 0.416667 6666.666667
16 0.507555 -16140.245430 0.373988 20628.099174
7 0.350000 -567.000000 0.350000 3864.000000
6 0.568047 1537.278107 0.355030 2723.076923
15 0.528889 889.777778 0.404444 1213.333333
14 0.530612 -344.897959 0.397959 2414.285714
5 0.099958 -1816995.603684 0.077745 1817493.174140
14 0.077983 1351.226756 0.340288 418.270612
14 0.076425 -606904.929158 0.458550 615158.836728
15 0.299464 -3029845.325079 0.598927 3032959.747568
15 0.049911 -7635425.308042 0.798570 7641574.296032
14 0.660414 6924.909689 1.132138 1792.551554
12 0.233165 -6654.320640 0.273715 9884.160000
12 0.212055 3692.441075 0.942464 494.793836
5 0.388727 -256.559767 0.155491 2122.448980
13 0.255038 -9305.898122 0.240036 9785.970248
14 0.326109 2452.200079 0.510432 1631.255386
13 0.495074 -577.586777 0.330050 3217.983471
9 0.673130 9790.304709 0.747922 2131.578947
16 0.418935 1383.680838 0.703810 5453.330363
12 0.784673 2828.821324 0.439817 2448.979592
11 0.814815 0.000000 0.162963 1955.555556
10 0.267698 1199.286139 0.856633 6938.726948
9 0.374726 4175.237400 0.841490 3818.918919
8 0.090516 -198402.509548 0.181032 200502.484405
16 0.183914 -300248.808193 0.301633 302179.258414
15 0.104500 -764889.200830 0.294785 766775.822145
3 0.117333 -154.311111 0.042667 416.000000
13 0.623140 3952.000000 1.031405 472.727273
16 1.034720 356.558944 0.783031 5907.692308
6 0.405426 -990.092974 0.170706 2304.526749
6 0.486111 -1045.138889 0.243056 2916.666667
15 0.583824 -1548841.308809 0.324741 1550919.650168
10 0.199794 1457.320701 0.282062 1927.424152
9 0.089550 -60297.317039 0.268651 63521.133990
9 0.448753 3320.775623 0.598338 224.376731
8 0.020508 1148.437500 0.307617 1312.500000
6 0.754438 102.071006 0.399408 2307.692308
10 0.692266 7485.127096 1.168199 1860.465116
4 0.134033 -243.237305 0.006592 295.312500
16 0.248967 -1035.446514 0.178745 2822.900423
16 0.875052 -234754.592164 0.554911 241413.524935
12 0.131118 -37747.015055 0.505741 43815.907909
11 0.266993 -44793.774019 0.343277 48455.390424
4 0.005487 -16188.203018 0.049383 16286.968450
14 0.497449 3263.265306 0.895408 1392.857143
10 0.087464 -8641.399417 0.087464 9690.962099
9 0.203914 -64763.222576 0.101957 65578.880291
16 0.273762 -1635559.198294 0.315552 1637578.732479
15 0.449196 -7366.807040 0.598927 10481.229529
11 0.651852 2868.148148 1.303704 977.777778
7 0.093333 1801.333333 0.466667 728.000000
17 0.581244 1354.746445 0.447111 4010.586011
17 0.622837 -296828.719723 0.467128 302434.256055
10 0.424570 -88444.387959 0.212285 90142.667561
14 0.156987 -4847794.842458 0.287118 4851240.258007
8 0.168295 2247.666750 0.448785 1028.466483
15 0.212838 -1861922.516110 0.567567 1868733.319546
6 0.252092 -32213.367879 0.075628 33801.547565
9 0.544379 852.071006 0.378698 3692.307692
17 0.229135 -1260268.909845 0.335333 1264292.909188
15 0.302855 -702772.876274 0.605710 705135.144048
10 0.957763 1377.751338 0.749554 731.707317
11 0.114092 -648387.605819 0.183077 649559.299745
11 0.020763 -470787.884774 0.195556 472039.440329
10 0.017690 -459887.221865 0.106142 461373.216517
9 0.109800 -1680938.790659 0.094114 1682256.391583
8 0.308540 1172.451791 0.308540 802.203857
7 0.054574 -311764.527282 0.065488 312681.366206
15 1.015072 -3519.267564 0.733107 7331.425598
15 0.508110 -4010319.145366 0.324741 4012917.072065
14 0.535245 -399.838348 0.510432 6525.021546
16 0.626425 -16423.865271 0.939638 23940.966773
13 0.760860 2829.446731 0.523091 962.962963
4 0.152344 876.562500 0.316406 937.500000
3 0.112000 -2506.666667 0.048000 3082.666667
3 0.468750 577.083333 0.156250 416.666667
16 0.402832 2827.148438 0.769043 1171.875000
7 0.152806 -1935931.862946 0.130977 1937503.586816
6 0.146319 -17581.161408 0.073160 18459.076360
14 0.803571 1201.785714 0.696429 3000.000000
12 0.149849 -2740.367359 0.168580 3184.295633
10 0.602211 6402.455130 0.760688 2725.797729
16 0.175781 1458.984375 1.230469 2109.375000
13 0.670621 2632.186301 1.106524 6220.007120
5 0.081000 -219.600000 0.054000 360.000000
9 0.997230 -39.889197 0.398892 1595.567867
6 0.110592 425.216000 0.165888 1565.440000
17 0.472318 -2865.051903 0.233564 8470.588235
14 0.542936 5380.240074 1.176362 736.842105
15 0.121333 -10808.000000 0.364000 11536.000000
14 0.401786 835.714286 0.348214 1300.000000
12 0.258362 4451.211073 1.623991 1882.352941
12 0.355248 2161.937716 1.065744 608.996540
13 0.491389 5463.923182 1.220546 1283.950617
9 0.716049 -256.790123 0.172840 1155.555556
8 0.355469 -1279.687500 0.082031 1706.250000
4 0.022099 -599952.369917 0.030939 600509.271721
3 0.122449 198.979592 0.091837 278.571429
14 0.330207 1799.627416 0.566069 2644.013543
13 0.519731 274.116217 0.368841 2621.288715
13 0.001957 -1524466.648054 0.311210 1526458.391573
16 0.974121 -14673.339844 0.666504 16406.250000
10 0.275070 -14.262895 0.163005 438.074635
11 0.149389 597.555455 0.448167 298.777727
14 0.156341 -1980661.661808 0.469023 1986102.332362
14 0.235065 -33348.001148 0.302226 36974.718111
14 0.130592 564.155972 0.302226 2337.217598
6 0.195840 133.632000 0.092160 576.000000
4 0.178452 -237.235749 0.020994 398.891967
5 0.030000 -6858.000000 0.045000 7218.000000
13 0.309980 -10519.941066 0.387475 15169.638775
11 0.031144 -56753.777778 0.293333 60273.777778
14 0.155965 3567.352066 0.680576 1673.082448
14 0.227679 1904.464286 0.522321 1125.000000
12 0.475200 -95.040000 0.475200 2851.200000
10 0.459184 1316.326531 0.306122 459.183673
9 0.747922 -264.265928 0.199446 1421.052632
15 0.388579 620.615822 0.288659 880.408492
13 0.123769 -9901.487603 0.371306 12871.933884
11 0.010171 -7770.609024 0.274616 11065.998192
9 0.251932 1106.400350 0.146960 598.337950
14 0.418271 5437.517955 0.627406 2091.353059
16 0.320435 -1308502.777100 0.346069 1312655.609131
7 0.032799 -1515509.475219 0.262391 1520757.288630
7 0.124444 6346.666667 0.622222 1120.000000
13 0.641975 -2343.209877 0.106996 2557.201646
6 0.197997 -41702.321347 0.184342 43472.007283
11 0.779773 5146.502836 0.311909 467.863894
10 0.373394 -349811.529832 0.278624 353155.017797
15 0.432559 -9709.278656 0.266190 10481.229529
10 0.605733 5146.565711 1.022174 1395.348837
12 0.944606 2288.046647 0.769679 1714.285714
15 0.137458 -14336.829915 0.962203 22543.049914
11 0.570370 4840.000000 1.140741 1466.666667
10 0.458450 592.928924 0.271674 2015.143321
6 0.204825 -36608.557123 0.286755 41770.141102
11 0.278926 -157475.206612 0.278926 160822.314050
7 0.074617 99.489796 0.086097 348.214286
5 0.127500 -208.000000 0.022500 325.000000
16 0.322266 3046.875000 0.615234 1875.000000
14 0.283034 8491.033678 1.509517 3585.103109
12 0.323131 7970.556486 1.436136 3518.533944
14 0.570691 2960.859679 0.893256 4287.273772
9 0.059700 -15746.360531 0.179101 16892.606558
16 0.269165 -181078.857422 0.346069 183293.701172
3 0.376878 -9438.324989 0.049158 10224.852071
14 0.514904 -223960.966009 0.201484 226378.777318
9 0.860111 11612.742382 0.797784 2747.368421
8 0.709546 2729.900265 0.307755 2809.688581
6 0.389167 -1374.374147 0.143377 3088.757396
5 0.550000 790.000000 0.200000 250.000000
15 1.015856 -225.745767 1.015856 4627.788229
11 0.386496 -78763.869483 0.467864 84378.236213
12 0.559767 2788.338192 1.154519 1714.285714
7 0.087464 -812642.128280 0.131195 814478.862974
3 0.437500 -3250.000000 0.062500 4000.000000
3 0.124636 -303650.000000 0.137755 306129.591837
15 0.305861 -5149461.066667 0.341250 5151645.066667
13 0.416132 -2941828.840454 0.294239 2943711.968026
12 0.586178 -45619.309322 0.131890 46674.429872
15 0.352496 -17458.659535 0.324741 21355.549583
9 0.010497 1805.511007 0.587841 2074.238227
4 0.037037 214.814815 0.074074 644.444444
11 0.540643 1260.113422 0.415879 3730.434783
10 0.688241 7317.091577 0.869357 3115.197404
7 0.473700 169.178611 0.225571 2447.450572
12 0.119411 -117584.096614 0.358233 121882.895719
15 0.777158 293.099422 0.577317 2708.949207
13 0.222394 -2876333.973480 0.294239 2879158.664838
15 0.144083 -2630253.800000 0.341250 2634348.800000
14 0.174107 1671.428571 0.522321 4596.428571
12 0.701823 -240.625000 0.501302 6256.250000
16 0.414361 -4603690.367234 0.580106 4614132.276939
5 0.240000 2010.000000 0.360000 870.000000
4 0.118884 -6118.335620 0.029264 6288.065844
8 0.086204 399.804082 0.188082 333.714286
5 0.330000 120.000000 0.270000 3120.000000
15 0.843771 2606.808499 0.962195 8939.532384
15 0.655567 3802.289282 1.311134 3802.289282
17 1.298854 -207775.739319 0.887022 211235.125978
10 0.519200 4744.186047 0.876149 2790.697674
16 0.253278 -2415449.428148 0.301633 2417379.878370
16 0.273762 -2585563.038347 0.315552 2587582.572532
16 1.054688 -234.375000 0.820312 1875.000000
14 0.190331 -1003298.131037 0.190331 1005201.436550
13 1.029586 161.538462 0.585799 1615.384615
17 0.525952 -664.359862 0.415225 5647.058824
14 0.649227 -1190.249703 0.649227 8980.975030
13 0.187243 4060.493827 0.534979 2359.259259
12 0.403200 1449.600000 0.316800 2352.000000
16 0.320561 697.220135 0.560982 2556.473829
15 0.024955 -2645.262691 0.499106 5240.614764
14 1.426965 2563.820447 1.037793 2464.758387
5 0.320539 -7584.449741 0.133147 9981.096408
5 0.047500 645.000000 0.202500 3000.000000
4 0.074074 -222.222222 0.111111 2222.222222
14 0.241241 -3209279.570072 0.302226 3212180.943642
14 0.265306 4351.020408 1.591837 1857.142857
12 0.131352 654.372753 0.477644 3166.782007
5 0.045000 -27756.000000 0.135000 28620.000000
13 1.043210 1540.740741 0.641975 962.962963
6 0.528000 643.200000 0.192000 624.000000
11 0.292150 -917008.113440 0.175290 919111.595205
6 0.311040 872.640000 0.552960 6868.800000
5 0.116618 -69522.513767 0.349854 74420.472951
14 0.218172 -2495.420453 0.566069 8156.109572
16 0.601052 1602.804909 0.280491 1763.085399
10 0.544218 2993.197279 0.408163 1904.761905
10 0.675000 6255.000000 0.900000 675.000000
15 0.161778 -949456.266667 0.970667 954503.733333
6 0.072476 -383.967648 0.009453 475.193446
5 0.229500 -33678.000000 0.040500 34272.000000
11 0.430155 482.070447 0.266993 906.292440
8 0.020152 -755145.226822 0.120910 756354.323032
10 0.000000 3372.992267 0.481856 481.856038
10 0.680272 10632.653061 1.224490 1428.571429
10 0.663265 -821.428571 0.153061 2596.938776
6 0.414571 -5764.974851 0.243865 8691.358025
6 0.292638 -34736.168267 0.073160 35906.721536
3 0.177778 -2389.333333 0.035556 2816.000000
8 0.095042 -3428.148609 0.135774 4134.174639
14 0.266350 714.149822 0.216409 1882.758621
12 0.181761 577.596070 0.807827 2572.927947
15 0.571667 4648.000000 1.061667 933.333333
11 0.184352 38.777535 0.114426 298.777727
11 0.354996 -36724.267468 0.202855 38347.107438
10 0.074710 838.114883 0.217339 292.049757
7 0.077494 -260787.814179 0.464964 265127.475501
15 0.080923 -1466664.623761 0.309280 1468644.013509
13 0.419514 -942893.525705 0.311210 944885.269225
5 0.000000 4230.000000 0.450000 1170.000000
4 0.421875 4331.250000 0.421875 731.250000
13 0.292349 764.507614 0.207473 833.036668
15 1.260000 5275.666667 0.606667 700.000000
12 0.502884 585.005767 0.202999 470.588235
11 0.227273 5022.727273 0.681818 227.272727
8 0.151510 -19.853061 0.031347 182.857143
8 0.273560 1497.740688 0.307755 871.972318
5 0.129090 -16117.751520 0.073765 17445.529677
4 0.312757 -24803.292181 0.032922 25395.884774
12 0.231128 1306.659640 0.538551 3001.749271
7 0.287778 -4987.555556 0.210000 7507.555556
3 0.251252 290.578061 0.174784 1107.692308
15 0.104500 -1353457.222042 0.294785 1356994.637008
10 1.171921 938.726948 0.535396 731.707317
15 0.237595 -1100195.899171 0.294785 1102082.520486
15 0.126751 1491.402364 0.324741 586.938995
12 0.390450 -315.052402 0.269276 1715.285298
12 0.365234 275.000000 0.322266 1787.500000
10 0.294314 -313.330902 0.289786 1168.199027
6 0.060966 -2657.318498 0.048773 3001.981405
5 0.093910 -3175.203062 0.054031 3520.999425
4 0.095027 -1957.885529 0.009945 2036.448462
5 0.184105 -263.006493 0.118353 1209.829868
16 0.597597 -7640.698500 0.832367 14299.631271
12 0.076389 152.777778 0.381944 5500.000000
12 0.315104 -1947.916667 0.143229 3666.666667
12 0.295016 -10226.505909 0.331893 10890.291065
5 0.067500 -71891.000000 0.135000 73511.000000
4 0.094474 -12064.732468 0.062983 12820.527774
17 0.238144 -11826.582536 0.384694 13826.989619
16 0.499878 -3066865.806580 0.666504 3074863.853455
4 0.248273 -29404.820345 0.015517 29632.403827
16 0.875052 -28329.810535 0.554911 30493.963686
12 0.343750 1787.500000 0.572917 1191.666667
11 0.537190 752.066116 0.371901 1181.818182
4 0.206894 -16833.361670 0.027586 17109.220436
15 0.162130 861.401094 0.274915 568.158169
12 0.572917 592.013889 0.572917 1145.833333
13 0.326612 3107.107438 0.618843 1843.636364
12 0.101499 2760.784314 0.608997 2111.188005
11 0.099593 3874.151200 0.597555 906.292440
8 0.171981 -28773.276182 0.135774 31760.309383
4 0.048850 165.112966 0.117240 215.916955
9 1.086420 -12325.925926 0.691358 20622.222222
12 0.466330 -93590.323200 0.547430 100159.488000
11 0.466979 -90356.280888 0.509432 96469.466590
3 0.234866 -887.027765 0.049158 1476.923077
15 0.424667 -17378.977778 0.182000 18665.111111
12 0.356790 -53.855111 0.302935 659.725115
12 0.229167 -4938.541667 1.145833 16225.000000
9 0.146960 -40142.528065 0.734801 47064.353404
5 0.120000 -117048.000000 0.090000 118128.000000
3 0.157434 -586.005831 0.026239 795.918367
13 0.169751 2236.939218 0.829893 999.644001
14 1.520773 -223546.465015 0.469023 229174.744898
10 0.562500 -35100.000000 1.012500 44550.000000
9 0.333333 -18222.222222 0.833333 26222.222222
8 0.164062 -4593.750000 0.820312 12468.750000
11 0.004520 1838.004438 0.203419 603.024575
15 0.322499 1624.590577 0.524061 1100.529101
15 0.925556 342.222222 0.707778 6533.333333
13 0.195266 -127306.508876 0.683432 133945.562130
12 0.190972 -69878.472222 0.668403 76371.527778
3 0.010933 -15848.396501 0.059038 16793.002915
5 0.044426 -14007.496876 0.033319 14180.758017
16 0.568419 -6694205.298667 0.315552 6697991.925263
13 0.399408 -7732.544379 0.292899 10661.538462
11 0.228733 4647.448015 0.727788 956.521739
14 0.253721 -259.690844 0.179097 1298.454221
11 0.873346 6570.888469 1.039698 1434.782609
10 1.088435 4857.142857 0.816327 1428.571429
3 0.016000 464.533333 0.064000 120.000000
14 0.247655 -39851.251397 0.318414 44945.871604
15 0.518105 1091.166221 0.384878 1930.126310
17 0.299694 -416658.716914 0.335333 418804.849897
13 0.216595 -4010.102479 0.278479 5792.370248
16 0.881195 -16074.279785 1.374664 21922.851562
13 0.213992 5649.382716 1.711934 14893.827160
9 0.002843 1352.638541 0.417902 820.452885
15 0.317460 2063.492063 0.634921 1238.095238
13 0.489917 2202.049587 0.928264 1418.181818
5 0.515864 -123975.428904 0.046312 126198.405523
7 0.285035 -2738437.876883 0.114014 2740262.102333
2 0.098765 434.567901 0.148148 1343.209877
7 0.030016 -622.686436 0.054574 998.153805
13 0.084875 2238.825339 0.414947 499.822001
13 0.079882 2380.473373 0.439349 519.230769
7 0.038265 163.010204 0.229592 514.285714
6 0.293760 635.136000 0.138240 249.600000
3 0.327988 -3468.804665 0.039359 4334.693878
15 0.473211 -550036.869555 0.681423 555488.256726
14 0.754759 -748421.882037 0.377379 751440.916233
13 0.666429 3021.146315 0.666429 2310.288359
12 0.219908 3562.515618 0.659725 1715.285298
9 0.368152 809.934259 0.368152 1104.455807
2 0.074074 1037.037037 0.222222 385.185185
8 0.044781 -41788.072303 0.026869 42003.022741
7 0.029106 -9297.462646 0.021829 9472.098631
5 0.090158 -102441.773103 0.270473 106769.346356
14 0.626840 -12250.243962 0.805937 19745.459018
15 0.325666 3542.358171 0.577317 902.983069
11 0.162963 2574.814815 0.651852 814.814815
13 0.559417 -8772.671849 0.127140 10298.353909
12 0.162202 -11063.669760 0.091238 11962.368000
11 0.094949 -2967.759573 0.019477 3318.339867
6 1.166667 1600.000000 0.833333 3900.000000
6 0.252617 -38696.404188 0.184342 42014.565316
4 0.421875 -393.750000 0.140625 1125.000000
16 0.234909 -54945.313792 0.822183 57082.989531
9 0.232347 -1165944.977833 0.116174 1167339.060838
7 0.093333 -298.666667 0.186667 933.333333
5 0.021870 -1592.618666 0.007719 1716.117367
16 0.201874 -73943.237305 0.874786 84440.673828
11 0.339039 1869.797636 0.457702 2310.547759
8 0.478730 -593.853043 0.102585 1530.795848
5 0.518303 -30011.199037 0.207321 31906.705539
4 0.450569 -17672.432083 0.096551 18555.180134
12 0.343750 -366.666667 0.458333 4950.000000
13 0.252491 -7856.321662 0.058719 8271.268228
12 0.250906 -7399.941120 0.034214 7577.856000
11 0.114106 -69026.483847 0.038035 69224.267468
10 0.106313 -48095.775000 0.035438 48280.050000
9 0.097222 -41287.037037 0.032407 41455.555556
8 0.057678 -36441.101074 0.028839 36591.064453
8 0.558518 1345.003053 0.410340 1937.716263
8 0.149595 2070.590200 0.448785 1519.692796
7 0.842101 -1555.389725 0.206651 4035.196195
6 0.027435 685.871056 0.219479 1069.958848
9 0.007251 -4846513.599497 0.247995 4849489.543512
6 0.036580 -1571068.129858 0.073160 1571946.044810
14 0.530612 1326.530612 0.397959 1857.142857
4 0.082758 -483188.697453 0.010345 483312.833898
13 0.223471 4613.818182 0.721983 945.454545
12 0.049755 -4903.815275 0.268675 6623.334916
11 1.068182 22.727273 0.681818 3500.000000
16 0.237122 -25993.652344 0.583191 31992.187500
4 0.781600 -15832.281702 0.381030 19349.480969
10 0.325000 4200.000000 0.675000 3900.000000
8 0.056098 243.092078 0.149595 534.802571
13 0.337278 2886.390533 0.585799 1800.000000
12 0.520599 -359.034076 0.359034 1759.266972
2 1.209877 -7703.703704 0.345679 12444.444444
13 0.166438 1792.775492 0.261545 1241.152263
9 0.719247 772.408347 0.437802 1504.163623
8 0.719927 668.503214 0.411387 1470.707071
6 0.256031 -5441.169777 0.409650 9652.366864
12 0.119358 -30392.361111 0.644531 38986.111111
7 0.512755 -8595.918367 0.344388 12728.571429
14 0.729592 11328.571429 1.591837 928.571429
3 0.244898 2583.673469 0.612245 2485.714286
2 0.560000 560.000000 0.240000 2320.000000
12 0.633600 6006.528000 0.633600 2787.840000
11 0.714227 2509.513438 0.325471 2510.869565
6 0.109739 1477.823503 0.219479 658.436214
11 0.065006 -8146256.726141 0.274616 8151199.809892
11 1.159091 1431.818182 0.340909 1500.000000
7 0.536667 -128915.111111 0.210000 132695.111111
7 0.234204 -4367.214728 0.464964 11186.682521
3 0.085333 -187.733333 0.021333 352.000000
14 0.310249 787.688520 0.672207 982.456140
14 0.635586 -16992.991494 0.873931 19265.211968
17 0.629758 67.820069 0.311419 2776.470588
3 0.133333 -405.333333 0.240000 1941.333333
15 0.433359 5126.732174 1.048123 952.380952
15 0.423280 -2428.571429 0.687831 5111.111111
13 0.641281 1863.487308 0.691578 1732.716269
11 0.199185 159.348121 0.398370 1394.296062
10 0.202500 4725.000000 0.810000 1755.000000
16 0.322266 2862.304688 0.615234 1875.000000
13 0.359467 3115.384615 1.025148 692.307692
13 0.249657 1883.127572 0.392318 2824.691358
14 0.246259 3537.168396 0.402969 1298.454221
12 1.224960 1875.456000 0.887040 3801.600000
16 0.447447 7483.543013 1.370305 3635.502959
5 0.721262 -16940.646131 0.270473 22214.876033
10 0.340136 5442.176871 0.612245 1904.761905
15 0.458893 7123.204145 1.347073 1805.966138
7 0.093333 1110.666667 0.373333 466.666667
15 0.326667 1432.666667 0.606667 933.333333
10 0.204082 591.836735 0.408163 1775.510204
7 0.270783 -19104.782965 0.142518 20005.494280
6 0.130208 -1153.645833 0.078125 1458.333333
15 1.505637 -2274.388415 1.464045 14093.222474
13 0.670621 -365.488289 1.106524 8885.724457
12 0.337920 2213.376000 0.506880 1689.600000
9 0.043508 -780750.117019 0.139225 781822.152991
6 0.042541 -407350.232835 0.056721 408711.529708
15 0.113571 -654537.893653 0.681423 659887.067315
13 0.047554 6085.688157 0.915409 962.962963
6 0.034722 -9694.444444 0.104167 10944.444444
5 0.233591 -23997.677754 0.036883 24440.270473
5 0.066000 -8808.000000 0.054000 9456.000000
4 0.054870 -2927.846365 0.010974 3055.144033
16 1.034720 1708.686391 0.783031 2363.076923
10 0.544218 3306.122449 0.408163 1428.571429
15 0.432988 -2309.268177 0.288659 2886.585221
11 0.099593 139.429606 0.597555 1593.481213
10 0.459184 428.571429 0.306122 459.183673
12 1.083333 2766.666667 0.916667 2000.000000
14 0.389913 4359.230496 1.701440 2718.758977
13 0.300826 7163.107438 2.062810 1418.181818
9 0.172840 -3063256.790124 0.172840 3066022.222222
16 0.439453 3714.843750 1.435547 12937.500000
15 0.648518 11444.933033 1.099661 1311.134235
13 0.578790 -9039077.918339 0.196159 9042608.782537
8 0.030762 -9185.449219 0.276855 10625.097656
3 0.393264 -3526.263086 0.032772 3919.526627
15 0.364000 -128813.200000 0.364000 131616.000000
16 0.319188 380.472332 0.536236 1710.848741
12 0.870658 -1780.360224 0.448793 5343.773428
3 0.002731 -771.233500 0.008193 836.777424
7 0.074667 -93109.333333 0.149333 94901.333333
6 0.014180 -66181.716326 0.085081 67202.688981
5 0.018441 -523768.321836 0.036883 524432.210915
13 0.320988 3017.283951 0.641975 1925.925926
10 0.765306 -2642.857143 0.306122 5000.000000
9 0.313272 -3975.308642 0.291667 5841.975309
6 0.080640 952.704000 0.207360 374.400000
5 0.097182 765.792031 0.174927 353.741497
14 0.471724 5972.027020 1.320827 896.275777
15 1.031746 -44.973545 0.634921 2500.000000
8 0.883546 -1977.460556 0.504884 6016.528926
8 0.211914 2439.062500 0.553711 1990.625000
7 0.233418 2182.653061 0.516582 1950.000000
10 0.146025 204.434830 0.438075 671.714440
5 0.116618 25.915128 0.155491 580.498866
16 0.153809 -7198.242188 0.666504 10664.062500
14 0.761163 1495.461069 0.537291 1298.454221
3 0.458807 -25.125171 0.038234 213.017751
2 0.296296 -1777.777778 0.148148 3555.555556
8 0.154122 1588.244898 0.211592 950.857143
15 0.221718 5549.676661 1.048123 4232.804233
9 0.537037 -192.592593 0.129630 866.666667
13 0.133076 836.599340 0.311210 1155.144179
9 0.267678 2100.481120 0.330660 1735.180055
13 0.169751 74.816123 0.829893 6564.328943
5 0.428249 -155.522164 0.067618 966.942149
13 0.665752 -602.347203 1.046182 5135.802469
8 0.261791 -41516.387011 0.785374 44579.347191
12 0.250651 -963917.968750 0.322266 965980.468750
6 0.034137 -62749.203459 0.184342 67173.418298
5 0.056349 -20429.752066 0.101427 22864.012021
13 0.188612 3351.007879 0.922103 1443.930224
13 0.240036 -14754.716754 0.420063 18103.219835
13 0.044802 -6996804.023777 0.294239 6999628.715135
14 1.037793 -12604.467771 0.754759 18642.536165
14 0.265306 3243.367347 0.895408 696.428571
13 0.665680 1862.130178 0.488166 461.538462
9 0.232042 -2499.861112 0.208838 5005.919230
14 0.247655 -226.427565 0.424552 1344.413666
11 0.205188 -40517.683256 0.283018 43670.502178
10 0.275070 278.239652 0.163005 632.774473
9 0.349568 -188.013958 0.076468 615.384615
5 0.113422 -15069.121394 0.044382 15601.709542
10 0.366760 -2454.123536 0.217339 5062.195782
7 0.063138 624.489796 0.258291 1028.571429
6 0.191170 390.532544 0.163860 461.538462
6 0.261120 139.776000 0.122880 499.200000
5 0.429673 -7121.758427 0.102916 8521.410372
5 0.058309 -2721.088435 0.174927 3840.621963
13 0.621171 -21741.197988 0.294239 25272.062186
11 0.276528 -16840.873410 0.257457 19930.362251
11 0.058110 -59694.731405 0.313791 63460.227273
6 0.046080 -52826.112000 0.138240 53710.848000
10 0.334125 -2882.587500 0.070875 3159.000000
8 0.084595 -649.841309 0.038452 799.804688
16 0.357491 -74474.985287 1.072472 83054.764050
11 0.069927 445.623802 0.228851 2300.588502
11 0.260741 3487.407407 0.391111 423.703704
9 0.048406 -4030.255245 0.309796 7128.217480
8 0.064598 -10238.766326 0.271991 12958.677686
12 0.193359 300.781250 0.322266 343.750000
11 0.054170 -208089.291493 0.257457 209737.018875
10 0.003159 -146623.605761 0.244507 148188.449108
3 0.640000 1120.000000 0.160000 800.000000
2 0.060000 -792.000000 0.120000 2232.000000
15 0.425675 -72427.559308 0.425675 74087.692646
9 0.299169 129.639889 0.299169 1795.013850
11 1.081285 3534.971645 0.831758 2869.565217
16 1.307373 -118586.425781 0.333252 122452.148438
7 0.004100 -2879408.345481 0.258291 2884057.580175
4 0.074074 -444.444444 0.222222 4444.444444
12 0.083333 2204.166667 0.916667 500.000000
15 0.399285 -1402162.313485 0.931665 1407006.970690
11 0.423268 2250.792214 0.746944 468.085106
3 0.163860 405.279927 0.049158 184.615385
12 0.635417 -117.708333 0.114583 1000.000000
13 0.192308 2650.000000 0.807692 500.000000
15 0.528889 3372.444444 0.404444 1400.000000
15 0.478710 1133.282943 0.262031 962.962963
10 0.100421 -383232.264334 0.262391 384911.564626
10 0.137250 -481003.850000 0.303750 482947.850000
6 0.047792 97.633136 0.040965 115.384615
6 0.065280 34.944000 0.030720 124.800000
5 0.045000 -485746.800000 0.009000 485854.800000
10 0.034014 1482.993197 0.272109 612.244898
9 0.690285 3056.975895 0.525931 1897.297297
12 0.332180 3036.678201 0.608997 1835.294118
8 0.548571 1142.857143 0.365714 1782.857143
4 0.454877 419.886281 0.209943 398.891967
14 0.358194 -128625.101480 1.074583 141520.095125
9 0.308486 -698.537633 0.167314 1359.429525
16 0.312137 -48360.499250 0.416183 49192.865846
12 1.348958 -2604.166667 0.401042 6500.000000
15 1.085563 11884.797422 1.099661 1311.134235
5 0.037566 181.818182 0.045079 165.289256
7 0.185985 -2950.969699 0.413301 7910.582640
7 0.200893 -337660.714286 0.258291 343859.693878
6 0.143377 -240988.620847 0.184342 245412.835685
6 0.303360 -20305.920000 0.368640 24729.600000
6 0.260417 -76541.666667 0.364583 80916.666667
5 0.330000 -240.000000 0.270000 3480.000000
4 0.011719 -50503.125000 0.175781 52612.500000
13 0.674556 1988.165680 1.171598 7384.615385
8 0.322426 -7381.756268 0.053738 7661.191837
16 0.480652 -15788.452148 0.749817 19687.500000
14 0.070759 160.386192 0.377379 2330.317021
15 1.294222 -165196.011111 0.323556 167687.388889
12 0.879267 -57711.429414 0.197835 58759.955461
4 0.082305 -7856.790123 0.016461 8047.736626
3 0.122895 -130758.488848 0.073737 131643.331816
13 0.146450 -4979.289941 0.439349 5857.988166
7 0.233373 -15287.864371 0.128266 15788.101193
9 0.355030 2144.378698 0.568047 2400.000000
3 0.160000 1840.000000 0.240000 1040.000000
14 0.165103 889.199916 0.283034 582.579255
10 0.087464 -1546077.745384 0.262391 1547757.045675
9 0.041145 -1337741.254887 0.268651 1339460.623927
3 0.327720 -4266.363223 0.098316 5446.153846
11 0.149389 1464.010865 1.195111 1643.277501
8 0.273560 913.006310 0.307755 871.972318
4 0.188581 -29251.337850 0.035359 29887.797055
11 0.373728 -28846.617284 0.278123 32184.098765
9 0.000000 2953.846154 1.704142 3692.307692
16 0.851041 -9254.609309 0.936412 16954.000326
13 0.347737 213.991770 0.294239 1669.135802
15 0.161778 -11453.866667 0.647111 16177.777778
3 0.895767 -21660.081930 0.098316 23233.136095
7 0.213776 -2519972.209065 0.128266 2522024.462696
4 0.024425 -1281.823733 0.131895 2125.951557
14 0.474204 -7407268.015998 0.287118 7410713.431546
14 0.701172 -6378451.129476 0.318414 6382272.094631
9 1.205378 -4665.721675 0.477603 8414.901388
13 0.071006 -475.739645 0.390533 3600.000000
12 0.280967 1607.835155 0.674321 1898.636271
11 0.084523 -452945.905334 0.152141 454163.035312
10 0.086625 -423529.350000 0.126000 424537.350000
15 0.266190 -439864.809416 0.798570 441941.091075
14 0.635586 -40357.237556 0.873931 45710.064635
7 0.062222 -181868.444444 0.373333 185601.777778
12 0.633600 2479.488000 0.422400 950.400000
8 0.140245 402.036898 0.168295 473.094582
5 1.141998 -9965.815177 0.676183 26194.214876
4 0.740741 -17855.555556 0.370370 26744.444444
12 0.253440 5544.000000 0.380160 158.400000
7 0.028196 -31044.275117 0.063442 31805.578866
3 0.048000 -18304.000000 0.016000 18645.333333
16 0.906637 -232048.023435 0.589314 239119.792971
7 0.107143 1757.142857 0.535714 1028.571429
3 0.131088 -22756.850250 0.032772 23150.113792
9 0.432099 -33889.506173 0.216049 35894.444444
9 0.658951 -13075542.592593 0.291667 13080792.592593
4 0.210938 -1406.250000 0.210938 3937.500000
15 0.299464 -6268.773471 0.399285 7825.984715
11 0.380353 -5528718.726521 0.228212 5533282.963937
16 1.230478 1971.561220 0.587274 2726.627219
10 0.023625 -184073.625000 0.779625 186837.750000
7 0.124837 -8351.010968 0.065488 8742.304723
16 1.034720 -9125.112426 0.783031 12178.934911
16 1.017941 -1712626.497952 0.704728 1716291.084934
4 0.571545 -1184.123753 0.175860 2591.003460
3 0.124260 3912.426036 0.568047 1200.000000
16 0.703125 7171.875000 1.406250 3656.250000
10 0.274412 -4872467.876896 0.244507 4875401.958172
8 0.057327 -5658.667880 0.045258 5833.665785
6 0.208333 708.333333 0.208333 958.333333
15 0.324259 3359.605250 0.549830 874.089490
15 1.011111 -52759.777778 0.606667 57431.111111
14 0.537291 -3950.436672 0.716389 6744.351962
14 1.037793 -1452.910207 0.754759 5377.654663
15 0.199642 -235932.764640 0.399285 237489.975885
13 0.243100 4719.493273 0.645472 444.286223
12 0.323131 2854.320904 1.436136 879.633486
5 0.155491 -209607.385811 0.414642 214583.090379
15 0.054590 -16446.796002 0.294785 19984.210968
3 0.035503 3763.313609 0.319527 71.005917
13 0.060024 -54.282318 0.078292 359.620358
16 0.308540 5121.763085 0.661157 2812.121212
15 0.234131 3795.265349 0.491675 2104.838710
14 0.266350 1196.908442 0.216409 1400.000000
7 0.030998 27.553405 0.068884 799.048751
11 0.336066 -19247.249383 0.185416 19970.370370
15 0.124155 -18773.775041 0.425675 23711.607532
13 0.130773 -1216.186557 0.915409 6277.091907
12 0.608997 4648.673587 0.811995 1847.289504
14 0.459931 -5144.151237 0.212276 7125.392428
7 0.285867 1159.309525 0.413301 5453.507729
15 0.925556 -693.000000 0.707778 3453.333333
8 0.051270 -20704.687500 0.276855 23362.500000
7 0.380047 -1459539.979160 0.228028 1462276.317334
6 0.235930 -28291.891200 0.132710 29884.416000
16 0.548122 -2019267.175239 2.192488 2045577.030496
9 0.411357 882.548476 0.299169 1421.052632
9 0.392316 -176.258070 0.238801 1640.905771
8 0.512925 -400.081417 0.068390 755.709343
3 0.376093 -629.737609 0.052478 2204.081633
6 0.080354 -6464.129407 0.042541 7229.858898
10 0.168750 1856.250000 1.181250 506.250000
4 0.162061 -5653.584610 0.061878 6494.241143
11 0.325926 2053.333333 0.651852 488.888889
10 0.774271 -84.219000 0.978027 2920.497566
14 0.290179 -2321.428571 0.522321 6500.000000
12 0.043276 -376036.765536 0.302935 377975.549546
11 0.123852 -237949.274074 0.293333 239826.607407
13 0.772189 -118.491124 0.439349 1817.307692
14 0.424552 -11094.950673 0.424552 14491.364144
11 0.103970 249.527410 0.311909 3493.383743
13 0.879744 3927.937814 1.046182 2139.917695
5 0.192512 -5862.742376 0.118469 6561.710398
15 0.855556 7155.555556 1.011111 933.333333
11 0.061026 -22555.108079 0.183077 24752.034191
8 0.131248 -3870191.568588 0.230816 3874346.260222
15 1.141956 3863.616528 0.824746 5703.433923
13 0.075445 -2460.339744 0.368841 6886.436454
12 0.520599 -10674.083078 0.359034 13546.355685
9 0.083657 -37360.932740 0.167314 38013.458913
17 0.875433 11474.048443 1.712803 2352.941176
15 0.400000 1945.000000 0.350000 750.000000
11 0.162963 325.925926 0.488889 651.851852
10 0.056250 -2952.000000 0.303750 4896.000000
15 0.202222 -45377.333333 1.617778 58319.555556
14 0.389172 4237.261668 2.075586 4593.413358
13 0.380430 2070.964792 0.261545 962.962963
6 0.815923 -924.057600 0.044237 1277.952000
4 0.126435 -120.458328 0.010345 203.215958
13 0.701183 4082.840237 0.683432 1384.615385
8 0.147079 -79017.102051 0.129776 80574.414062
15 0.325666 445.570334 0.577317 1805.966138
14 0.245171 -991.877733 0.351767 2029.591837
11 0.249527 17092.627599 1.663516 2869.565217
3 0.104167 -14438.888889 0.062500 15188.888889
13 1.310700 -1423.045267 0.374486 3370.370370
13 0.692308 3392.307692 1.384615 692.307692
9 0.245255 -35276.754132 0.232347 38064.920143
9 0.361429 -11178.480397 0.116174 12417.665291
8 0.171981 -22067.839226 0.135774 23697.130063
5 0.038873 -43319.727891 0.233236 47051.506317
7 0.093333 392.000000 0.093333 728.000000
15 0.728000 -2284849.600000 0.728000 2289072.000000
9 0.177772 -5235.895102 0.094114 6729.176149
6 0.072476 -5431.322433 0.009453 5571.233500
14 0.292435 3707.720848 1.276080 2927.894283
6 0.396281 -894.985520 0.097546 1646.090535
12 1.203125 -2348.958333 0.687500 3723.958333
16 0.856377 -63808.903137 1.109822 66028.547394
16 0.367309 -29234.159780 2.056933 53917.355372
15 0.387701 -17392.266121 2.016045 41584.807492
12 0.114583 -6519.791667 1.718750 25082.291667
7 0.065488 -321007.695548 0.130977 323103.327374
4 0.099723 -718.005540 0.199446 3111.357341
3 0.493333 -1840.000000 0.106667 3120.000000
9 0.083657 -8274.388152 0.501943 9278.274570
6 0.061447 -61289.030496 0.184342 64607.191625
17 1.051903 -57757.785467 0.830450 72705.882353
17 0.311034 -184958.333615 0.483830 191409.404309
14 0.253774 -194678.543191 1.015096 199957.043815
13 0.252959 1384.615385 0.439349 900.000000
10 0.978027 2593.582955 0.579572 3115.197404
9 0.971021 2326.566530 0.543772 3029.585799
11 0.000000 4262.562245 1.195111 398.370303
13 0.145303 -6149433.961625 0.290606 6154664.871547
12 0.443520 -5892.480000 0.190080 10074.240000
5 0.033000 -602.700000 0.027000 708.000000
14 0.241241 -613613.691305 0.302226 616031.502614
12 0.248264 -2413.888889 0.095486 3941.666667
12 0.312500 3300.000000 0.687500 7700.000000
8 0.072413 -10100.219107 0.201147 11693.303481
10 0.157500 -12783.750000 0.472500 14626.500000
9 0.151235 -1208966.666667 0.194444 1212466.666667
13 0.198339 -6066.049053 0.078292 6473.166439
11 0.189858 387.852388 0.122051 1809.073724
9 0.137775 -114090.800408 0.110220 116074.763085
6 0.176947 -1064485.329920 0.176947 1066254.801920
16 0.233742 14385.174055 1.308957 1322.314050
15 1.325232 6714.276124 0.641469 983.350676
14 0.268646 1074.582804 0.626840 6447.496822
8 0.113145 -200973.024748 0.067887 201787.670167
9 0.092817 -4715.682047 0.017403 4849.686543
5 0.050000 2100.000000 0.450000 6000.000000
7 0.018667 -1.244444 0.074667 217.777778
4 0.167955 -19090.829567 0.125966 20602.420178
12 1.267200 -1224.960000 0.633600 4899.840000
12 0.059679 -19784.722222 0.322266 21847.222222
7 0.480749 1101.352758 0.393340 2045.369407
9 0.398892 114.681440 0.199446 1421.052632
8 0.022797 51.862406 0.025646 96.885813
15 0.485333 -269057.244444 1.132444 273263.466667
3 0.042667 -14714.311111 0.042667 15396.977778
13 0.270369 -4832.840237 0.168980 5711.538462
4 0.190515 -1750.783635 0.058620 2125.951557
12 0.129142 -1826056.797451 0.134638 1827672.450792
11 0.113208 -5253.835240 0.058430 5721.275633
13 0.175939 -501193.459258 0.311210 503185.202778
12 0.068486 -494934.687085 0.268675 496654.206726
9 0.042482 -5247.397967 0.229404 6715.581854
9 0.172840 -8477.777778 0.345679 10154.320988
4 0.193101 -7557.840543 0.041379 7773.010381
7 0.024109 190.118496 0.275534 3116.290131
4 0.066482 -2659.279778 0.199446 5850.415512
5 0.400000 2800.000000 0.600000 2000.000000
3 0.147474 -4432.954028 0.349568 7753.846154
14 0.463448 -7317.185514 0.291310 8453.295751
15 0.121333 -24234.666667 0.970667 26758.400000
3 0.003556 -3768.888889 0.032000 4152.888889
4 0.272926 -562.647616 0.125966 2074.238227
11 0.467440 -1140.271669 0.623254 5939.326362
15 0.323556 -12723.822222 0.485333 15247.555556
11 0.506287 -2484.425084 0.325471 4990.548204
6 0.022118 -1515.965440 0.066355 2312.227840
4 0.622837 -4017.993080 0.083045 4682.352941
15 0.295624 -920.131015 1.397497 6370.370370
14 0.000000 -43080.455159 0.510432 51247.366089
6 0.572917 -6736.111111 0.156250 9027.777778
5 0.661157 1000.000000 0.247934 909.090909
5 0.796890 -1254.940071 0.155491 2063.492063
9 0.211757 -14984.307272 0.141172 15626.637723
15 0.628863 5806.100511 0.846547 4352.459016
16 0.499878 -4967603.507996 0.499878 4970202.873230
14 1.061764 1364.205688 0.836541 1898.305085
16 0.193109 524.904992 0.983100 4587.213188
10 0.151433 4508.382910 0.778799 4837.209302
6 0.143770 -3263.569920 0.132710 3953.664000
5 0.261002 -3017.631542 0.049979 3234.207969
3 0.034985 233.527697 0.026239 238.775510
2 0.413223 -2267.768595 0.132231 3854.545455
4 0.102585 -9136.902096 0.146550 10895.501730
14 0.070759 1853.875686 0.377379 1165.158510
9 0.074074 1329.629630 0.259259 666.666667
16 0.320435 -10191.101074 0.499878 12140.625000
3 0.750000 -4700.000000 0.250000 7700.000000
16 0.320435 -17790.527344 0.499878 23789.062500
3 0.647111 -938.666667 0.099556 2474.666667
3 0.349854 -693.586006 0.078717 1953.061224
15 0.147812 1031.997984 0.698749 1693.121693
7 0.084184 -12378.061224 0.344388 16510.714286
6 0.291667 1300.000000 0.208333 1200.000000
5 0.371901 -3371.900826 0.082645 4363.636364
12 0.811995 4059.976932 1.217993 10555.940023
11 1.075600 3386.147578 0.796741 1872.340426
8 0.130896 7479.756240 0.897571 3291.092746
5 0.077745 207.321024 0.103661 1451.247166
17 1.017454 -27568692.652146 0.350346 27572896.804395
16 0.678915 -4491668.844721 0.315552 4495455.471317
16 0.208092 -3068722.764158 0.624275 3073716.963736
16 0.321602 1381.491124 0.587274 908.875740
15 0.234131 765.608741 0.491675 725.806452
4 0.234375 3093.750000 0.421875 1968.750000
11 1.081285 4100.567108 0.831758 5547.826087
15 0.012639 -50884.166667 0.341250 57026.666667
9 0.188229 -21393.760723 0.094114 21671.398060
9 0.098612 532.505478 0.631118 729.729730
8 0.188082 -18402.444315 0.053738 18560.970262
16 0.322266 1461.914062 0.615234 937.500000
16 0.133567 7354.203189 0.747976 1322.314050
13 0.441629 -5391709.588580 0.278479 5394382.990233
14 0.559630 3551.785714 1.007334 522.321429
12 0.463596 -25624.214269 0.252871 28658.660696
11 0.219113 -2834014.942780 0.175290 2836118.424545
11 1.289225 3747.069943 0.623819 1243.478261
17 0.238754 -2723.875433 0.467128 8329.411765
15 0.028196 7911.919707 1.282938 1966.701353
14 0.149822 7825.683710 1.298454 2172.413793
11 0.253197 -14326.642254 0.051938 14726.563478
16 0.302959 810.414201 0.681657 984.615385
10 0.166568 703.747769 0.321237 243.902439
3 0.286755 -383.431953 0.032772 553.846154
16 0.644531 3861.328125 1.230469 937.500000
16 0.179443 -41200.195312 0.230713 43968.750000
11 0.158045 -5097306.299735 0.257457 5100395.788577
6 0.151255 -200643.534890 0.151255 202458.597388
4 0.136463 -420.935997 0.062983 1176.731302
10 0.393750 -2047.500000 0.506250 4021.875000
13 0.582533 7772.656607 0.915409 962.962963
11 0.217284 2042.469136 0.434568 1303.703704
10 0.048591 -2228880.466472 0.262391 2233603.498542
16 0.497934 746.900383 0.357491 1112.051682
12 0.253440 -0.000000 0.380160 5068.800000
10 0.692266 2695.511087 1.168199 1860.465116
14 1.014884 -298.495223 0.716389 1731.272295
13 0.079256 1049.352233 0.348727 641.975309
7 0.565993 1112.009512 0.399524 965.517241
11 0.454545 -340.909091 0.454545 1250.000000
16 0.974121 -292810.546875 0.666504 298142.578125
5 0.211023 -735.989634 0.022213 808.551992
3 0.037333 -10555.733333 0.048000 11131.733333
14 0.672207 -2240.689443 0.448138 5825.792552
12 0.219908 87.963349 0.439817 3430.570596
7 0.497778 -389541.333333 0.497778 393523.555556
5 0.236706 -75214.103723 0.078902 75845.319306
5 0.336897 -1679.300292 0.025915 1886.621315
5 0.503000 -4929.727953 0.177529 7296.786389
14 0.649227 -98196.498421 0.335807 102226.183935
13 0.314703 2780.491278 0.666429 2550.943396
11 0.155660 -2740813.626309 0.311320 2742619.280234
10 0.113575 2858.842618 0.584100 1813.953488
15 0.212793 2558.328671 0.577317 790.110185
10 0.157500 -7830.000000 0.202500 10260.000000
13 0.121103 -1227629.836140 0.329512 1231583.978152
16 0.134583 -42472.320557 0.583191 46962.890625
11 0.443182 -618.181818 0.056818 1300.000000
14 0.173693 -28741.698420 0.229275 31493.000943
13 0.158323 160.063246 0.487149 1106.524178
7 0.149822 1967.657551 0.449465 908.917955
2 0.060000 1068.000000 0.180000 1092.000000
10 0.154408 -1252022.684155 0.188041 1254279.180723
5 0.177529 -1234.815485 0.355059 3116.626942
14 0.165816 -142.602041 0.298469 928.571429
3 0.972222 -47588.888889 0.194444 50366.666667
12 0.534722 794.444444 0.381944 1191.666667
11 0.537190 752.066116 0.371901 1181.818182
6 0.191170 -158.397815 0.163860 1420.118343
5 0.150263 -207.362885 0.180316 991.735537
13 0.019374 -57664.001084 0.678081 63398.628258
12 0.167270 -1150082.462720 0.106445 1151317.222400
12 0.184923 1654.310704 0.549771 489.795918
10 0.410470 765.020821 0.321237 487.804878
6 0.391680 -4331.520000 0.184320 6912.000000
6 0.912000 -3110.400000 0.432000 8294.400000
4 0.207612 -1735.640138 0.373702 6220.069204
14 0.744380 -518.939132 0.510432 2509.623671
13 0.577587 99.014876 0.660099 2475.371901
3 0.145833 -791.666667 0.104167 1625.000000
5 0.108000 -3837.600000 0.027000 3978.000000
2 0.540000 -1620.000000 0.060000 2340.000000
16 0.478818 -1023952.416729 0.331489 1025875.054072
13 0.081575 -609599.634561 0.278479 611381.902329
16 0.936412 -952930.112821 0.832367 955094.265972
11 0.068182 3525.000000 0.681818 975.000000
15 0.470312 7889.140842 1.222810 2539.682540
14 0.620499 3278.301016 1.344414 1964.912281
17 0.121714 1483.415066 0.335333 662.717916
15 0.199642 -760676.552808 0.798570 762752.834467
3 0.150205 49.704142 0.098316 248.520710
15 1.010979 2713.679494 0.638513 4948.474371
5 0.399563 -34473.191722 0.073765 35358.377160
5 0.432000 -30788.000000 0.108000 32084.000000
15 0.163333 633.888889 0.303333 933.333333
15 0.614864 -109717.483414 0.851350 125041.791145
13 0.106346 -368209.901272 0.311210 371944.420372
11 0.171776 168.159776 0.244103 1247.637051
16 0.560982 13912.346607 1.495951 13014.775858
17 1.128937 -463195.599300 0.645107 466937.220302
14 1.037793 -7453.240673 0.754759 8962.757772
13 0.142012 2861.538462 0.781065 1200.000000
11 0.244444 1042.962963 0.488889 244.444444
9 0.543210 1609.876543 0.345679 1155.555556
13 0.079636 11355.285235 1.475366 1332.858669
6 0.932785 -362.139918 0.219479 2995.884774
6 0.105826 2.730997 0.027310 266.272189
12 0.295680 5495.424000 0.760320 2175.360000
4 0.216797 -9168.750000 0.158203 11700.000000
9 0.784633 4468.994926 0.477603 1262.235208
14 1.459184 5415.561224 1.094388 3250.000000
15 0.486389 1761.572287 0.824746 4588.969823
12 0.079834 -609562.122240 0.285120 612299.274240
10 0.371250 216.000000 0.303750 2700.000000
16 0.392173 -7182.363304 0.546241 9866.745577
16 1.307373 -22676.513672 0.333252 24609.375000
10 0.540000 -223560.000000 0.540000 230040.000000
15 0.777158 -1554.315119 0.577317 2708.949207
5 0.144654 -2344.374127 0.157804 3606.805293
5 0.596048 -741.172660 0.310982 2358.276644
4 0.073480 -1399.271031 0.125966 2054.293629
3 0.117333 -2050.133333 0.042667 2272.000000
8 0.382002 219.651056 0.102847 315.151515
16 0.110114 1859.699590 0.685152 6362.130178
15 0.925926 -4444.444444 0.740741 13333.333333
15 0.425675 -1420311.553284 0.425675 1427973.707149
12 0.435850 -585.114323 0.477644 1826.989619
10 0.315000 -205386.900000 0.063000 205872.000000
14 0.486920 -21343.341260 1.136147 34977.110583
14 0.504155 -18345.644814 1.008310 30445.367805
11 0.099593 2071.525577 0.497963 298.777727
17 0.333554 -1243844.087116 0.350346 1247207.408915
13 0.440095 1697.508682 0.726156 999.644001
11 0.077479 -59293.388430 0.340909 63384.297521
16 0.783031 -61037.298134 1.174547 67144.943104
10 0.195750 -2869.425000 0.141750 3422.250000
9 0.058821 -1753.664087 0.094114 2120.710059
14 0.330207 2028.413601 0.566069 2330.317021
13 0.335310 1949.829725 0.553262 2310.288359
16 0.530993 -5508278.940373 0.330341 5510921.671370
10 0.630000 -2520.000000 0.270000 4680.000000
5 0.360000 -2760.000000 0.090000 4200.000000
14 0.009310 -1094754.905196 0.318414 1098575.870351
5 0.560000 -12160.000000 0.240000 16000.000000
16 0.220993 -1001889.038140 0.589314 1005307.060082
15 0.780437 7780.957336 1.638918 4838.709677
14 0.649227 -584.304400 0.973841 12270.392390
13 0.165025 907.636364 0.247537 1072.661157
11 0.108642 1477.530864 1.086420 5084.444444
16 0.576782 -22532.348633 0.807495 32222.290039
15 0.037008 5947.685543 0.618559 1475.026015
5 0.179803 -457571.135851 0.041493 458069.052660
14 0.449286 4210.531749 1.276080 1097.960356
11 0.253961 946.129470 0.448167 234.042553
11 0.351517 -1780731.786008 0.865273 1791115.061728
9 0.550296 143.195266 0.142012 230.769231
3 0.733333 197.333333 0.266667 1280.000000
12 0.286587 549.290997 0.119411 405.997693
12 0.159933 724.698042 0.329863 979.591837
11 0.552739 303.757356 0.149389 468.085106
8 0.038249 -55366.117979 0.038249 55672.108007
16 0.139477 -90579.947201 0.330341 92694.131998
12 0.802083 -229.166667 0.572917 1375.000000
16 1.307373 -14673.339844 0.333252 16406.250000
15 0.080889 -7255.733333 0.323556 8938.222222
12 0.326400 4120.320000 0.633600 1392.000000
15 0.062222 259.777778 0.404444 933.333333
9 0.461219 12939.058172 1.196676 1421.052632
9 0.615385 -42.603550 0.142012 1136.094675
8 0.629758 5615.916955 1.017301 705.882353
7 0.032066 -148275.825308 0.053444 148470.361851
16 0.469819 -287424.943832 0.626425 288677.794083
13 0.054152 -316704.297697 0.311210 318696.041217
9 0.062327 10864.819945 1.595568 1421.052632
8 0.056098 314.149762 0.149595 411.386593
7 0.092993 475.296240 0.206651 599.286564
5 0.023156 -32086.191802 0.046312 32456.687905
11 0.941374 -104327.479339 0.313791 107339.876033
8 0.615234 -2455.468750 0.369141 4375.000000
14 0.377379 -24199.445983 0.566069 28727.997279
13 0.519731 -603.558642 0.368841 3554.289783
9 0.261544 407.099283 0.159201 420.745069
8 0.336589 -22.439269 0.074798 411.386593
5 0.029588 -11823.456892 0.088765 13421.221336
5 0.033809 -13510.142750 0.101427 15335.837716
13 0.266272 415.384615 0.195266 600.000000
12 0.080566 -1019951.904297 0.161133 1022207.763672
14 0.211416 -842411.516035 0.335778 844560.495627
16 0.294657 -1374750.783568 0.883971 1385358.437872
13 0.249657 1736.899863 0.392318 1283.950617
13 0.106509 1456.508876 0.585799 1384.615385
16 0.520229 -62248.697033 0.728321 64953.888471
12 0.403200 1713.600000 0.316800 2088.000000

